13.57 4.970029172949062 0.3873150105932587 0.3873150106443319
13.56 4.970029540522813 0.38721174710116 0.3872117471523294
13.55 4.935671015928682 0.3871090057785859 0.38710900582985164
13.54 4.901313158826373 0.38700678709694414 0.3870067871483064
13.53 4.86695592432852 0.38690509153231123 0.3869050915837701
13.52 4.832599267732155 0.3868039195654358 0.3868039196169915
13.51 4.798243144517699 0.38670327168174107 0.3867032717333937
13.5 4.763887510347952 0.38660314837132753 0.3866031484230773
13.49 4.729532321067091 0.38650355012897614 0.3865035501808233
13.48 4.6951775326996845 0.3864044774541517 0.3864044775060963
13.47 4.660823101449702 0.38630593085100573 0.386305930903048
13.46 4.626468983699541 0.3862079108283803 0.3862079108805204
13.45 4.592115136009062 0.38611041789981143 0.38611041795204953
13.44 4.557761515114626 0.386013452583533 0.3860134526358691
13.43 4.523408077928138 0.38591701540248025 0.3859170154549147
13.42 4.489054781536109 0.3858211068842945 0.3858211069368275
13.41 4.454701583198714 0.38572572756132667 0.3857257276139584
13.4 4.420348440348866 0.3856308779706422 0.3856308780233727
13.39 4.385995310591288 0.38553655865402503 0.38553655870685444
13.38 4.351642151701602 0.38544277015798256 0.3854427702109112
13.37 4.317288921625422 0.3853495130337501 0.3853495130867781
13.36 4.282935578477446 0.38525678783729617 0.3852567878904236
13.35 4.248582080540572 0.3851645951293273 0.38516459518255447
13.34 4.214228386265005 0.3850729354752933 0.3850729355286202
13.33 4.179874454267382 0.38498180944539273 0.3849818094988196
13.32 4.145520243329891 0.38489121761457784 0.38489121766810497
13.31 4.1111657123994165 0.38480116056256114 0.3848011606161886
13.3 4.0768108205866715 0.3847116388738203 0.38471163892754834
13.29 4.042455527165349 0.38462265313760474 0.38462265319143346
13.28 4.008099791571277 0.38453420394794113 0.3845342040018707
13.27 3.9737435734015767 0.3844462919036397 0.38444629195767027
13.26 3.9393868324138337 0.38435891760830126 0.3843589176624331
13.25 3.9050295285252687 0.3842720816703228 0.38427208172455585
13.24 3.87067162181192 0.38418578470290426 0.38418578475723897
13.23 3.8363130725078305 0.3841000273240561 0.38410002737849247
13.22 3.8019538410042397 0.38401481015660527 0.38401481021114364
13.21 3.7675938878487827 0.38393013382820285 0.38393013388284325
13.2 3.7332331737446998 0.38384599897133087 0.38384599902607347
13.19 3.6988716595500426 0.3837624062233101 0.38376240627815505
13.18 3.6645093062768965 0.383679356226307 0.3836793562812546
13.17 3.6301460750906034 0.3835968496273419 0.3835968496823923
13.16 3.5957819273089897 0.3835148870782964 0.38351488713344967
13.15 3.561416824401606 0.3834334692359215 0.38343346929117783
13.14 3.527050727988965 0.3833525967618454 0.3833525968172051
13.13 3.4926835998417918 0.38327227032258215 0.3832722703780453
13.12 3.458315401880276 0.3831924905895395 0.3831924906451063
13.11 3.4239460961733323 0.38311325823902787 0.38311325829469844
13.1 3.3895756449378642 0.3830345739522683 0.3830345740080428
13.09 3.355204010538032 0.3829564384154021 0.38295643847128086
13.08 3.320831155484536 0.3828788523194992 0.3828788523754822
13.07 3.2864570424338893 0.38280181636056715 0.38280181641665467
13.06 3.2520816341877126 0.38272533123956076 0.38272533129575304
13.05 3.217704893692019 0.3826493976623912 0.3826493977186883
13.04 3.1833267840365203 0.3825740163399352 0.3825740163963373
13.03 3.1489472684539233 0.3824991879880454 0.3824991880445528
13.02 3.114566310319241 0.3824249133275595 0.3824249133841722
13.01 3.080183873149108 0.3823511930843103 0.3823511931410287
13.0 3.0457999206010964 0.38227802798913624 0.38227802804596034
12.99 3.0114144164730408 0.3822054187778908 0.38220541883482084
12.98 2.9770273247023677 0.3821333661914535 0.3821333662484897
12.97 2.942638609365433 0.38206187097574046 0.3820618710328829
12.96 2.908248234676853 0.3819909338817142 0.381990933938963
12.95 2.87385616498886 0.3819205556653954 0.38192055572275097
12.94 2.8394623647906396 0.38185073708787365 0.38185073714533607
12.93 2.805066798707695 0.38178147891531794 0.3817814789728873
12.92 2.7706694315011995 0.3817127819189882 0.38171278197666486
12.91 2.736270228067363 0.3816446468752474 0.38164464693303135
12.9 2.7018691534367996 0.3815770745655717 0.3815770746234633
12.89 2.6674661727739015 0.38151006577656343 0.38151006583456265
12.88 2.6330612513762164 0.38144362129996173 0.38144362135806886
12.87 2.598654354673829 0.38137774193265545 0.3813777419908707
12.86 2.564245448228752 0.3813124284766949 0.3813124285350185
12.85 2.5298344977343135 0.38124768173930407 0.381247681797736
12.84 2.4954214690145555 0.3811835025328928 0.3811835025914335
12.83 2.4610063280236343 0.3811198916750698 0.3811198917337193
12.82 2.4265890408452253 0.38105684998865524 0.38105685004741374
12.81 2.3921695736919326 0.380994378301693 0.3809943783605607
12.8 2.3577478929047064 0.3809324774474649 0.380932477506442
12.79 2.323323964952254 0.3808711482645023 0.380871148323589
12.78 2.2888977564304707 0.38081039159660063 0.38081039165579694
12.77 2.2544692340618604 0.38075020829283207 0.3807502083521384
12.76 2.2200383646949704 0.3806905992075598 0.3806905992669762
12.75 2.1856051153038254 0.38063156520045116 0.3806315652599779
12.74 2.1511694529873657 0.38057310713649173 0.3805731071961289
12.73 2.1167313449688954 0.38051522588599934 0.3805152259457472
12.72 2.0822907585955237 0.3804579223246385 0.38045792238449727
12.71 2.0478476613376224 0.3804011973334346 0.3804011973934043
12.7 2.013402020788279 0.3803450517987881 0.38034505185886913
12.69 1.9789538046627544 0.38028948661248974 0.38028948667268214
12.68 1.9445029807979526 0.3802345026717348 0.3802345027320388
12.67 1.9100495171518823 0.38018010087913856 0.38018010093955446
12.66 1.8755933818031316 0.38012628214275107 0.3801262822032788
12.65 1.8411345429503445 0.3800730473760723 0.38007304743671233
12.64 1.8066729689116952 0.3800203974980681 0.3800203975588204
12.63 1.7722086281243765 0.3799683334331852 0.37996833349405
12.62 1.7377414891440834 0.3799168561113672 0.3799168561723448
12.61 1.703271520644506 0.37986596646807064 0.37986596652916105
12.6 1.6687986914168196 0.37981566544428047 0.3798156655054841
12.59 1.6343229703691882 0.379765953986527 0.3797659540478439
12.58 1.5998443265262623 0.37971683304690157 0.379716833108332
12.57 1.5653627290286853 0.37966830358307363 0.3796683036446176
12.56 1.5308781471326014 0.37962036655830683 0.37962036661996473
12.55 1.4963905502091674 0.3795730229414763 0.3795730230032483
12.54 1.46189990774407 0.37952627370708575 0.37952627376897197
12.53 1.4274061893370453 0.37948011983528396 0.3794801198972846
12.52 1.3929093647014006 0.3794345623118829 0.3794345623739981
12.51 1.3584094036635397 0.37938960212837447 0.3793896021906045
12.5 1.3239062761624927 0.37934524028194877 0.3793452403442938
12.49 1.2893999522494541 0.37930147777551143 0.3793014778379717
12.48 1.2548904020873097 0.37925831561770185 0.3792583156802774
12.47 1.2203775959501846 0.3792157548229111 0.37921575488560233
12.46 1.1858615042229803 0.3791737964113004 0.37917379647410737
12.45 1.1513420974009267 0.3791324414088196 0.3791324414717425
12.44 1.1168193460891263 0.3790916908472255 0.37909169091026457
12.43 1.0822932210021081 0.379051545764101 0.3790515458272564
12.42 1.0477636929633882 0.3790120072028737 0.37901200726614565
12.41 1.013230732905019 0.37897307621283544 0.3789730762762242
12.4 0.9786943118671634 0.378934753849161 0.3789347539126667
12.39 0.944154400997651 0.37889704117292816 0.378897041236551
12.38 0.9096109715515495 0.37885993925113703 0.37885993931487716
12.37 0.8750639948907374 0.37882344915672983 0.3788234492205874
12.36 0.8405134424834759 0.3787875719686107 0.37878757203258606
12.35 0.8059592859039895 0.37875230877166655 0.37875230883575967
12.34 0.7714014968320434 0.3787176606567859 0.3787176607209972
12.33 0.7368400470525303 0.37868362872088124 0.37868362878521084
12.32 0.7022749084550524 0.37865021406690824 0.37865021413135636
12.31 0.6677060530335157 0.378617417803887 0.3786174178684539
12.3 0.6331334528857188 0.37858524104692354 0.3785852411116093
12.29 0.5985570802129486 0.3785536849172301 0.3785536849820349
12.28 0.5639769073195794 0.37852275054214696 0.378522750607071
12.27 0.5293929066126739 0.37849243905516433 0.37849243912020775
12.26 0.49480505060158614 0.378462751595943 0.3784627516611061
12.25 0.46021331189756437 0.37843368931033744 0.3784336893756205
12.24 0.42561766321336836 0.3784052533504173 0.3784052534158203
12.23 0.39101807736287447 0.37837744487448927 0.3783774449400125
12.22 0.356414527260692 0.37835026504712005 0.3783502651127639
12.21 0.32180698592178125 0.37832371503915885 0.3783237151049233
12.2 0.28719542646107404 0.37829779602776004 0.37829779609364533
12.19 0.25257982209309376 0.37827250919640637 0.3782725092624128
12.18 0.21796014613158332 0.37824785573493175 0.37824785580105935
12.17 0.1833363719891322 0.3782238368395447 0.3782238369057937
12.16 0.1487084731768091 0.378200453712852 0.3782004537792227
12.15 0.11407642330378985 0.37817770756388247 0.37817770763037495
12.14 0.07944019607699829 0.3781555996081108 0.37815559967472534
12.13 0.04479976530073964 0.3781341310674813 0.37813413113421807
12.12 0.01015510487634583 0.3781133031704327 0.37811330323729203
12.11 -0.02449381119818372 0.37809311715192234 0.37809311721890426
12.1 -0.05914700882853503 0.37807357425345056 0.3780735743205554
12.09 -0.09380451382443425 0.37805467572308643 0.37805467579031415
12.08 -0.12846635189999414 0.3780364228154913 0.3780364228828424
12.07 -0.1631325486740634 0.37801881679194593 0.3780188168594204
12.06 -0.19780312967057126 0.37800185892037425 0.37800185898797234
12.05 -0.23247812031886497 0.37798555047536986 0.3779855505430919
12.04 -0.26715754595405544 0.3779698927382216 0.3779698928060677
12.03 -0.30184143181735273 0.37795488699693985 0.37795488706491015
12.02 -0.3365298030564018 0.37794053454628196 0.37794053461437677
12.01 -0.37122268472561337 0.37792683668777977 0.3779268367559993
12.0 -0.40592010178649707 0.37791379472976555 0.3779137947981099
11.99 -0.44062207910799045 0.3779014099873986 0.3779014100558679
11.98 -0.4753286414667782 0.3778896837826929 0.37788968385128757
11.97 -0.510039813547628 0.37787861744454404 0.37787861751326424
11.96 -0.5447556199437004 0.3778682123087568 0.3778682123776026
11.95 -0.5794760851568727 0.3778584697180721 0.3778584697870439
11.94 -0.6142012335980634 0.3778493910221959 0.3778493910912938
11.93 -0.6489310895875314 0.37784097757782664 0.3778409776470507
11.92 -0.683665677355204 0.37783323074868325 0.377833230818034
11.91 -0.7184050210409805 0.37782615190553454 0.37782615197501196
11.9 -0.7531491446950404 0.37781974242622673 0.37781974249583095
11.89 -0.787898072278158 0.3778140036957132 0.37781400376544466
11.88 -0.82265182766199 0.3778089371060834 0.3778089371759421
11.87 -0.857410434629397 0.377804544056592 0.3778045441265782
11.86 -0.8921739168747327 0.3778008259536883 0.37780082602380227
11.85 -0.9269422980041427 0.37779778421104654 0.3777977842812884
11.84 -0.9617156015358678 0.3777954202495951 0.37779542031996516
11.83 -0.9964938509005288 0.37779373549754763 0.37779373556804613
11.82 -1.0312770694414266 0.3777927313904326 0.3777927314610597
11.81 -1.066065280414825 0.3777924093711245 0.37779240944188025
11.8 -1.1008585069902483 0.37779277088987423 0.3777927709607589
11.79 -1.1356567722507598 0.3777938174043407 0.37779381747535457
11.78 -1.1704600991932492 0.3777955503796217 0.3777955504507649
11.77 -1.2052685107287153 0.3777979712882856 0.37779797135955845
11.76 -1.2400820296825477 0.3778010816104033 0.37780108168180593
11.75 -1.2749006787948 0.37780488283357994 0.37780488290511266
11.74 -1.309724480720477 0.3778093764529872 0.3778093765246501
11.73 -1.3445534580298 0.3778145639713958 0.3778145640431892
11.72 -1.3793876332084838 0.37782044689920813 0.37782044697113215
11.71 -1.414227028658007 0.37782702675449154 0.37782702682654634
11.7 -1.4490716666958834 0.3778343050630105 0.37783430513519634
11.69 -1.4839215695559287 0.37784228335826125 0.37784228343057846
11.68 -1.5187767593885255 0.37785096318150474 0.3778509632539534
11.67 -1.5536372582608893 0.37786034608180047 0.3778603461543809
11.66 -1.5885030881573257 0.37787043361604095 0.37787043368875317
11.65 -1.6233742709794987 0.37788122734898544 0.3778812274218299
11.64 -1.6582508285466857 0.3778927288532957 0.3778927289262724
11.63 -1.6931327825960325 0.3779049397095694 0.37790493978267853
11.62 -1.7280201547828147 0.37791786150637635 0.3779178615796184
11.61 -1.762912966680684 0.37793149584029323 0.37793149591366826
11.6 -1.7978112397819233 0.3779458443159397 0.37794584438944784
11.59 -1.8327149954977002 0.3779609085460135 0.37796090861965503
11.58 -1.8676242551583127 0.37797669015132723 0.37797669022510244
11.57 -1.9025390400134348 0.3779931907608446 0.37799319083475347
11.56 -1.937459371232364 0.37801041201171653 0.3780104120857595
11.55 -1.972385269904268 0.3780283555493187 0.3780283556234959
11.54 -2.0073167570384203 0.3780470230272883 0.3780470231015999
11.53 -2.0422538535644446 0.3780664161075613 0.37806641618200765
11.52 -2.077196580332552 0.37808653646041074 0.3780865365349918
11.51 -2.1121449581137823 0.37810738576448355 0.37810738583919973
11.5 -2.1470990076002345 0.3781289657068399 0.3781289657816915
11.49 -2.182058749405307 0.37815127798299125 0.37815127805797827
11.48 -2.217024204063922 0.3781743242969382 0.37817432437206094
11.47 -2.2519953920327644 0.3781981063612111 0.3781981064364697
11.46 -2.28697233369051 0.37822262589690775 0.3782226259723026
11.45 -2.32195504933805 0.37824788463373415 0.37824788470926546
11.44 -2.3569435591987222 0.37827388431004355 0.3782738843857114
11.43 -2.391937883418529 0.37830062667287684 0.3783006267486814
11.42 -2.426938042066372 0.37832811347800244 0.378328113553944
11.41 -2.461944055134267 0.378356346489958 0.3783563465660369
11.4 -2.496955942537558 0.3783853274820905 0.3783853275583068
11.39 -2.531973724115157 0.37841505823659755 0.37841505831295147
11.38 -2.5669974196297427 0.3784455405445689 0.3784455406210607
11.37 -2.6020270487679844 0.3784767762060285 0.3784767762826585
11.36 -2.637062631140756 0.37850876702997654 0.37850876710674475
11.35 -2.6721041862833452 0.3785415148344315 0.37854151491133825
11.34 -2.7071517336556834 0.3785750214464728 0.37857502152351824
11.33 -2.7422052926425313 0.37860928870228455 0.378609288779469
11.32 -2.7772648825537063 0.37864431844719765 0.37864431852452124
11.31 -2.8123305226242827 0.3786801125357343 0.3786801126131974
11.3 -2.8474022320148022 0.37871667283165145 0.37871667290925415
11.29 -2.8824800298114805 0.3787540012079849 0.3787540012857273
11.28 -2.9175639350264047 0.3787920995470936 0.37879209962497606
11.27 -2.9526539665977416 0.3788309697407052 0.37883096981872805
11.26 -2.9877501433899396 0.3788706136899605 0.37887061376812375
11.25 -3.022852484193927 0.3789110333054588 0.3789110333837627
11.24 -3.0579610077273083 0.37895223050730353 0.37895223058574845
11.23 -3.0930757326345675 0.3789942072251493 0.37899420730373523
11.22 -3.1281966774872627 0.37903696539824655 0.37903696547697385
11.21 -3.1633238607842142 0.3790805069754898 0.3790805070543587
11.2 -3.198457300951712 0.3791248339154636 0.37912483399447433
11.19 -3.2335970163436922 0.3791699481864903 0.379169948265643
11.18 -3.268743025241945 0.37921585176667744 0.3792158518459724
11.17 -3.303895345856292 0.379262546643966 0.3792625467234034
11.16 -3.339053996324781 0.3793100348161783 0.37931003489575843
11.15 -3.3742189947138685 0.37935831829106725 0.3793583183707902
11.14 -3.4093903590186128 0.37940739908636417 0.3794073991662303
11.13 -3.444568107162859 0.3794572792298296 0.3794572793098389
11.12 -3.479752256999418 0.3795079607593016 0.37950796083945454
11.11 -3.514942826310249 0.37955944572274625 0.37955944580304296
11.1 -3.5501398328066496 0.37961173617830835 0.3796117362587491
11.09 -3.5853432941294288 0.3796648341943613 0.37966483427494624
11.08 -3.6205532278490864 0.3797187418495586 0.37971874193028804
11.07 -3.6557696514659948 0.3797734612328853 0.3797734613137593
11.06 -3.6909925824105776 0.37982899444370916 0.3798289945247281
11.05 -3.726222038043483 0.37988534359183346 0.3798853436729974
11.04 -3.761458035655751 0.3799425107975487 0.379942510878858
11.03 -3.796700592469006 0.38000049819168596 0.38000049827314075
11.02 -3.8319497256356096 0.38005930791566955 0.3800593079972702
11.01 -3.867205452238848 0.38011894212157116 0.38011894220331777
11.0 -3.9024677892930884 0.38017940297216285 0.3801794030540557
10.99 -3.9377367537439643 0.38024069264097227 0.3802406927230116
10.98 -3.9730123624685256 0.38030281331233656 0.3803028133945225
10.97 -4.008294632275427 0.38036576718145765 0.38036576726379046
10.96 -4.043583579905075 0.3804295564544576 0.38042955653693755
10.95 -4.078879222029804 0.3804941833484342 0.3804941834310614
10.94 -4.114181575254031 0.3805596500915173 0.3805596501742921
10.93 -4.1494906561144385 0.3806259589229256 0.3806259590058482
10.92 -4.184806481080115 0.3806931120930227 0.38069311217609325
10.91 -4.220129066552725 0.38076111186337525 0.38076111194659396
10.9 -4.255458428866672 0.3808299605068102 0.38082996059017743
10.89 -4.29079458428925 0.3808996603074731 0.38089966039098894
10.88 -4.326137549020812 0.38097021356088645 0.38097021364455125
10.87 -4.361487339194919 0.3810416225740087 0.38104162265782254
10.86 -4.396843970878497 0.3811138896652933 0.3811138897492565
10.85 -4.432207460071997 0.3811870171647489 0.38118701724886167
10.84 -4.467577822709542 0.3812610074139989 0.3812610074982614
10.83 -4.502955074659089 0.3813358627663424 0.3813358628507549
10.82 -4.53833923172257 0.3814115855868148 0.3814115856713776
10.81 -4.573730309636061 0.3814881782522497 0.3814881783369629
10.8 -4.609128324069909 0.38156564315133984 0.3815656432362038
10.79 -4.644533290628904 0.3816439826847001 0.38164398276971495
10.78 -4.6799452248524105 0.3817231992649297 0.38172319935009563
10.77 -4.71536414221453 0.3818032953166756 0.3818032954019929
10.76 -4.750790058124234 0.3818842732766957 0.38188427336216463
10.75 -4.786222987925518 0.38196613559392256 0.3819661356795433
10.74 -4.821662946897544 0.3820488847295287 0.38204888481530147
10.73 -4.857109950254788 0.3821325231569904 0.38213252324291536
10.72 -4.892564013147178 0.3822170533621534 0.38221705344823087
10.71 -4.928025150660234 0.3823024778432989 0.38230247792952915
10.7 -4.963493377815228 0.3823887991112093 0.3823887991975925
10.69 -4.998968709569297 0.3824760196892349 0.38247601977577117
10.68 -5.034451160815604 0.3825641421133612 0.3825641422000509
10.67 -5.0699407463834705 0.3826531689322762 0.3826531690191195
10.66 -5.105437481038502 0.3827431027074386 0.3827431027944358
10.65 -5.140941379482749 0.38283394601314635 0.38283394610029764
10.64 -5.17645245635483 0.38292570143660537 0.382925701523911
10.63 -5.211970726230062 0.3830183715779992 0.38301837166545927
10.62 -5.247496203620609 0.3831119590505587 0.38311195913817353
10.61 -5.283028902975599 0.38320646648063256 0.3832064665684024
10.6 -5.318568838681276 0.38330189650775853 0.38330189659568353
10.59 -5.354116025061117 0.38339825178473425 0.3833982518728146
10.58 -5.389670476375966 0.3834955349776892 0.3834955350659252
10.57 -5.425232206824185 0.38359374876615754 0.38359374885454955
10.56 -5.460801230541743 0.3836928958431506 0.38369289593169864
10.55 -5.496377561602388 0.3837929789152302 0.38379297900393455
10.54 -5.531961214017748 0.38389400070258267 0.38389400079144376
10.53 -5.567552201737466 0.3839959639390935 0.38399596402811137
10.52 -5.603150538649333 0.3840988713724218 0.3840988714615967
10.51 -5.638756238579404 0.38420272576407605 0.3842027258534082
10.5 -5.674369315292137 0.38430752988948963 0.38430752997897927
10.49 -5.709989782490498 0.38441328653809814 0.3844132866277455
10.48 -5.745617653816098 0.38451999851341556 0.38451999860322084
10.47 -5.781252942849325 0.3846276686331122 0.3846276687230756
10.46 -5.816895663109443 0.38473629972909285 0.3847362998192147
10.45 -5.852545828054733 0.38484589464757546 0.38484589473785585
10.44 -5.888203451082596 0.38495645624916974 0.384956456339609
10.43 -5.9238685455297055 0.3850679874089577 0.3850679874995562
10.42 -5.959541124672081 0.3851804910165736 0.38518049110733127
10.41 -5.9952212017252515 0.38529396997628457 0.3852939700672018
10.4 -6.030908789844343 0.3854084272070726 0.38540842729814956
10.39 -6.066603902124207 0.38552386564271574 0.3855238657339528
10.38 -6.102306551599546 0.3856402882318715 0.3856402883232688
10.37 -6.138016751245013 0.3857576979381595 0.3857576980297172
10.36 -6.17373451397533 0.385876097740245 0.3858760978319634
10.35 -6.209459852645417 0.385995490631924 0.38599549072380335
10.34 -6.245192780050489 0.3861158796222072 0.38611587971424777
10.33 -6.280933308926183 0.3862372677354062 0.3862372678276081
10.32 -6.31668145194866 0.38635965801121896 0.3863596581035824
10.31 -6.352437221734723 0.3864830535048172 0.38648305359734264
10.3 -6.388200630841924 0.3866074572869333 0.3866074573796207
10.29 -6.423971691768679 0.386732872443948 0.3867328725367977
10.28 -6.459750416954376 0.3868593020779795 0.38685930217099174
10.27 -6.49553681877949 0.38698674930697213 0.38698674940014716
10.26 -6.53133090956569 0.3871152172647864 0.3871152173581243
10.25 -6.567132701575925 0.3872447091012892 0.3872447091947904
10.24 -6.602942207014574 0.3873752279824451 0.3873752280761097
10.23 -6.638759438027515 0.38750677709040793 0.38750677718423615
10.22 -6.674584406702257 0.3876393596236128 0.387639359717605
10.21 -6.71041712506803 0.38777297879687 0.38777297889102647
10.2 -6.746257605095894 0.38790763784145765 0.38790763793577837
10.19 -6.782105858698849 0.3880433400052164 0.3880433400997017
10.18 -6.817961897731935 0.3881800885526445 0.3881800886472948
10.17 -6.853825733992333 0.3883178867649937 0.38831788685980884
10.16 -6.889697379219473 0.38845673794036434 0.38845673803534486
10.15 -6.925576845095129 0.3885966453938043 0.38859664548895023
10.14 -6.9614641432435365 0.38873761245740474 0.38873761255271655
10.13 -6.9973592852314725 0.38887964248040036 0.38887964257587804
10.12 -7.03326228256837 0.3890227388292667 0.3890227389249106
10.11 -7.069173146706411 0.3891669048878211 0.3891669049836315
10.1 -7.10509188904063 0.38931214405732295 0.38931214415330007
10.09 -7.141018520909023 0.38945845975657467 0.3894584598527186
10.08 -7.176953053592617 0.3896058554220238 0.3896058555183348
10.07 -7.2128954983156 0.38975433450786556 0.3897543346043441
10.06 -7.248845866245397 0.38990390048614665 0.3899039005827927
10.05 -7.284804168492774 0.39005455684686874 0.3900545569436826
10.04 -7.32077041611194 0.39020630709809373 0.39020630719507565
10.03 -7.3567446201006295 0.39035915476604943 0.39035915486319955
10.02 -7.3927267914002055 0.39051310339523565 0.3905131034925543
10.01 -7.42871694089576 0.39066815654853165 0.39066815664601917
10.0 -7.464715079416195 0.3908243178073038 0.3908243179049602
9.99 -7.5007212177343225 0.39098159077151434 0.39098159086934003
9.98 -7.53673536656696 0.39113997905983083 0.39113997915782606
9.97 -7.5727575365750255 0.39129948630973665 0.3912994864079014
9.96 -7.608787738363613 0.3914601161776415 0.3914601162759761
9.95 -7.644825982482111 0.39162187233899337 0.3916218724374982
9.94 -7.6808722794242605 0.3917847584883919 0.39178475858706713
9.93 -7.716926639628278 0.3919487783397006 0.3919487784385464
9.92 -7.752989073476929 0.3921139356261624 0.392113935725179
9.91 -7.789059591297615 0.39228023410051355 0.3922802341997012
9.9 -7.825138203362473 0.3924476775351004 0.39244767763445926
9.89 -7.861224919888451 0.3926162697219955 0.392616269821526
9.88 -7.897319751037412 0.39278601447311595 0.39278601457281814
9.87 -7.933422706916214 0.3929569156203411 0.39295691572021535
9.86 -7.9695337975767835 0.3931289770156323 0.3931289771156788
9.85 -8.005653033016237 0.393302202531153 0.3933022026313719
9.84 -8.041780423176927 0.3934765960593895 0.393476596159781
9.83 -8.077915977946558 0.3936521615132732 0.39365216161383765
9.82 -8.114059707158257 0.3938289028263033 0.3938289029270408
9.81 -8.15021162059067 0.3940068239526701 0.3940068240535811
9.8 -8.186371727968023 0.39418592886738085 0.39418592896846544
9.79 -8.222540038960236 0.3943662215663834 0.39436622166764174
9.78 -8.258716563182993 0.39454770606669376 0.39454770616812623
9.77 -8.29490131019782 0.39473038640652375 0.39473038650813047
9.76 -8.331094289512171 0.3949142666454082 0.3949142667471894
9.75 -8.367295510579519 0.39509935086433473 0.3950993509662907
9.74 -8.40350498279942 0.39528564316587395 0.3952856432680049
9.73 -8.439722715517629 0.39547314767431035 0.39547314777661646
9.72 -8.475948718026137 0.3956618685357745 0.39566186863825603
9.71 -8.51218299956328 0.395851809918376 0.39585181002103315
9.7 -8.548425569313807 0.3960429760123371 0.3960429761151702
9.69 -8.584676436408978 0.3962353710301285 0.3962353711331378
9.68 -8.620935609926622 0.39642899920660446 0.3964289993097901
9.67 -8.657203098891223 0.39662386479914047 0.3966238649025027
9.66 -8.693478912274008 0.39681997208777064 0.3968199721913097
9.65 -8.729763058993008 0.39701732537532686 0.3970173254790429
9.64 -8.766055547913162 0.39721592898757885 0.3972159290914722
9.63 -8.80235638784636 0.39741578727337556 0.39741578737744643
9.62 -8.83866558755155 0.39761690460478666 0.39761690470903527
9.61 -8.874983155734807 0.39781928537724565 0.3978192854816723
9.6 -8.91130910104939 0.3980229340096949 0.3980229341142997
9.59 -8.94764343209585 0.39822785494472973 0.3982278550495129
9.58 -8.98398615742209 0.39843405264874576 0.39843405275370763
9.57 -9.02033728552342 0.3986415316120853 0.3986415317172261
9.56 -9.056696824842682 0.3988502963491872 0.3988502964545071
9.55 -9.093064783770267 0.3990603513987351 0.39906035150423425
9.54 -9.129441170644235 0.39927170132380885 0.39927170142948765
9.53 -9.165825993750365 0.39948435071203625 0.3994843508178948
9.52 -9.202219261322236 0.39969830417574626 0.3996983042817849
9.51 -9.238620981541292 0.39991356635212255 0.39991356645834136
9.5 -9.275031162536925 0.40013014190335905 0.40013014200975844
9.49 -9.311449812386552 0.40034803551681664 0.40034803562339666
9.48 -9.347876939115666 0.40056725190518017 0.4005672520119412
9.47 -9.384312550697931 0.4007877958066179 0.40078779591356006
9.46 -9.420756655055234 0.40100967198494064 0.4010096720920643
9.45 -9.457209260057779 0.40123288522976375 0.4012328853370691
9.44 -9.493670373524127 0.401457440356669 0.4014574404641561
9.43 -9.530140003221295 0.401683342207368 0.4016833423150373
9.42 -9.566618156864816 0.4019105956498675 0.40191059575771904
9.41 -9.603104842118803 0.40213920557863514 0.4021392056866692
9.4 -9.63960006659602 0.40236917691476665 0.40236917702298347
9.39 -9.676103837857966 0.40260051460615476 0.4026005147145546
9.38 -9.712616163414914 0.4028332236276586 0.40283322373624175
9.37 -9.749137050726022 0.40306730898127524 0.4030673090900418
9.36 -9.785666507199355 0.4033027756963118 0.40330277580526197
9.35 -9.822204540191994 0.4035396288295589 0.403539628938693
9.34 -9.858751157010063 0.4037778734654664 0.4037778735747847
9.33 -9.89530636490884 0.40401751471631936 0.40401751482582193
9.32 -9.93187017109279 0.4042585577224154 0.4042585578321027
9.31 -9.968442582715646 0.40450100765224434 0.40450100776211645
9.3 -10.005023606880473 0.4047448697026681 0.4047448698127251
9.29 -10.041613250639742 0.40499014909910264 0.40499014920934495
9.28 -10.078211520995378 0.40523685109570107 0.40523685120612907
9.27 -10.114818424898834 0.4054849809755387 0.4054849810861522
9.26 -10.151433969251173 0.4057345440507977 0.40573454416159727
9.25 -10.188058160903111 0.4059855456629562 0.4059855457739419
9.24 -10.224691006655085 0.4062379911829753 0.40623799129414745
9.23 -10.26133251325733 0.406491886011491 0.40649188612284975
9.22 -10.297982687409927 0.40674723557900433 0.40674723569054994
9.21 -10.334641535762879 0.4070040453460759 0.4070040454578086
9.2 -10.371309064916169 0.4072623208035196 0.4072623209154397
9.19 -10.407985281419828 0.4075220674725993 0.4075220675847068
9.18 -10.444670191773993 0.4077832909052258 0.40778329101752114
9.17 -10.481363802428975 0.4080459966841572 0.40804599679664044
9.16 -10.518066119785313 0.4083101904231983 0.4083101905358698
9.15 -10.554777150193846 0.4085758777674038 0.4085758778802637
9.14 -10.591496899955775 0.40884306439328144 0.40884306450633
9.13 -10.628225375322709 0.40911175600899796 0.4091117561222354
9.12 -10.664962582496756 0.40938195835458585 0.40938195846801234
9.11 -10.701708527630547 0.40965367720215157 0.4096536773157674
9.1 -10.738463216827334 0.40992691835608663 0.40992691846989204
9.09 -10.77522665614103 0.4102016876532784 0.41020168776727367
9.08 -10.811998851576263 0.4104779909633243 0.4104779910775095
9.07 -10.848779809088462 0.41075583418874656 0.410755834303122
9.06 -10.885569534583897 0.4110352232652092 0.41103522337977516
9.05 -10.922368033919739 0.41131616416173655 0.4113161642764931
9.04 -10.95917531290413 0.4115986628809333 0.41159866299588066
9.03 -10.995991377296237 0.4118827254592062 0.4118827255743448
9.02 -11.032816232806308 0.41216835796698864 0.41216835808231844
9.01 -11.069649885095744 0.4124555665089647 0.4124555666244862
9.0 -11.106492339777137 0.41274435722429753 0.41274435734001075
8.99 -11.143343602414353 0.4130347362868574 0.41303473640276267
8.98 -11.180203678522558 0.41332670990545295 0.41332671002155036
8.97 -11.217072573568311 0.41362028432406367 0.41362028444035365
8.96 -11.25395029296961 0.4139154658220741 0.4139154659385567
8.95 -11.29083684209593 0.41421226071450995 0.41421226083118545
8.94 -11.327732226268308 0.41451067535227687 0.41451067546914544
8.93 -11.364636450759388 0.4148107161223993 0.4148107162394613
8.92 -11.401549520793477 0.41511238944826334 0.4151123895655188
8.91 -11.438471441546596 0.41541570178986015 0.4154157019073093
8.9 -11.475402218146566 0.41572065964403115 0.4157206597616744
8.89 -11.512341855673025 0.41602726954471647 0.41602726966255377
8.88 -11.549290359157501 0.416335538063204 0.4163355381812358
8.87 -11.58624773358348 0.41664547180838135 0.41664547192660784
8.86 -11.623213983886453 0.416957077426989 0.4169570775454104
8.85 -11.660189114953948 0.4172703616038764 0.41727036172249277
8.84 -11.697173131625641 0.4175853310622587 0.41758533118107033
8.83 -11.734166038693344 0.41790199256397764 0.41790199268298484
8.82 -11.771167840901118 0.4182203529097627 0.4182203530289656
8.81 -11.808178542945297 0.41854041893949434 0.4185404190588933
8.8 -11.845198149474541 0.4188621975324713 0.4188621976520664
8.79 -11.882226665089915 0.4191856956076774 0.4191856957274689
8.78 -11.91926409434491 0.4195109201240525 0.41951092024404063
8.77 -11.95631044174553 0.41983787808076484 0.41983787820094964
8.76 -11.993365711750322 0.42016657651748496 0.4201665766378669
8.75 -12.030429908770438 0.4204970225146637 0.42049702263524286
8.74 -12.067503037169699 0.4208292231938099 0.42082922331458655
8.73 -12.104585101264627 0.42116318571777284 0.4211631858387471
8.72 -12.141676105324514 0.42149891729102473 0.42149891741219697
8.71 -12.178776053571477 0.4218364251599472 0.42183642528131754
8.7 -12.215884950180492 0.4221757166131193 0.422175716734688
8.69 -12.253002799279479 0.4225167989816077 0.4225167991033751
8.68 -12.290129604949318 0.42285967963926013 0.4228596797612261
8.67 -12.327265371223938 0.4232043660029996 0.4232043661251645
8.66 -12.364410102090329 0.42355086553312266 0.42355086565548683
8.65 -12.401563801488631 0.42389918573359964 0.4238991858561632
8.64 -12.43872647331217 0.4242493341523763 0.42424933427513944
8.63 -12.47589812140751 0.4246013183816792 0.42460131850464217
8.62 -12.513078749574495 0.4249551460583233 0.42495514618148633
8.61 -12.55026836156633 0.42531082486402116 0.42531082498738443
8.6 -12.587466961089595 0.42566836252569623 0.4256683626492599
8.59 -12.624674551804336 0.42602776681579707 0.42602776693956146
8.58 -12.661891137324066 0.4263890455526155 0.4263890456765807
8.57 -12.699116721215876 0.4267522066006065 0.42675220672477276
8.56 -12.73635130700044 0.42711725787071075 0.4271172579950784
8.55 -12.773594898152082 0.4274842073206807 0.42748420744524984
8.54 -12.810847498098822 0.4278530629554083 0.4278530630801792
8.53 -12.848109110222435 0.42822383282725573 0.4282238329522285
8.52 -12.8853797378585 0.4285965250363892 0.42859652516156416
8.51 -12.92265938429644 0.4289711477311151 0.42897114785649254
8.5 -12.959948052779572 0.42934770910821946 0.4293477092337994
8.49 -12.997245746505177 0.42972621741330913 0.42972621753909174
8.48 -13.034552468624533 0.4301066809411571 0.4301066810671428
8.47 -13.071868222242964 0.43048910803605006 0.43048910816223884
8.46 -13.109193010419894 0.4308735070921387 0.4308735072185308
8.45 -13.14652683616889 0.43125988655379055 0.4312598866803863
8.44 -13.183869702457741 0.43164825491594777 0.43164825504274723
8.43 -13.221221612208451 0.43203862072448457 0.4320386208514882
8.42 -13.258582568297337 0.4324309925765715 0.4324309927037792
8.41 -13.295952573555063 0.43282537912103886 0.4328253792484511
8.4 -13.33333163076668 0.4332217890587463 0.43322178918636306
8.39 -13.370719742671685 0.4336202311429538 0.43362023127077554
8.38 -13.408116911964068 0.43402071417969645 0.4340207143077232
8.37 -13.445523141292364 0.4344232470281617 0.43442324715639363
8.36 -13.482938433259678 0.43482783860107105 0.4348278387295085
8.35 -13.520362790423766 0.43523449786506313 0.4352344979937063
8.34 -13.557796215297065 0.435643233841082 0.43564323396993093
8.33 -13.595238710346749 0.43605405560476673 0.43605405573382167
8.32 -13.632690277994763 0.43646697228684594 0.4364669724161071
8.31 -13.670150920617893 0.4368819930735351 0.4368819932030028
8.3 -13.707620640547782 0.43729912720693653 0.43729912733661075
8.29 -13.74509944007102 0.4377183839854435 0.4377183841153246
8.28 -13.782587321429146 0.43813977276414795 0.4381397728942363
8.27 -13.820084286818732 0.43856330295525114 0.43856330308554653
8.26 -13.857590338391413 0.4389889840284774 0.43898898415898036
8.25 -13.895105478253932 0.43941682551149314 0.43941682564220363
8.24 -13.932629708468196 0.43984683699032706 0.4398468371212456
8.23 -13.970163031051317 0.4402790281097961 0.4402790282409225
8.22 -14.00770544797567 0.44071340857393293 0.4407134087052677
8.21 -14.045256961168914 0.4411499881464197 0.441149988277963
8.2 -14.082817572514072 0.44158877665102275 0.4415887767827746
8.190000000000001 -14.120387283849551 0.44202978397203263 0.44202978410399335
8.180000000000001 -14.157966096969204 0.44247302005470857 0.44247302018687823
8.170000000000002 -14.195554013622369 0.4429184949057242 0.44291849503810315
8.16 -14.233151035513922 0.44336621859361997 0.44336621872620835
8.15 -14.270757164304312 0.4438162012492571 0.443816201382055
8.14 -14.30837240160962 0.44426845306627727 0.4442684531992852
8.13 -14.345996749001594 0.44472298430156604 0.4447229844347838
8.120000000000001 -14.38363020800771 0.4451798052757183 0.44517980540914626
8.110000000000001 -14.4212727801112 0.4456389263735101 0.44563892650714854
8.100000000000001 -14.458924466751112 0.4461003580443737 0.44610035817822274
8.090000000000002 -14.496585269322342 0.4465641108028767 0.4465641109369366
8.08 -14.534255189175695 0.44703019522920523 0.447030195363476
8.07 -14.571934227617927 0.44749862196965084 0.4474986221041328
8.06 -14.609622385911775 0.44796940173710337 0.4479694018717966
8.05 -14.647319665276028 0.4484425453115465 0.44844254544645135
8.040000000000001 -14.685026066885552 0.4489180635405579 0.4489180636756744
8.030000000000001 -14.722741591871342 0.44939596733981396 0.44939596747514243
8.020000000000001 -14.760466241320577 0.4498762676935994 0.44987626782914003
8.010000000000002 -14.798200016276645 0.45035897565532035 0.45035897579107326
8.000000000000002 -14.835942917739205 0.45084410234802275 0.45084410248398815
7.990000000000001 -14.873694946664228 0.45133165896491495 0.4513316591010931
7.980000000000001 -14.911456103964039 0.4518216567698946 0.45182165690628556
7.970000000000001 -14.94922639050736 0.45231410709808134 0.4523141072346853
7.960000000000001 -14.98700580711937 0.4528090213563525 0.45280902149316976
7.950000000000001 -15.024794354581722 0.45330641102388486 0.4533064111609156
7.940000000000001 -15.06259203363262 0.4538062876527007 0.45380628778994503
7.930000000000001 -15.10039884496684 0.4543086628682187 0.45430866300567685
7.920000000000001 -15.138214789235779 0.45481354836980953 0.4548135485074817
7.910000000000001 -15.176039867047516 0.4553209559313569 0.4553209560692431
7.900000000000001 -15.213874078966834 0.4558308974018231 0.4558308975399237
7.890000000000001 -15.251717425515283 0.45634338470581914 0.4563433848441343
7.880000000000001 -15.289569907171197 0.45685842984418196 0.4568584299827118
7.870000000000001 -15.327431524369786 0.457376044894554 0.4573760450332987
7.860000000000001 -15.365302277503131 0.45789624201196977 0.45789624215092956
7.8500000000000005 -15.403182166920255 0.4584190334294476 0.45841903356862274
7.840000000000001 -15.44107119292716 0.4589444314585854 0.4589444315979758
7.830000000000001 -15.478969355786878 0.4594724484901634 0.4594724486297695
7.820000000000001 -15.516876655719509 0.4600030969947515 0.4600030971345734
7.8100000000000005 -15.554793092902255 0.4605363895233213 0.4605363896633592
7.800000000000001 -15.592718667469493 0.4610723387078657 0.4610723388481197
7.790000000000001 -15.630653379512799 0.46161095726202145 0.4616109574024918
7.780000000000001 -15.668597229080977 0.4621522579816999 0.46215225812238675
7.770000000000001 -15.706550216180116 0.46269625374572104 0.46269625388662455
7.760000000000001 -15.744512340773673 0.4632429575164552 0.46324295765757556
7.750000000000001 -15.78248360278246 0.46379238234047 0.4637923824818074
7.740000000000001 -15.82046400208471 0.464344541349182 0.4643445414907365
7.730000000000001 -15.858453538516125 0.46489944775951597 0.46489944790128795
7.720000000000001 -15.896452211869903 0.46545711487456914 0.4654571150165587
7.710000000000001 -15.934460021896811 0.46601755608428214 0.46601755622648927
7.700000000000001 -15.972476968305203 0.4665807848661144 0.4665807850085395
7.690000000000001 -16.010503050761073 0.46714681478572867 0.4671468149283718
7.680000000000001 -16.04853826888809 0.4677156594976788 0.4677156596405401
7.670000000000001 -16.08658262226768 0.4682873327461053 0.4682873328891852
7.660000000000001 -16.124636110439013 0.46886184836543765 0.46886184850873613
7.650000000000001 -16.162698732899063 0.46943922028110185 0.46943922042461916
7.640000000000001 -16.20077048910268 0.47001946251023496 0.47001946265397104
7.630000000000001 -16.238851378462623 0.47060258916240666 0.4706025893063619
7.620000000000001 -16.276941400349575 0.47118861444034704 0.4711886145845215
7.610000000000001 -16.31504055409221 0.47177755264068083 0.47177755278507466
7.6000000000000005 -16.353148838977248 0.4723694181546688 0.47236941829928225
7.590000000000001 -16.39126625424947 0.4729642254689561 0.47296422561378926
7.580000000000001 -16.429392799111774 0.4735619891663276 0.4735619893113807
7.570000000000001 -16.46752847272522 0.4741627239264688 0.47416272407174187
7.5600000000000005 -16.505673274209073 0.47476644452673605 0.47476644467222945
7.550000000000001 -16.543827202640852 0.4753731658429326 0.4753731659886465
7.540000000000001 -16.58199025705637 0.47598290285009187 0.47598290299602614
7.530000000000001 -16.620162436449746 0.476595670623268 0.47659567076942305
7.520000000000001 -16.658343739773507 0.4772114843383346 0.4772114844847105
7.510000000000001 -16.696534165938584 0.47783035927278983 0.47783035941938684
7.500000000000001 -16.734733713814382 0.47845231080656964 0.47845231095338786
7.490000000000001 -16.772942382228813 0.4790773544228686 0.4790773545699082
7.480000000000001 -16.811160169968318 0.4797055057089682 0.4797055058562293
7.470000000000001 -16.849387075777948 0.48033678035707317 0.4803367805045559
7.460000000000001 -16.88762309836138 0.48097119416515505 0.48097119431285973
7.450000000000001 -16.925868236381003 0.481608763037805 0.4816087631857316
7.440000000000001 -16.964122488457875 0.4822495029870932 0.48224950313524195
7.430000000000001 -17.002385853171862 0.4828934301334368 0.48289343028180787
7.420000000000001 -17.040658329061614 0.48354056070647655 0.4835405608550702
7.410000000000001 -17.078939914624634 0.48419091104596196 0.4841909111947781
7.400000000000001 -17.117230608317332 0.48484449760264303 0.484844497751682
7.390000000000001 -17.15553040855505 0.4855013369391726 0.48550133708843435
7.380000000000001 -17.193839313712115 0.48616144573101583 0.4861614458805008
7.370000000000001 -17.232157322121846 0.48682484076736965 0.48682484091707773
7.360000000000001 -17.270484432076675 0.487491538952089 0.48749153910202053
7.3500000000000005 -17.308820641828113 0.4881615573046246 0.4881615574547796
7.340000000000001 -17.34716594958684 0.4888349129609661 0.48883491311134475
7.330000000000001 -17.38552035352269 0.4895116231745983 0.48951162332520076
7.320000000000001 -17.4238838517648 0.49019170531746326 0.4901917054682898
7.3100000000000005 -17.462256442401532 0.4908751768809333 0.49087517703198386
7.300000000000001 -17.5006381234806 0.49156205547679294 0.4915620556280679
7.290000000000001 -17.53902889300907 0.49225235883823043 0.4922523589897297
7.280000000000001 -17.577428748953437 0.4929461048208378 0.4929461049725616
7.270000000000001 -17.615837689239626 0.4936433114036228 0.4936433115555713
7.260000000000001 -17.65425571175307 0.4943439966900277 0.49434399684220115
7.250000000000001 -17.692682814338742 0.49504817890896086 0.4950481790613591
7.240000000000001 -17.731118994801186 0.49575587641583563 0.49575587656845915
7.230000000000001 -17.769564250904576 0.4964671076936216 0.4964671078464704
7.220000000000001 -17.808018580372753 0.4971818913539042 0.49718189150697845
7.210000000000001 -17.846481980889287 0.4979002461379561 0.4979002462912558
7.200000000000001 -17.884954450097442 0.4986221909178175 0.49862219107134287
7.190000000000001 -17.923435985600353 0.4993477446973886 0.4993477448511397
7.180000000000001 -17.961926584960942 0.5000769266135316 0.5000769267675088
7.170000000000001 -18.000426245702034 0.5008097559371837 0.5008097560913869
7.160000000000001 -18.038934965306357 0.5015462520744816 0.5015462522289109
7.150000000000001 -18.077452741216653 0.5022864345678951 0.502286434722551
7.140000000000001 -18.115979570835616 0.5030303230973752 0.5030303232522574
7.130000000000001 -18.15451545152605 0.5037779374815101 0.503777937636619
7.120000000000001 -18.193060380610795 0.5045292976786944 0.50452929783403
7.110000000000001 -18.231614355372873 0.5052844237883096 0.5052844239438723
7.1000000000000005 -18.270177373055482 0.5060433360519158 0.5060433362077053
7.090000000000001 -18.30874943086204 0.5068060548544551 0.5068060550104718
7.080000000000001 -18.347330525956238 0.5075726007254683 0.5075726008817123
7.070000000000001 -18.385920655462073 0.5083429943403217 0.5083429944967931
7.0600000000000005 -18.42451981646389 0.5091172565214471 0.5091172566781461
7.050000000000001 -18.463128006006446 0.509895408239594 0.5098954083965207
7.040000000000001 -18.50174522109493 0.5106774706150949 0.5106774707722493
7.030000000000001 -18.540371458695013 0.5114634649191415 0.511463465076524
7.020000000000001 -18.579006715732895 0.5122534125750757 0.5122534127326861
7.010000000000001 -18.617650989095345 0.5130473351596916 0.5130473353175301
7.000000000000001 -18.656304275629754 0.5138452544045521 0.513845254562619
6.990000000000001 -18.694966572144153 0.5146471921973181 0.5146471923556134
6.980000000000001 -18.73363787540729 0.5154531705830905 0.5154531707416143
6.970000000000001 -18.772318182148616 0.5162632117657663 0.5162632119245189
6.960000000000001 -18.811007489058422 0.5170773381094086 0.5170773382683898
6.950000000000001 -18.849705792787802 0.5178955721396293 0.5178955722988394
6.940000000000001 -18.8884130899487 0.5187179365449874 0.5187179367044266
6.930000000000001 -18.927129377114007 0.5195444541783998 0.5195444543380681
6.920000000000001 -18.965854650817562 0.5203751480585675 0.520375148218465
6.910000000000001 -19.0045889075542 0.5212100413714157 0.5212100415315426
6.900000000000001 -19.0433321437798 0.5220491574715485 0.5220491576319048
6.890000000000001 -19.082084355911334 0.5228925198837191 0.5228925200443051
6.880000000000001 -19.120845540326897 0.523740152304314 0.5237401524651297
6.870000000000001 -19.159615693365787 0.5245920786028532 0.5245920787638987
6.860000000000001 -19.198394811328477 0.5254483228235048 0.5254483229847802
6.8500000000000005 -19.237182890476717 0.526308909186616 0.5263089093481214
6.840000000000001 -19.27597992703358 0.5271738620902591 0.5271738622519947
6.830000000000001 -19.31478591718347 0.5280432061117939 0.5280432062737598
6.820000000000001 -19.35360085707218 0.5289169660094458 0.5289169661716421
6.8100000000000005 -19.392424742806938 0.5297951667239005 0.529795166886327
6.800000000000001 -19.431257570456463 0.5306778333799139 0.530677833542571
6.790000000000001 -19.470099336050993 0.5315649912879405 0.5315649914508284
6.780000000000001 -19.508950035582306 0.5324566659457779 0.5324566661088964
6.770000000000001 -19.5478096650038 0.5333528830402268 0.5333528832035764
6.760000000000001 -19.586678220230567 0.5342536684487711 0.5342536686123516
6.750000000000001 -19.625555697139333 0.5351590482412728 0.5351590484050843
6.740000000000001 -19.6644420915686 0.5360690486816857 0.5360690488457285
6.730000000000001 -19.703337399318652 0.5369836962297868 0.5369836963940608
6.720000000000001 -19.742241616151578 0.5379030175429269 0.5379030177074324
6.710000000000001 -19.78115473779136 0.5388270394777964 0.5388270396425333
6.700000000000001 -19.820076759923886 0.5397557890922126 0.5397557892571812
6.690000000000001 -19.859007678197003 0.540689293646925 0.540689293812125
6.680000000000001 -19.89794748822055 0.5416275806074381 0.54162758077287
6.670000000000001 -19.936896185566436 0.542570677645855 0.5425706778115188
6.660000000000001 -19.975853765768615 0.54351861264274 0.5435186128086357
6.650000000000001 -20.01482022432323 0.544471413689 0.5444714138551279
6.640000000000001 -20.053795556688563 0.545429109087787 0.5454291092541469
6.630000000000001 -20.092779758285122 0.5463917273564193 0.5463917275230115
6.620000000000001 -20.131772824495698 0.5473592972283247 0.5473592973951491
6.610000000000001 -20.170774750665363 0.5483318476550024 0.5483318478220595
6.6000000000000005 -20.20978553210157 0.5493094078080081 0.5493094079752975
6.590000000000001 -20.24880516407416 0.5502920070809568 0.5502920072484788
6.580000000000001 -20.287833641815403 0.5512796750915508 0.5512796752593054
6.570000000000001 -20.326870960520075 0.5522724416836269 0.5522724418516143
6.5600000000000005 -20.36591711534545 0.5532703369292253 0.5532703370974456
6.550000000000001 -20.40497210141142 0.5542733911306823 0.5542733912991356
6.540000000000001 -20.44403591380045 0.5552816348227444 0.5552816349914305
6.530000000000001 -20.48310854755769 0.5562950987747036 0.556295098943623
6.520000000000001 -20.52218999769102 0.5573138139925604 0.5573138141617128
6.510000000000001 -20.561280259171014 0.5583378117212034 0.558337811890589
6.500000000000001 -20.600379326931083 0.559367123446618 0.5593671236162367
6.490000000000001 -20.63948719586747 0.5604017808981155 0.5604017810679679
6.480000000000001 -20.678603860839296 0.5614418160505896 0.5614418162206753
6.470000000000001 -20.71772931666862 0.5624872611267931 0.5624872612971125
6.460000000000001 -20.756863558140445 0.5635381485996425 0.5635381487701953
6.450000000000001 -20.796006580002835 0.5645945111945468 0.5645945113653336
6.440000000000001 -20.83515837696689 0.5656563818917616 0.565656382062782
6.430000000000001 -20.874318943706815 0.5667237939287678 0.566723794100022
6.420000000000001 -20.913488274859972 0.5677967808026784 0.5677967809741663
6.410000000000001 -20.952666365026918 0.5688753762726695 0.5688753764443913
6.400000000000001 -20.99185320877146 0.5699596143624394 0.5699596145343955
6.390000000000001 -21.03104880062068 0.5710495293626939 0.571049529534884
6.380000000000001 -21.07025313506499 0.5721451558336585 0.5721451560060827
6.370000000000001 -21.10946620655817 0.5732465286076198 0.5732465287802784
6.360000000000001 -21.148688009517453 0.5743536827914935 0.5743536829643862
6.3500000000000005 -21.187918538323494 0.57546665376942 0.5754666539425471
6.340000000000001 -21.227157787320483 0.5765854772053918 0.5765854773787532
6.330000000000001 -21.266405750816162 0.5777101890459064 0.5777101892195025
6.320000000000001 -21.305662423081863 0.5788408255226513 0.5788408256964819
6.3100000000000005 -21.344927798352575 0.5799774231552162 0.5799774233292814
6.300000000000001 -21.38420187082697 0.5811200187538386 0.5811200189281385
6.290000000000001 -21.423484634667457 0.582268649422177 0.5822686495967115
6.280000000000001 -21.462776084000225 0.5834233525601168 0.583423352734886
6.270000000000001 -21.502076212915288 0.5845841658666064 0.5845841660416105
6.260000000000001 -21.54138501546653 0.5857511273425269 0.5857511275177657
6.250000000000001 -21.580702485671765 0.5869242752935914 0.5869242754690651
6.240000000000001 -21.620028617512745 0.5881036483332788 0.5881036485089877
6.230000000000001 -21.659363404935245 0.5892892853858 0.5892892855617439
6.220000000000001 -21.698706841849084 0.5904812256890976 0.5904812258652763
6.210000000000001 -21.73805892212819 0.5916795087978783 0.5916795089742923
6.200000000000001 -21.777419639610624 0.5928841745866821 0.5928841747633312
6.190000000000001 -21.816788988098637 0.5940952632529835 0.5940952634298678
6.180000000000001 -21.856166961358717 0.5953128153203294 0.595312815497449
6.170000000000001 -21.895553553121644 0.5965368716415131 0.5965368718188678
6.160000000000001 -21.93494875708251 0.5977674734017822 0.5977674735793723
6.150000000000001 -21.974352566900773 0.5990046621220853 0.5990046622999107
6.140000000000001 -22.013764976200324 0.6002484796623547 0.6002484798404157
6.130000000000001 -22.05318597856951 0.6014989682248274 0.6014989684031237
6.120000000000001 -22.092615567561186 0.6027561703574016 0.6027561705359334
6.110000000000001 -22.132053736692765 0.6040201289570359 0.6040201291358033
6.1000000000000005 -22.17150047944627 0.605290887273184 0.605290887452187
6.090000000000001 -22.21095578926835 0.6065684889112706 0.606568489090509
6.080000000000001 -22.250419659570365 0.6078529778362061 0.6078529780156801
6.070000000000001 -22.28989208372842 0.6091443983759436 0.6091443985556533
6.0600000000000005 -22.329373055083376 0.6104427952250756 0.6104427954050211
6.050000000000001 -22.36886256694095 0.6117482134484735 0.6117482136286547
6.040000000000001 -22.408360612571737 0.6130606984849672 0.6130606986653839
6.030000000000001 -22.447867185211248 0.6143802961510703 0.6143802963317229
6.020000000000001 -22.48738227805997 0.6157070526447467 0.615707052825635
6.010000000000001 -22.526905884283405 0.6170410145492211 0.6170410147303452
6.000000000000001 -22.56643799701212 0.6183822288368364 0.6183822290181963
5.990000000000001 -22.605978609341783 0.6197307428729516 0.6197307430545475
5.980000000000001 -22.645527714333234 0.6210866044198906 0.6210866046017224
5.970000000000001 -22.685085305012507 0.6224498616409337 0.6224498618230014
5.960000000000001 -22.72465137437089 0.6238205631043572 0.6238205632866607
5.950000000000001 -22.764225915364946 0.6251987577875203 0.6251987579700599
5.940000000000001 -22.803808920916637 0.6265844950810016 0.6265844952637771
5.930000000000001 -22.843400383913238 0.6279778247927822 0.6279778249757936
5.920000000000001 -22.883000297207527 0.6293787971524796 0.6293787973357269
5.910000000000001 -22.922608653617736 0.6307874628156319 0.6307874629991153
5.900000000000001 -22.962225445927626 0.6322038728680328 0.6322038730517522
5.890000000000001 -23.00185066688654 0.633628078830117 0.6336280790140724
5.880000000000001 -23.041484309209448 0.6350601326613996 0.6350601328455909
5.870000000000001 -23.081126365577 0.6365000867649679 0.6365000869493954
5.860000000000001 -23.120776828635528 0.6379479939920258 0.6379479941766892
5.8500000000000005 -23.16043569099718 0.6394039076464941 0.6394039078313936
5.840000000000001 -23.200102945239898 0.640867881489665 0.6408678816748005
5.830000000000001 -23.23977858390746 0.6423399697449135 0.642339969930285
5.820000000000001 -23.279462599509575 0.6438202271024643 0.6438202272880719
5.8100000000000005 -23.31915498452192 0.6453087087242173 0.6453087089100609
5.800000000000001 -23.35885573138615 0.6468054702486306 0.6468054704347102
5.790000000000001 -23.398564832509976 0.6483105677956628 0.6483105679819785
5.780000000000001 -23.438282280267206 0.6498240579717762 0.6498240581583279
5.770000000000001 -23.478008066997795 0.6513459978749981 0.651345998061786
5.760000000000001 -23.517742185007894 0.6528764451000474 0.6528764452870711
5.750000000000001 -23.557484626569895 0.6544154577435198 0.6544154579307796
5.740000000000001 -23.59723538392247 0.6559630944091395 0.6559630945966355
5.730000000000001 -23.636994449270624 0.6575194142130735 0.6575194144008053
5.720000000000001 -23.676761814785763 0.6590844767893104 0.6590844769772782
5.710000000000001 -23.716537472605722 0.6606583422951073 0.6606583424833112
5.700000000000001 -23.75632141483478 0.6622410714165017 0.6622410716049415
5.690000000000001 -23.796113633543786 0.6638327253738917 0.6638327255625674
5.680000000000001 -23.835914120770166 0.6654333659276861 0.6654333661165978
5.670000000000001 -23.87572286851792 0.6670430553840228 0.6670430555731702
5.660000000000001 -23.915539868757758 0.668661856600559 0.6686618567899425
5.650000000000001 -23.95536511342712 0.670289832992333 0.6702898331819522
5.640000000000001 -23.995198594430178 0.6719270485376985 0.6719270487275537
5.630000000000001 -24.035040303637953 0.6735735677843327 0.6735735679744238
5.620000000000001 -24.0748902328883 0.6752294558553207 0.6752294560456475
5.610000000000001 -24.114748373986018 0.6768947784553127 0.6768947786458754
5.6000000000000005 -24.154614718702845 0.6785696018767626 0.6785696020675611
5.590000000000001 -24.19448925877753 0.6802539930062407 0.6802539931972748
5.580000000000001 -24.23437198591589 0.681948019330828 0.6819480195220978
5.570000000000001 -24.27426289179084 0.6836517489445911 0.6836517491360966
5.5600000000000005 -24.314161968042463 0.6853652505551364 0.6853652507468776
5.550000000000001 -24.354069206278037 0.68708859349025 0.6870885936822269
5.540000000000001 -24.393984598072084 0.6888218477046193 0.6888218478968317
5.530000000000001 -24.43390813496644 0.6905650837866412 0.690565083979089
5.520000000000001 -24.47383980847029 0.6923183729653151 0.6923183731579985
5.510000000000001 -24.513779610060222 0.6940817871172261 0.6940817873101448
5.500000000000001 -24.553727531180254 0.6958553987736145 0.6958553989667685
5.490000000000001 -24.59368356324192 0.6976392811275365 0.6976392813209262
5.480000000000001 -24.633647697624294 0.6994335080411179 0.6994335082347428
5.470000000000001 -24.67361992567404 0.7012381540528976 0.701238154246758
5.460000000000001 -24.713600238705475 0.7030532943852691 0.7030532945793646
5.450000000000001 -24.753588628000617 0.7048790049520135 0.7048790051463444
5.440000000000001 -24.793585084809195 0.7067153623659342 0.7067153625605
5.430000000000001 -24.833589600348763 0.7085624439465849 0.7085624441413859
5.420000000000001 -24.873602165804698 0.7104203277281028 0.7104203279231389
5.410000000000001 -24.91362277233029 0.7122890924671388 0.7122890926624099
5.400000000000001 -24.953651411046728 0.7141688176508937 0.7141688178463997
5.390000000000001 -24.99368807304324 0.7160595835052563 0.7160595837009974
5.380000000000001 -25.033732749377066 0.7179614710030507 0.7179614711990265
5.370000000000001 -25.07378543107352 0.7198745618723873 0.719874562068598
5.360000000000001 -25.113846109126097 0.7217989386051264 0.7217989388015716
5.3500000000000005 -25.153914774496446 0.7237346844654502 0.7237346846621302
5.340000000000001 -25.19399141811447 0.7256818834985492 0.725681883695464
5.330000000000001 -25.234076030878363 0.7276406205394217 0.7276406207365708
5.320000000000001 -25.274168603654626 0.7296109812217879 0.7296109814191716
5.3100000000000005 -25.31426912727819 0.7315930519871254 0.7315930521847435
5.300000000000001 -25.354377592552403 0.7335869200938204 0.7335869202916729
5.290000000000001 -25.394493990249106 0.7355926736264418 0.7355926738245285
5.280000000000001 -25.434618311108657 0.7376104015051376 0.7376104017034586
5.270000000000001 -25.47475054584004 0.739640193495158 0.7396401936937133
5.260000000000001 -25.514890685120857 0.7416821402165027 0.7416821404152918
5.250000000000001 -25.555038719597377 0.7437363331536994 0.7437363333527226
5.240000000000001 -25.59519463988465 0.7458028646657109 0.745802864864968
5.230000000000001 -25.635358436566488 0.747881827995977 0.747881828195468
5.220000000000001 -25.67553010019554 0.7499733172825895 0.7499733174823143
5.210000000000001 -25.715709621293367 0.7520774275686053 0.7520774277685637
5.200000000000001 -25.75589699035045 0.7541942548124968 0.7541942550126889
5.190000000000001 -25.796092197826272 0.7563238958987463 0.7563238960991719
5.180000000000001 -25.836295234149365 0.7584664486485798 0.7584664488492388
5.170000000000001 -25.876506089717324 0.7606220118308498 0.7606220120317423
5.160000000000001 -25.91672475489691 0.7627906851730638 0.7627906853741894
5.150000000000001 -25.956951220024067 0.7649725693725633 0.7649725695739223
5.140000000000001 -25.997185475404006 0.7671677661078563 0.7671677663094483
5.130000000000001 -26.03742751131121 0.7693763780501022 0.7693763782519274
5.120000000000001 -26.077677317989515 0.7715985088747566 0.7715985090768145
5.110000000000001 -26.117934885652154 0.7738342632733731 0.7738342634756638
5.1000000000000005 -26.158200204481812 0.7760837469655701 0.7760837471680937
5.090000000000001 -26.198473264630664 0.7783470667111603 0.7783470669139164
5.080000000000001 -26.238754056220454 0.7806243303224468 0.7806243305254356
5.070000000000001 -26.279042569342508 0.782915646676693 0.7829156468799141
5.0600000000000005 -26.319338794057803 0.7852211257287594 0.7852211259322129
5.050000000000001 -26.35964272039706 0.7875408785239217 0.7875408787276075
5.040000000000001 -26.39995433836069 0.7898750172108622 0.7898750174147802
5.030000000000001 -26.440273637918974 0.7922236550548458 0.7922236552589957
5.020000000000001 -26.480600609012015 0.7945869064510772 0.7945869066554592
5.010000000000001 -26.520935241549832 0.7969648869382465 0.7969648871428603
5.000000000000001 -26.561277525412418 0.7993577132122649 0.7993577134171103
4.990000000000001 -26.601627450449758 0.8017655031401909 0.8017655033452679
4.980000000000001 -26.641985006481914 0.8041883757743559 0.8041883759796643
4.970000000000001 -26.68235018329909 0.8066264513666862 0.8066264515722259
4.960000000000001 -26.72272297066159 0.8090798513832284 0.8090798515889995
4.950000000000001 -26.763103358300015 0.8115486985188807 0.8115486987248828
4.940000000000001 -26.80349133591518 0.8140331167123318 0.8140331169185651
4.930000000000001 -26.84388689317826 0.8165332311612143 0.8165332313676784
4.920000000000001 -26.88429001973079 0.8190491683374721 0.8190491685441671
4.910000000000001 -26.924700705184744 0.8215810560029475 0.8215810562098731
4.900000000000001 -26.965118939122537 0.8241290232251915 0.8241290234323476
4.890000000000001 -27.005544711097173 0.826693200393501 0.8266932006008877
4.880000000000001 -27.0459780106322 0.8292737192351858 0.8292737194428027
4.870000000000001 -27.086418827221824 0.8318707128320683 0.8318707130399153
4.860000000000001 -27.126867150330927 0.8344843156372242 0.8344843158453015
4.8500000000000005 -27.167322969395133 0.8371146634919633 0.8371146637002702
4.840000000000001 -27.207786273820858 0.8397618936430541 0.8397618938515908
4.830000000000001 -27.248257052985373 0.8424261447602026 0.8424261449689691
4.820000000000001 -27.288735296236844 0.8451075569537827 0.8451075571627785
4.8100000000000005 -27.329220992894374 0.8478062717928234 0.8478062720020486
4.800000000000001 -27.36971413224808 0.8505224323232619 0.8505224325327164
4.790000000000001 -27.410214703559152 0.8532561830864628 0.8532561832961463
4.780000000000001 -27.450722696059852 0.8560076701380056 0.8560076703479182
4.770000000000001 -27.491238098953634 0.8587770410667535 0.8587770412768949
4.760000000000001 -27.531760901415137 0.8615644450141982 0.8615644452245681
4.750000000000001 -27.5722910925903 0.8643700326940926 0.8643700329046912
4.740000000000001 -27.612828661596364 0.867193956412374 0.867193956623201
4.730000000000001 -27.65337359752193 0.8700363700873804 0.8700363702984356
4.720000000000001 -27.693925889427064 0.8728974292703688 0.872897429481652
4.710000000000001 -27.73448552634327 0.8757772911663377 0.8757772913778489
4.700000000000001 -27.7750524972736 0.878676114655161 0.8786761148669
4.690000000000001 -27.815626791192674 0.8815940603130367 0.8815940605250032
4.680000000000001 -27.85620839704678 0.8845312904342574 0.8845312906464512
4.670000000000001 -27.896797303753885 0.8874879690533064 0.8874879692657277
4.660000000000001 -27.937393500203694 0.8904642619672893 0.8904642621799376
4.650000000000001 -27.977996975257714 0.8934603367586974 0.8934603369715726
4.640000000000001 -28.018607717749294 0.8964763628185227 0.8964763630316249
4.630000000000001 -28.059225716483695 0.8995125113697163 0.8995125115830451
4.620000000000001 -28.099850960238157 0.9025689554910057 0.9025689557045606
4.610000000000001 -28.140483437761894 0.9056458701410732 0.9056458703548547
4.6000000000000005 -28.181123137776197 0.9087434321831042 0.9087434323971118
4.590000000000001 -28.22177004897449 0.9118618204097076 0.9118618206239412
4.580000000000001 -28.262424160022373 0.9150012155682196 0.9150012157826789
4.570000000000001 -28.303085459557636 0.9181618003863943 0.9181618006010791
4.5600000000000005 -28.34375393619039 0.9213437595984906 0.9213437598134008
4.550000000000001 -28.384429578503045 0.9245472799717588 0.9245472801868944
4.540000000000001 -28.425112375050414 0.9277725503333376 0.9277725505486986
4.530000000000001 -28.46580231435977 0.9310197615975675 0.9310197618131533
4.520000000000001 -28.506499384930855 0.934289106793725 0.9342891070095355
4.510000000000001 -28.547203575235955 0.9375807810941915 0.9375807813102266
4.500000000000001 -28.587914873719992 0.9408949818430575 0.9408949820593171
4.490000000000001 -28.628633268800524 0.944231908585176 0.9442319088016596
4.480000000000001 -28.669358748867822 0.947591763095668 0.9475917633123755
4.470000000000001 -28.71009130228491 0.9509747494098915 0.9509747496268229
4.460000000000001 -28.750830917387653 0.9543810738538833 0.9543810740710382
4.450000000000001 -28.79157758248479 0.9578109450752761 0.9578109452926543
4.440000000000001 -28.832331285857986 0.9612645740747073 0.9612645742923088
4.430000000000001 -28.87309201576187 0.964742174237723 0.9647421744555478
4.420000000000001 -28.913859760424135 0.9682439613671877 0.9682439615852354
4.410000000000001 -28.954634508045533 0.9717701537162102 0.9717701539344804
4.400000000000001 -28.99541624680002 0.9753209720215915 0.975320972240084
4.390000000000001 -29.036204964834685 0.9788966395378101 0.9788966397565251
4.380000000000001 -29.077000650269905 0.9824973820715485 0.9824973822904854
4.370000000000001 -29.11780329119939 0.9861234280167732 0.9861234282359319
4.360000000000001 -29.158612875690178 0.989775008390381 0.9897750086097615
4.3500000000000005 -29.199429391782743 0.9934523568684172 0.9934523570880187
4.340000000000001 -29.240252827491013 0.9971557098228782 0.9971557100427012
4.330000000000001 -29.28108317080249 1.000885306359114 1.0008853065791579
4.320000000000001 -29.32192040967823 1.0046413883538317 1.0046413885740966
4.3100000000000005 -29.36276453205292 1.008424200493721 1.0084242007142064
4.300000000000001 -29.40361552583495 1.012233990314707 1.0122339905354127
4.290000000000001 -29.44447337890648 1.0160710082418465 1.0160710084627722
4.280000000000001 -29.48533807912344 1.0199355076298746 1.0199355078510204
4.270000000000001 -29.526209614315658 1.0238277448044197 1.0238277450257853
4.260000000000001 -29.567087972286817 1.027747979103894 1.027747979325479
4.250000000000001 -29.60797314081465 1.031696472922077 1.0316964731438811
4.240000000000001 -29.648865107650835 1.035673491751401 1.0356734919734243
4.230000000000001 -29.6897638605212 1.0396793042269554 1.0396793044491976
4.220000000000001 -29.730669387125676 1.04371418217122 1.0437141823936806
4.210000000000001 -29.771581675138364 1.0477784006395443 1.0477784008622233
4.200000000000001 -29.812500712207648 1.0518722379663854 1.0518722381892824
4.190000000000001 -29.8534264859562 1.0559959758123196 1.0559959760354345
4.180000000000001 -29.894358983981043 1.0601498992118403 1.060149899435173
4.170000000000001 -29.935298193853622 1.0643342966219629 1.0643342968455127
4.160000000000001 -29.976244103119857 1.0685494599716434 1.0685494601954106
4.150000000000001 -30.017196699300197 1.0727956847120388 1.0727956849360227
4.140000000000001 -30.05815596988962 1.0770732698676087 1.0770732700918093
4.130000000000001 -30.09912190235782 1.081382518088094 1.0813825183125114
4.120000000000001 -30.14009448414911 1.0857237357013736 1.085723735926007
4.110000000000001 -30.181073702682607 1.0900972327672223 1.0900972329920717
4.1000000000000005 -30.222059545352185 1.0945033231319923 1.0945033233570574
4.090000000000001 -30.26305199952661 1.098942324484227 1.0989423247095078
4.080000000000001 -30.304051052549568 1.103414558411232 1.1034145586367279
4.070000000000001 -30.345056691739668 1.1079203504566213 1.1079203506823319
4.0600000000000005 -30.386068904390605 1.1124600301788545 1.1124600304047803
4.050000000000001 -30.427087677771112 1.1170339312107884 1.1170339314369282
4.040000000000001 -30.468112999125104 1.1216423913202611 1.1216423915466154
4.030000000000001 -30.509144855671646 1.1262857524717331 1.1262857526983012
4.020000000000001 -30.550183234605097 1.1309643608889954 1.1309643611157771
4.010000000000001 -30.5912281230951 1.1356785671189835 1.1356785673459786
4.000000000000001 -30.63227950828667 1.140428726096698 1.1404287263239068
3.990000000000001 -30.673337377300243 1.1452151972112803 1.1452151974387015
3.980000000000001 -30.71440171723173 1.1500383443732354 1.150038344600869
3.970000000000001 -30.75547251515257 1.1548985360828552 1.1548985363107014
3.960000000000001 -30.79654975810982 1.1597961454998444 1.159796145727903
3.950000000000001 -30.837633433126143 1.1647315505141858 1.1647315507424558
3.940000000000001 -30.878723527199927 1.1697051338182651 1.169705134046747
3.930000000000001 -30.919820027305327 1.1747172829802819 1.174717283208975
3.920000000000001 -30.960922920392306 1.1797683905189726 1.1797683907478769
3.910000000000001 -31.002032193386697 1.1848588539796747 1.1848588542087894
3.900000000000001 -31.043147833190265 1.1899890760117564 1.1899890762410816
3.890000000000001 -31.084269826680774 1.195159464447442 1.195159464676977
3.880000000000001 -31.12539816071201 1.2003704323820594 1.2003704326118045
3.870000000000001 -31.166532822113872 1.2056223982557466 1.2056223984857015
3.8600000000000008 -31.207673797692415 1.210915785936634 1.210915786166798
3.850000000000001 -31.248821074229916 1.2162510248055463 1.2162510250359193
3.8400000000000007 -31.289974638484917 1.221628549842249 1.221628550072831
3.830000000000001 -31.331134477192272 1.227048801713275 1.2270488019440653
3.8200000000000007 -31.372300577063264 1.232512226861357 1.2325122270923556
3.810000000000001 -31.413472924785555 1.238019277596514 1.2380192778277204
3.8000000000000007 -31.45465150702336 1.2435704121888096 1.2435704124202234
3.790000000000001 -31.49583631041743 1.2491660949628307 1.2491660951944517
3.7800000000000007 -31.53702732158514 1.2548067963939158 1.254806796625744
3.770000000000001 -31.578224527120515 1.260492993206175 1.2604929934382099
3.760000000000001 -31.61942791359434 1.2662251684723338 1.2662251687045747
3.750000000000001 -31.660637467554142 1.2720038117154449 1.272003811947892
3.740000000000001 -31.701853175524327 1.2778294190125075 1.2778294192451602
3.730000000000001 -31.743075024006217 1.2837024931000307 1.2837024933328889
3.720000000000001 -31.784302999478026 1.28962354348159 1.2896235437146535
3.710000000000001 -31.82553708839504 1.2955930865374106 1.295593086770679
3.700000000000001 -31.866777277189602 1.3016116456360332 1.3016116458695062
3.690000000000001 -31.908023552271192 1.307679751248094 1.3076797514817713
3.680000000000001 -31.949275900026453 1.3137979410622784 1.3137979412961596
3.670000000000001 -31.99053430681932 1.3199667601034846 1.319966760337569
3.660000000000001 -32.03179875899097 1.3261867608532514 1.3261867610875395
3.650000000000001 -32.073069242860015 1.3324585033725025 1.3324585036069934
3.640000000000001 -32.11434574472239 1.3387825554266475 1.3387825556613406
3.630000000000001 -32.15562825085162 1.3451594926131045 1.345159492848
3.620000000000001 -32.19691674749867 1.3515898984912897 1.3515898987263877
3.6100000000000008 -32.23821122089213 1.358074364715132 1.3580743649504314
3.600000000000001 -32.27951165723828 1.364613491168165 1.3646134914036658
3.5900000000000007 -32.320818042721044 1.3712078861012615 1.3712078863369632
3.580000000000001 -32.36213036350214 1.37785816627306 1.3778581665089624
3.5700000000000007 -32.40344860572111 1.3845649570931513 1.3845649573292542
3.560000000000001 -32.444772755495386 1.391328892768086 1.3913288930043886
3.5500000000000007 -32.48610279892032 1.398150616450261 1.3981506166867632
3.540000000000001 -32.52743872206929 1.4050307803897557 1.4050307806264575
3.5300000000000007 -32.5687805109937 1.411970046089187 1.411970046326088
3.520000000000001 -32.6101281517231 1.4189690844616416 1.4189690846987408
3.510000000000001 -32.65148163026519 1.4260285759917677 1.4260285762290652
3.500000000000001 -32.6928409326059 1.4331492109000914 1.433149211137587
3.490000000000001 -32.73420604470945 1.4403316893106328 1.4403316895483262
3.480000000000001 -32.77557695251843 1.4475767214219004 1.447576721659791
3.470000000000001 -32.8169536419538 1.454885027681337 1.4548850279194243
3.460000000000001 -32.85833609891504 1.4622573389633025 1.4622573392015867
3.450000000000001 -32.899724309280096 1.4696943967506733 1.4696943969891536
3.440000000000001 -32.9411182589055 1.4771969533201397 1.4771969535588159
3.430000000000001 -32.982517933626454 1.4847657719312928 1.4847657721701646
3.420000000000001 -33.02392331925685 1.492401627019587 1.4924016272586536
3.410000000000001 -33.065334401589325 1.500105304393267 1.500105304632529
3.400000000000001 -33.10675116639535 1.5078776014343616 1.5078776016738176
3.390000000000001 -33.14817359942525 1.515719327303822 1.5157193275434726
3.380000000000001 -33.18960168640826 1.5236313031509299 1.523631303390774
3.370000000000001 -33.23103541305268 1.5316143623270486 1.5316143625670862
3.3600000000000008 -33.272474765045814 1.539669350603841 1.5396693508440717
3.350000000000001 -33.31391972805404 1.5477971263960537 1.5477971266364765
3.3400000000000007 -33.355370287722984 1.5559985609889733 1.5559985612295881
3.330000000000001 -33.39682642967741 1.5642745387706753 1.5642745390114823
3.3200000000000007 -33.43828813952146 1.5726259574691768 1.5726259577101758
3.310000000000001 -33.479755402838535 1.5810537283946087 1.5810537286357984
3.3000000000000007 -33.52122820519151 1.5895587766865353 1.5895587769279163
3.290000000000001 -33.56270653212267 1.5981420415665457 1.5981420418081167
3.2800000000000007 -33.60419036915385 1.6068044765962388 1.606804476838
3.270000000000001 -33.64567970178643 1.6155470499407456 1.6155470501826963
3.260000000000001 -33.68717451550148 1.6243707446379123 1.6243707448800524
3.250000000000001 -33.72867479575972 1.6332765588732965 1.6332765591156255
3.240000000000001 -33.7701805280017 1.6422655062611085 1.6422655065036258
3.230000000000001 -33.81169169764768 1.651338616131252 1.6513386163739572
3.220000000000001 -33.85320829009787 1.6604969338226174 1.6604969340655105
3.210000000000001 -33.89473029073242 1.6697415209827773 1.669741521225858
3.200000000000001 -33.936257684911425 1.679073455874248 1.6790734561175151
3.190000000000001 -33.977790457975075 1.688493833687485 1.688493833930939
3.180000000000001 -34.01932859524364 1.6980037668607777 1.6980037671044177
3.170000000000001 -34.060872082017596 1.7076043854072158 1.7076043856510414
3.160000000000001 -34.10242090357762 1.7172968372489164 1.7172968374929276
3.150000000000001 -34.1439750451847 1.7270822885586854 1.7270822888028816
3.140000000000001 -34.18553449208017 1.7369619241093086 1.7369619243536896
3.130000000000001 -34.22709922948577 1.7469369476306675 1.7469369478752328
3.120000000000001 -34.26866924260372 1.75700858217488 1.7570085824196287
3.1100000000000008 -34.310244516616734 1.7671780704896736 1.7671780707346054
3.100000000000001 -34.351825036688155 1.7774466754002005 1.7774466756453156
3.0900000000000007 -34.393410787961955 1.787815680199519 1.7878156804448164
3.080000000000001 -34.43500175556283 1.7982863890479635 1.7982863892934433
3.0700000000000007 -34.476597924596206 1.8088601273816334 1.8088601276272946
3.060000000000001 -34.51819928014837 1.819538242330244 1.8195382425760867
3.0500000000000007 -34.55980580728648 1.8303221031445829 1.8303221033906063
3.040000000000001 -34.60141749105866 1.8412131016338211 1.8412131018800255
3.0300000000000007 -34.643034316493996 1.8522126526129536 1.852212652859338
3.020000000000001 -34.68465626860269 1.8633221943606146 1.8633221946071783
3.010000000000001 -34.72628333237604 1.8745431890875683 1.8745431893343116
3.000000000000001 -34.76791549278653 1.8858771234161467 1.8858771236630685
2.990000000000001 -34.80955273478789 1.8973255088709242 1.8973255091180248
2.980000000000001 -34.85119504331518 1.908889882380948 1.908889882628226
2.970000000000001 -34.89284240328478 1.9205718067938142 1.9205718070412703
2.960000000000001 -34.93449479959455 1.9323728714019317 1.9323728716495647
2.950000000000001 -34.97615221712379 1.9442946924812878 1.9442946927290974
2.940000000000001 -35.01781464073333 1.956338913843066 1.9563389140910523
2.930000000000001 -35.059482055265676 1.9685072073984655 1.9685072076466272
2.920000000000001 -35.101154445544935 1.9808012737370821 1.9808012739854195
2.910000000000001 -35.14283179637695 1.9932228427192267 1.9932228429677386
2.900000000000001 -35.18451409254938 2.0057736740825653 2.0057736743312526
2.890000000000001 -35.22620131883169 2.018455558063482 2.0184555583123425
2.880000000000001 -35.267893459975284 2.031270316033563 2.031270316282597
2.870000000000001 -35.3095905007135 2.0442198011516366 2.044219801400844
2.8600000000000008 -35.35129242576174 2.057305899031802 2.057305899281182
2.850000000000001 -35.39299921981745 2.0705305284278896 2.070530528677442
2.8400000000000007 -35.434710867560234 2.083895641934824 2.0838956421845483
2.830000000000001 -35.476427353651914 2.0974032267073652 2.0974032269572613
2.8200000000000007 -35.51814866273661 2.111055305196723 2.11105530544679
2.810000000000001 -35.55987477944068 2.124853935905554 2.1248539361557905
2.8000000000000007 -35.60160568837296 2.1388012141618624 2.1388012144122697
2.790000000000001 -35.64334137412469 2.152899272912364 2.152899273162941
2.7800000000000007 -35.685081821269605 2.1671502835358494 2.1671502837865955
2.770000000000001 -35.72682701436404 2.181556456677145 2.1815564569280603
2.760000000000001 -35.76857693794695 2.1961200431022645 2.196120043353348
2.750000000000001 -35.81033157653997 2.2108433345753644 2.210843334826615
2.740000000000001 -35.85209091464752 2.225728664758146 2.2257286650095645
2.730000000000001 -35.89385493675676 2.2407784101323607 2.2407784103839457
2.720000000000001 -35.935623627337804 2.255994990946097 2.2559949911978485
2.710000000000001 -35.97739697084362 2.271380872184563 2.27138087243648
2.700000000000001 -36.01917495171023 2.286938564566073 2.2869385648181564
2.690000000000001 -36.060957554356676 2.3026706255640095 2.3026706258162575
2.680000000000001 -36.10274476318511 2.318579660455522 2.3185796607079348
2.670000000000001 -36.1445365625809 2.334668323397774 2.334668323650351
2.660000000000001 -36.18633293691261 2.3509393185325647 2.3509393187853047
2.650000000000001 -36.22813387053211 2.3673954011201817 2.367395401373085
2.640000000000001 -36.26993934777462 2.384039378703381 2.3840393789564476
2.630000000000001 -36.3117493529588 2.400874112302399 2.4008741125556274
2.620000000000001 -36.35356387038674 2.417902517641956 2.4179025178953464
2.6100000000000008 -36.395382884344144 2.435127566411236 2.4351275666647876
2.600000000000001 -36.43720637910022 2.4525522875578414 2.4525522878115535
2.5900000000000007 -36.47903433890792 2.4701797686167994 2.470179768870672
2.580000000000001 -36.5208667480039 2.4880131570756907 2.4880131573297226
2.5700000000000007 -36.562703590608564 2.5060556617770318 2.506055662031223
2.560000000000001 -36.60454485092619 2.5243105543590802 2.52431055461343
2.5500000000000007 -36.646390513144944 2.5427811707362706 2.542781170990779
2.540000000000001 -36.68824056143696 2.561470912620525 2.561470912875191
2.5300000000000007 -36.7300949799584 2.5803832490847403 2.5803832493395644
2.520000000000001 -36.77195375284954 2.5995217181697967 2.599521718424777
2.510000000000001 -36.813816864234774 2.6188899285364613 2.618889928791598
2.500000000000001 -36.855684298222684 2.638491561163647 2.63849156141894
2.490000000000001 -36.897556038906174 2.6583303710945043 2.6583303713499524
2.480000000000001 -36.93943207036246 2.6784101892318994 2.6784101894875025
2.470000000000001 -36.98131237665312 2.6987349241848757 2.698734924440633
2.460000000000001 -37.02319694182424 2.7193085641677666 2.7193085644236783
2.450000000000001 -37.06508574990639 2.74013517895368 2.7401351792097444
2.440000000000001 -37.10697878491468 2.76121892188413 2.7612189221403476
2.430000000000001 -37.14887603084896 2.7825640319366958 2.782564032193066
2.420000000000001 -37.19077747169367 2.804174835852595 2.804174836109116
2.410000000000001 -37.232683091418075 2.826055750326188 2.8260557505828605
2.400000000000001 -37.27459287397622 2.84821128425848 2.8482112845153043
2.390000000000001 -37.31650680330707 2.870646041076756 2.8706460413337305
2.380000000000001 -37.35842486333454 2.893364721122584 2.893364721379707
2.370000000000001 -37.400347037967485 2.916372124110502 2.9163721243677747
2.3600000000000008 -37.442273311099896 2.9396731516597847 2.9396731519172064
2.350000000000001 -37.484203666610874 2.9632728099017824 2.9632728101593524
2.3400000000000007 -37.526138088364675 2.987176212165423 2.987176212423141
2.330000000000001 -37.56807656021084 3.0113885817435717 3.011388582001437
2.3200000000000007 -37.610019065984204 3.035915254743034 3.0359152550010453
2.310000000000001 -37.651965589505025 3.0607616830211035 3.0607616832792623
2.3000000000000007 -37.6939161145789 3.0859334372116933 3.0859334374699974
2.290000000000001 -37.73587062499701 3.1114362098441455 3.1114362101025943
2.2800000000000007 -37.77782910453605 3.1372758185580283 3.137275818816622
2.270000000000001 -37.81979153695836 3.1634582094172674 3.163458209676006
2.260000000000001 -37.861757906011945 3.189989460327163 3.1899894605860446
2.250000000000001 -37.90372819543055 3.2168757845579417 3.216875784816967
2.240000000000001 -37.94570238893371 3.244123534378677 3.2441235346378443
2.230000000000001 -37.98768047022687 3.271739204805518 3.271739205064827
2.220000000000001 -38.02966242300138 3.299729437468382 3.2997294377278323
2.210000000000001 -38.07164823093457 3.328101024600395 3.3281010248599867
2.200000000000001 -38.113637877689804 3.3568609131545535 3.3568609134142857
2.190000000000001 -38.15563134691662 3.3860162090522716 3.3860162093121433
2.180000000000001 -38.197628622250676 3.4155741815686587 3.41557418182867
2.170000000000001 -38.239629687313865 3.445542267859585 3.445542268119734
2.160000000000001 -38.281634525714416 3.4759280776357926 3.475928077896081
2.150000000000001 -38.32364312104687 3.5067393979895436 3.50673939824997
2.140000000000001 -38.36565545689224 3.537984198379512 3.5379841986400753
2.130000000000001 -38.40767151681796 3.569670635779886 3.569670636040585
2.120000000000001 -38.44969128437809 3.6018070599998806 3.6018070602607164
2.1100000000000008 -38.49171474311322 3.6344020191801545 3.6344020194411257
2.100000000000001 -38.533741876550614 3.667464265472864 3.6674642657339707
2.0900000000000007 -38.575772668204344 3.7010027609124156 3.701002761173657
2.080000000000001 -38.617807101575174 3.7350266834842705 3.7350266837456454
2.0700000000000007 -38.6598451601508 3.769545433399457 3.769545433660965
2.060000000000001 -38.70188682740579 3.804568639582823 3.8045686398444634
2.0500000000000007 -38.74393208680168 3.840106166383359 3.8401061666451324
2.040000000000001 -38.78598092178709 3.8761681205153637 3.8761681207772685
2.0300000000000007 -38.8280333157977 3.912764858239524 3.9127648585015598
2.020000000000001 -38.87008925225639 3.949906992793469 3.949906993055635
2.010000000000001 -38.91214871457323 3.9876054020817446 3.987605402344041
2.000000000000001 -38.95421168614557 4.025871236635599 4.025871236898024
1.9900000000000009 -38.996278150358194 4.064715927853456 4.06471592811601
1.9800000000000009 -39.03834809058317 4.104151196533475 4.104151196796157
1.9700000000000009 -39.08042149018013 4.144189061710032 4.144189061972844
1.9600000000000009 -39.12249833249622 4.184841849806622 4.184841850069561
1.9500000000000008 -39.16457860086618 4.226122204118142 4.2261222043812054
1.9400000000000008 -39.20666227861238 4.268043094636209 4.268043094899399
1.9300000000000008 -39.24874934904496 4.310617828231751 4.310617828495067
1.9200000000000008 -39.29083979546183 4.353860059209809 4.35386005947325
1.9100000000000008 -39.33293360114872 4.397783800252158 4.3977838005157235
1.9000000000000008 -39.37503074937929 4.4424034337641505 4.44240343402784
1.890000000000001 -39.41713122341517 4.4877337236429025 4.487733723906714
1.880000000000001 -39.459235006506034 4.533789827484832 4.533789827748767
1.870000000000001 -39.5013420818896 4.580587309251376 4.580587309515432
1.860000000000001 -39.5434524327918 4.628142152412646 4.6281421526768245
1.850000000000001 -39.58556604242677 4.6764707735897515 4.67647077385405
1.840000000000001 -39.62768289399687 4.725590036717532 4.72559003698195
1.830000000000001 -39.669802970692906 4.775517267750502 4.775517268015041
1.820000000000001 -39.71192625569401 4.826270269935958 4.826270270200617
1.810000000000001 -39.75405273216781 4.877867339679389 4.877867339944165
1.800000000000001 -39.796182383270455 4.930327283028562 4.930327283293456
1.790000000000001 -39.838315192146695 4.983669432804052 4.983669433069064
1.780000000000001 -39.880451141929925 5.0379136664053155 5.0379136666704465
1.770000000000001 -39.92259021574228 5.0930804243229435 5.093080424588189
1.760000000000001 -39.96473239669464 5.149190729389271 5.149190729654631
1.7500000000000009 -40.006877667886755 5.206266206801211 5.206266207066688
1.7400000000000009 -40.04902601240727 5.264329104950908 5.264329105216498
1.7300000000000009 -40.09117741333376 5.323402317101661 5.323402317367366
1.7200000000000009 -40.13333185373289 5.383509403948586 5.383509404214403
1.7100000000000009 -40.17548931666039 5.4446746171054645 5.444674617371395
1.7000000000000008 -40.21764978516112 5.506922923561564 5.506922923827607
1.6900000000000008 -40.2598132422692 5.570280031154424 5.5702800314205785
1.6800000000000008 -40.301979671007985 5.634772415107154 5.634772415373419
1.6700000000000008 -40.344149054390186 5.700427345681399 5.700427345947774
1.6600000000000008 -40.38632137541794 5.767272916999875 5.767272917266361
1.6500000000000008 -40.42849661708283 5.835338077095373 5.835338077361967
1.640000000000001 -40.470674762365945 5.904652659246228 5.904652659512931
1.630000000000001 -40.512855794238014 5.975247414661608 5.975247414928419
1.620000000000001 -40.55503969565936 6.047154046583434 6.047154046850352
1.610000000000001 -40.59722644958009 6.120405245875609 6.120405246142634
1.600000000000001 -40.639416038940034 6.195034728175091 6.195034728442221
1.590000000000001 -40.681608446668875 6.271077272683678 6.271077272950914
1.580000000000001 -40.72380365568622 6.348568762683824 6.348568762951166
1.570000000000001 -40.766001648901586 6.427546227866617 6.427546228134063
1.560000000000001 -40.8082024092146 6.5080478885651365 6.508047888832684
1.550000000000001 -40.85040591951495 6.590113201991869 6.59011320225952
1.540000000000001 -40.89261216268242 6.673782910584603 6.673782910852359
1.530000000000001 -40.93482112158707 6.7590990925714305 6.759099092839288
1.520000000000001 -40.977032779089235 6.846105214871994 6.84610521513995
1.510000000000001 -41.019247118039566 6.934846188459207 6.934846188727266
1.5000000000000009 -41.06146412127913 7.025368426313088 7.025368426581245
1.4900000000000009 -41.10368377163948 7.117719904106328 7.117719904374585
1.4800000000000009 -41.14590605194266 7.211950223769779 7.211950224038135
1.4700000000000009 -41.18813094500133 7.308110680095095 7.3081106803635505
1.4600000000000009 -41.23035843361882 7.406254330541551 7.4062543308101025
1.4500000000000008 -41.272588500589116 7.506436068424366 7.506436068693015
1.4400000000000008 -41.314821128697076 7.608712699673108 7.608712699941852
1.4300000000000008 -41.35705630071829 7.71314302336054 7.713143023629381
1.4200000000000008 -41.39929399941937 7.819787916215127 7.819787916484062
1.4100000000000008 -41.44153420755781 7.9287104213439505 7.928710421612981
1.4000000000000008 -41.48377690788216 8.039975841407566 8.03997584167669
1.390000000000001 -41.52602208313205 8.15365183650385 8.153651836773067
1.380000000000001 -41.56826971603831 8.269808527034904 8.269808527304216
1.370000000000001 -41.610519789322964 8.388518601848963 8.388518602118367
1.360000000000001 -41.65277228569928 8.509857431968786 8.50985743223828
1.350000000000001 -41.695027187871936 8.633903190238787 8.63390319050837
1.340000000000001 -41.737284478536964 8.76073697724556 8.760736977515235
1.330000000000001 -41.779544140381915 8.890442953890576 8.890442954160338
1.320000000000001 -41.82180615608582 9.023108481019708 9.02310848128956
1.310000000000001 -41.864070508319315 9.158824266542176 9.158824266812115
1.300000000000001 -41.90633717974476 9.297684520501559 9.297684520771586
1.290000000000001 -41.94860615301614 9.439787118593935 9.439787118864052
1.280000000000001 -41.99087741077931 9.58523377466311 9.585233774933311
1.270000000000001 -42.033150935671905 9.734130222740669 9.734130223010956
1.260000000000001 -42.07542671032349 9.886586409239221 9.886586409509594
1.2500000000000009 -42.11770471735562 10.042716695951256 10.042716696221712
1.2400000000000009 -42.1599849393819 10.202640074553493 10.202640074824032
1.2300000000000009 -42.202267359007976 10.366480393368128 10.366480393638753
1.2200000000000009 -42.2445519588317 10.534366597187908 10.534366597458613
1.2100000000000009 -42.28683872144314 10.706432981032348 10.706432981303134
1.2000000000000008 -42.32912762942465 10.882819458767647 10.882819459038515
1.1900000000000008 -42.371418665350895 11.063671847593728 11.063671847864676
1.1800000000000008 -42.413711811789035 11.249142169478628 11.249142169749657
1.1700000000000008 -42.45600705129863 11.439388970703984 11.439388970975088
1.1600000000000008 -42.498304366431825 11.634577660775939 11.634577661047128
1.1500000000000008 -42.54060373973334 11.834880872054525 11.834880872325789
1.140000000000001 -42.58290515374056 12.040478841561647 12.04047884183299
1.130000000000001 -42.62520859098363 12.25155981654486 12.251559816816277
1.120000000000001 -42.667514033985455 12.468320485501176 12.468320485772669
1.110000000000001 -42.709821465261804 12.690966436504137 12.690966436775705
1.100000000000001 -42.75213086732135 12.919712644828731 12.919712645100375
1.090000000000001 -42.79444222266575 13.154783992034277 13.154783992305996
1.080000000000001 -42.836755513789726 13.39641581884614 13.396415819117934
1.070000000000001 -42.879070723181094 13.644854514375039 13.644854514646903
1.060000000000001 -42.92138783332083 13.900358144429207 13.900358144701142
1.050000000000001 -42.96370682668312 14.16319712191196 14.163197122183968
1.040000000000001 -43.006027685735475 14.433654922557428 14.43365492282951
1.030000000000001 -43.04835039293878 14.71202884954281 14.71202884981496
1.0200000000000011 -43.090674930747305 14.998630850829175 14.998630851101394
1.0100000000000011 -43.13300128160881 15.293788393427928 15.293788393700218
1.000000000000001 -43.175329427964634 15.597845399169334 15.59784539944169
0.990000000000001 -43.21765935224967 15.91116324696804 15.911163247240461
0.980000000000001 -43.259991036892536 16.234121847041216 16.234121847313702
0.970000000000001 -43.30232446431556 16.56712079304387 16.567120793316427
0.9600000000000011 -43.34465961693485 16.91058059864794 16.91058059892056
0.9500000000000011 -43.386996477160444 17.264944025713177 17.264944025985866
0.9400000000000011 -43.42933502739623 17.630677511886056 17.630677512158808
0.930000000000001 -43.471675250040136 18.00827270622502 18.008272706497838
0.920000000000001 -43.51401712748408 18.39824812229628 18.39824812256916
0.910000000000001 -43.55636064211417 18.80115091912332 18.801150919396257
0.900000000000001 -43.598705776310645 19.21755882141741 19.21755882169041
0.890000000000001 -43.64105251244802 19.648082191678323 19.64808219195138
0.880000000000001 -43.683400832895046 20.0933662680492 20.093366268322324
0.870000000000001 -43.725750720014915 20.554093583253994 20.554093583527177
0.860000000000001 -43.76810215616521 21.030986581559223 21.030986581832465
0.850000000000001 -43.810455123698006 21.52481045250604 21.524810452779334
0.840000000000001 -43.85280960495996 22.036376202178808 22.036376202452164
0.8300000000000011 -43.895165582292336 22.566543985041726 22.56654398531514
0.8200000000000011 -43.93752303803108 23.116226721917922 23.11622672219139
0.810000000000001 -43.97988195450687 23.686394032544303 23.68639403281783
0.800000000000001 -44.0222423140452 24.27807651435427 24.278076514627852
0.790000000000001 -44.06460409896645 24.89237040276824 24.892370403041877
0.780000000000001 -44.106967291585924 25.53044265236902 25.53044265264271
0.770000000000001 -44.14933187421392 26.19353648297062 26.193536483244362
0.760000000000001 -44.19169782915582 26.882977439834647 26.882977440108444
0.750000000000001 -44.23406513871213 27.60018002323764 27.60018002351149
0.740000000000001 -44.27643378517848 28.34665494935139 28.34665494962529
0.730000000000001 -44.31880375084584 29.124017112088865 29.12401711236281
0.720000000000001 -44.36117501800043 29.933994324334694 29.93399432460869
0.7100000000000011 -44.40354756892391 30.778436926988196 30.77843692726224
0.7000000000000011 -44.44592138589329 31.659328365696556 31.659328365970644
0.6900000000000011 -44.488296451181185 32.578796848275786 32.57879684854992
0.680000000000001 -44.530672747055725 33.53912821088123 33.53912821115542
0.670000000000001 -44.57305025578064 34.54278013831783 34.542780138592065
0.660000000000001 -44.61542895961544 35.59239790385371 35.59239790412799
0.650000000000001 -44.6578088408153 36.69083181697105 36.69083181724537
0.640000000000001 -44.700189881631275 37.84115659418934 37.8411565944637
0.630000000000001 -44.742572064310295 39.04669289907019 39.04669289934459
0.620000000000001 -44.784955371095215 40.31103133352073 40.31103133379519
0.610000000000001 -44.827339784224925 41.63805920447229 41.638059204746796
0.600000000000001 -44.86972528593436 43.03199043901952 43.03199043929407
0.590000000000001 -44.91211185845461 44.497399078490645 44.49739907876522
0.5800000000000011 -44.95449948401296 46.039256849281045 46.03925684955566
0.5700000000000011 -44.996888144832994 47.662975387564565 47.662975387839225
0.560000000000001 -45.03927782313454 49.37445378855901 49.37445378883371
0.550000000000001 -45.08166850113391 51.180132261747815 51.18013226202255
0.540000000000001 -45.12406016104377 53.08705280487531 53.087052805150094
0.530000000000001 -45.16645278507342 55.10292796597228 55.1029279662471
0.520000000000001 -45.20884635542861 57.23621894947469 57.23621894974952
0.510000000000001 -45.25124085431187 59.496224546284324 59.4962245465592
0.500000000000001 -45.29363626392228 61.893182636599484 61.893182636874414
0.49000000000000105 -45.33603256645585 64.43838633876257 64.43838633903752
0.48000000000000104 -45.37842974410529 67.14431727006556 67.14431727034054
0.47000000000000103 -45.4208277790603 70.02479886256442 70.02479886283943
0.460000000000001 -45.463226653507476 73.09517325888211 73.09517325915715
0.450000000000001 -45.505626349630475 76.37250602562412 76.3725060258992
0.440000000000001 -45.548026849610004 79.8758237984301 79.87582379870524
0.43000000000000105 -45.59042813562398 83.6263910552011 83.62639105547623
0.42000000000000104 -45.632830189847475 87.64803355728326 87.64803355755843
0.41000000000000103 -45.67523299445286 91.96751767312753 91.96751767340275
0.400000000000001 -45.71763653160983 96.6149968974458 96.61499689772103
0.390000000000001 -45.760040783485486 101.62453952215374 101.62453952242899
0.380000000000001 -45.80244573224442 107.03475476312212 107.0347547633974
0.37000000000000105 -45.84485136004875 112.88953891112273 112.88953891139805
0.36000000000000104 -45.88725764905814 119.23896854017784 119.23896854045317
0.35000000000000103 -45.929664581429954 126.14037485428544 126.14037485456079
0.340000000000001 -45.97207213931928 133.659642403562 133.65964240383744
0.330000000000001 -46.01448030487893 141.87278736419628 141.87278736447172
0.320000000000001 -46.056889060259664 150.86788633480725 150.86788633508266
0.310000000000001 -46.099298387610034 160.74744752223182 160.74744752250726
0.30000000000000104 -46.141708269076624 171.63134419545113 171.63134419572663
0.29000000000000103 -46.1841186868041 183.66046810912883 183.66046810940432
0.280000000000001 -46.226529622935125 197.0013121605495 197.001312160825
0.270000000000001 -46.26894105961062 211.8517625420562 211.85176254233176
0.260000000000001 -46.31135297896963 228.4484794588685 228.44847945914398
0.250000000000001 -46.35376536314962 247.07638456818023 247.07638456845575
0.240000000000001 -46.3961781942863 268.08097148545966 268.08097148573523
0.23000000000000098 -46.438591454513855 291.88444184692696 291.8844418472026
0.220000000000001 -46.481005125964906 319.00708843426304 319.0070884345386
0.210000000000001 -46.52341919077065 350.09596992188654 350.0959699221622
0.20000000000000098 -46.565833631060904 385.96386375789626 385.96386375817184
0.190000000000001 -46.60824842896408 427.6429337191355 427.64293371941113
0.180000000000001 -46.65066356660744 476.4598253490147 476.4598253492903
0.17000000000000098 -46.693079026116976 534.1425553471673 534.1425553474431
0.160000000000001 -46.73549478961751 602.9755636393966 602.9755636396723
0.150000000000001 -46.77791083923288 686.0294256712733 686.0294256715489
0.14000000000000098 -46.820327157085835 787.5093261420398 787.5093261423154
0.130000000000001 -46.86274372529825 913.2980219651181 913.2980219653937
0.120000000000001 -46.905160525991114 1071.8280147179298 1071.8280147182056
0.110000000000001 -46.94757754128458 1275.5325051713996 1275.5325051716754
0.10000000000000099 -46.989994753298085 1543.3596271272775 1543.359627127553
0.090000000000001 -47.03241214415047 1905.3434921396552 1905.3434921399305
0.080000000000001 -47.07482969595993 2411.406461902286 2411.4064619025617
0.07000000000000099 -47.11724739084435 3149.541526394265 3149.541526394541
0.060000000000001004 -47.15966521092125 4286.816292883229 4286.816292883504
0.050000000000001 -47.202083138308254 6172.9427519227975 6172.942751923072
0.040000000000001 -47.24450115512376 9645.130096024526 9645.1300960248
0.030000000000001 -47.28691924348855 17146.769413520025 17146.7694135203
0.020000000000001003 -47.32933738553267 38580.02456056839 38580.02456056866
0.010000000000001 -47.37175556343551 154319.60148022365 154319.60148022394
