12.16 2.9361859785219204 0.3716701432398519 0.3717147404599523
12.15 2.936178224904636 0.37145467486146794 0.3714989950888321
12.14 2.8982519149926107 0.37124033241682475 0.37128437694679595
12.13 2.860310085770591 0.371027113823629 0.37107088394828514
12.12 2.8223527292209325 0.3708150170168883 0.37085851402506465
12.11 2.784379837354156 0.37060403994885815 0.37064726512617296
12.1 2.7463914022091314 0.37039418058899504 0.3704371352178715
12.09 2.708387415853251 0.37018543692390427 0.37022812228359514
12.08 2.6703678703826164 0.3699778069572932 0.37002022432390297
12.07 2.632332757922211 0.36977128870992115 0.3698134393564305
12.06 2.5942820706260883 0.36956588021955245 0.3696077654158409
12.05 2.556215800677549 0.36936157954090915 0.3694032005537779
12.04 2.5181339402893235 0.36915838474562473 0.3691997428388195
12.03 2.480036481703757 0.36895629392219603 0.36899739035643114
12.02 2.4419234171929873 0.3687553051759394 0.3687961412089196
12.01 2.4037947390591343 0.368555416628946 0.3685959935153893
12.0 2.365650439634479 0.36835662642003497 0.3683969454116957
11.99 2.3274905112816504 0.3681589327047116 0.36819899505040293
11.98 2.2893149463938087 0.367962333655123 0.3680021406007392
11.97 2.2511237373948334 0.3677668274600153 0.36780638024855394
11.96 2.2129168767395058 0.36757241232469057 0.3676117121962757
11.95 2.1746943569136983 0.36737908647096595 0.3674181346628695
11.94 2.1364561704345597 0.36718684813713176 0.3672256458837963
11.93 2.0982023098507017 0.36699569557791006 0.36703424411097113
11.92 2.059932767742388 0.36680562706441655 0.3668439276127236
11.91 2.0216475367217237 0.3666166408841183 0.3666546946737572
11.9 1.983346609432841 0.36642873534079484 0.36646654359511077
11.89 1.9450299785520906 0.3662419087545012 0.36627947269411876
11.88 1.9066976367882311 0.36605615946152803 0.36609348030437383
11.87 1.8683495768826186 0.36587148581436396 0.3659085647756885
11.86 1.8299857916093971 0.36568788618165926 0.3657247244740579
11.85 1.7916062737756915 0.36550535894818886 0.36554195778162346
11.84 1.7532110162217966 0.3653239025148153 0.36536026309663594
11.83 1.7148000118213709 0.36514351529845385 0.3651796388334202
11.82 1.6763732534816287 0.36496419573203775 0.36500008342234
11.81 1.6379307341435323 0.3647859422644825 0.36482159530976277
11.8 1.5994724467819876 0.3646087533606526 0.36464417295802587
11.79 1.5609983844060351 0.36443262750132743 0.36446781484540247
11.78 1.522508540059045 0.3642575631831671 0.3642925194660688
11.77 1.4840029068189147 0.3640835589186822 0.3641182853300709
11.76 1.4454814777982607 0.36391061323619994 0.3639451109632926
11.75 1.4069442461446164 0.363738724679832 0.3637729949074238
11.74 1.3683912050406264 0.3635678918094447 0.3636019357199293
11.73 1.329822347704245 0.36339811320062737 0.36343193197401774
11.72 1.2912376673889328 0.36322938744466327 0.3632629822586117
11.71 1.2526371573838524 0.3630617131484986 0.36309508517831784
11.7 1.2140208110140693 0.36289508893471356 0.36292823935339696
11.69 1.1753886216407485 0.36272951344149357 0.3627624434197364
11.68 1.1367405826613532 0.36256498532260195 0.3625976960288208
11.67 1.0980766875098447 0.3624015032473516 0.36243399584770447
11.66 1.0593969296568826 0.36223906590057664 0.3622713415589842
11.65 1.0207013026100218 0.36207767198260743 0.3621097318607724
11.64 0.9819897999139182 0.36191732020924283 0.3619491654666702
11.63 0.9432624151505261 0.36175800931172497 0.36178964110574247
11.62 0.9045191419392995 0.3615997380367137 0.36163115752249153
11.61 0.8657599739373955 0.3614425051462617 0.3614737134768327
11.6 0.8269849048398769 0.3612863094177905 0.36131730774406945
11.59 0.788193928379912 0.3611311496440656 0.3611619391148699
11.58 0.7493870383289805 0.36097702463317355 0.3610076063952425
11.57 0.7105642284970763 0.3608239332084994 0.36085430840651395
11.56 0.6717254927329104 0.3606718742087036 0.36070204398530564
11.55 0.6328708249241163 0.36052084648770033 0.3605508119835126
11.54 0.5940002189974548 0.3603708489146341 0.36040061126828077
11.53 0.5551136689190175 0.36022188037386144 0.3602514407219863
11.52 0.5162111686944345 0.36007393976492913 0.36010329924221524
11.51 0.47729271236907833 0.3599270260025531 0.35995618574174243
11.5 0.4383582940282722 0.3597811380165991 0.3598100991485126
11.49 0.39940790779749524 0.3596362747520649 0.35966503840562053
11.48 0.36044154784258897 0.35949243516905915 0.35952100247129204
11.47 0.3214592083699681 0.35934961824278516 0.35937799031886625
11.46 0.2824608836268244 0.35920782296352133 0.3592360009367771
11.45 0.24344656790133648 0.359067048336605 0.3590950333285361
11.44 0.2044162555228795 0.3589272933824148 0.35895508651271524
11.43 0.16536994086223195 0.35878855713635416 0.3588161595229309
11.42 0.12630761833178714 0.35865083864883585 0.3586782514078268
11.41 0.08722928238576105 0.3585141369852654 0.3585413612310593
11.4 0.04813492752040474 0.3583784512260275 0.35840548807128175
11.39 0.009024548274212976 0.3582437804664699 0.3582706310221303
11.38 -0.03010186077186654 0.35811012381688967 0.3581367891922089
11.37 -0.06924430499421715 0.35797748040251975 0.35800396170507615
11.36 -0.10840278972634587 0.3578458493635154 0.3578721476992313
11.35 -0.14757732025867246 0.35771522985494053 0.35774134632810245
11.34 -0.18676790183831007 0.35758562104675795 0.3576115567600329
11.33 -0.2259745396688627 0.35745702212381425 0.35748277817827007
11.32 -0.26519723891020475 0.35732943228583014 0.35735500978095347
11.31 -0.30443600467827175 0.3572028507473888 0.3572282507811039
11.3 -0.34369084204484446 0.3570772767379264 0.35710250040661273
11.29 -0.3829617560373363 0.3569527095017202 0.35697775790023206
11.28 -0.42224875163857906 0.3568291482978802 0.35685402251956433
11.27 -0.46155183378660647 0.3567065924003402 0.3567312935370538
11.26 -0.5008710073744441 0.35658504109784656 0.35660957023997725
11.25 -0.5402062772498898 0.35646449369395383 0.356488851930436
11.24 -0.579557648215301 0.356344949507014 0.35636913792534786
11.23 -0.6189251250273728 0.356226407870169 0.35625042755643943
11.22 -0.6583087123969344 0.35610886813134596 0.35613272017023967
11.21 -0.6977084149887183 0.35599232965324823 0.3560160151280729
11.2 -0.7371242374211533 0.35587679181335163 0.35590031180605275
11.19 -0.7765561842661455 0.3557622540038971 0.35578560959507693
11.18 -0.8160042600488592 0.3556487156318863 0.35567190790082154
11.17 -0.855468469247498 0.3555361761190761 0.35555920614373654
11.16 -0.8949488162930948 0.35542463490197557 0.3554475037590417
11.15 -0.9344453055692856 0.3553140914318419 0.35533680019672215
11.14 -0.9739579414120936 0.35520454517467637 0.3552270949215257
11.13 -1.0134867281097095 0.35509599561122146 0.35511838741295954
11.12 -1.053031669902278 0.3549884422369591 0.35501067716528756
11.11 -1.0925927709816705 0.3548818845621084 0.3549039636875289
11.1 -1.1321700354912745 0.3547763221116237 0.354798246503456
11.09 -1.1717634675257669 0.35467175442519444 0.35469352515159325
11.08 -1.2113730711308954 0.35456818105724286 0.35458979918521655
11.07 -1.2509988503032627 0.35446560157692447 0.35448706817235354
11.06 -1.2906408089901016 0.3543640155681307 0.35438533169578307
11.05 -1.3302989510890566 0.3542634226294858 0.354284589353036
11.04 -1.3699732804479618 0.35416382237434935 0.35418484075639667
11.03 -1.4096638008646205 0.35406521443081995 0.3540860855329045
11.02 -1.4493705160865857 0.3539675984417345 0.3539883233243556
11.01 -1.489093429810935 0.3538709740646713 0.35389155378730547
11.0 -1.528832545684053 0.35377534097195446 0.35379577659307204
10.99 -1.5685878673014049 0.3536806988506557 0.3537009914277392
10.98 -1.608359398207319 0.35358704740259894 0.35360719799215984
10.97 -1.6481471418947622 0.35349438634436386 0.35351439600196116
10.96 -1.687951101805116 0.3534027154072927 0.3534225851875488
10.95 -1.7277712813279569 0.3533120343374929 0.35333176529411214
10.94 -1.767607683800833 0.35322234289584514 0.3532419360816304
10.93 -1.8074603125090398 0.35313364085800725 0.3531530973248779
10.92 -1.8473291706853951 0.3530459280144219 0.35306524881343143
10.91 -1.8872142615100238 0.352959204170324 0.3529783903516769
10.9 -1.9271155881101232 0.35287346914574813 0.352892521758817
10.89 -1.9670331535597478 0.35278872277553575 0.35280764286887867
10.88 -2.006966960879583 0.3527049649093437 0.35272375353072244
10.87 -2.0469170130367185 0.3526221954116542 0.3526408536080501
10.86 -2.0868833129444293 0.35254041416178356 0.35255894297941526
10.85 -2.126865863461947 0.3524596210538909 0.3524780215382319
10.84 -2.1668646673942384 0.35237981599699 0.3523980891927857
10.83 -2.2068797274917804 0.3523009989149594 0.3523191458662441
10.82 -2.2469110464503346 0.35222316974655316 0.3522411914966675
10.81 -2.2869586269107214 0.3521463284454132 0.3521642260370214
10.8 -2.3270224714586 0.35207047498008176 0.3520882494551877
10.79 -2.3671025826242404 0.35199560933401225 0.3520132617339779
10.78 -2.407198962882294 0.3519217315055844 0.35193926287114596
10.77 -2.4473116146515794 0.35184884150811574 0.3518662528794015
10.76 -2.487440540294847 0.351776939369877 0.3517942317864244
10.75 -2.5275857421185575 0.35170602513410615 0.3517231996348784
10.74 -2.56774722237266 0.3516360988590233 0.3516531564824268
10.73 -2.607924983250362 0.3515671606178466 0.35158410240174715
10.72 -2.6481190268879065 0.35149921049880695 0.35151603748054777
10.71 -2.688329355364344 0.3514322486051651 0.35144896182158314
10.7 -2.728555970701311 0.35136627505522855 0.35138287554267206
10.69 -2.7687988748627976 0.3513012899823683 0.3513177787767132
10.68 -2.8090580697549314 0.35123729353503647 0.3512536716717044
10.67 -2.8493335572257474 0.35117428587678584 0.3511905543907599
10.66 -2.8896253390649562 0.35111226718628735 0.3511284271121296
10.65 -2.9299334170037326 0.3510512376573491 0.35106729002921777
10.64 -2.9702577927144738 0.35099119749893737 0.35100714335060296
10.63 -3.010598467810587 0.35093214693519487 0.3509479873000582
10.62 -3.0509554438462554 0.35087408620546334 0.3508898221165716
10.61 -3.0913287223162187 0.35081701556430295 0.3508326480543673
10.6 -3.131718304655541 0.3507609352815161 0.350776465382927
10.59 -3.1721241922393912 0.3507058456421659 0.3507212743870124
10.58 -3.212546386382809 0.35065174694660234 0.35066707536668745
10.57 -3.2529848883404964 0.35059863951048426 0.35061386863734156
10.56 -3.2934396993065684 0.3505465236648014 0.35056165452971305
10.55 -3.3339108204143524 0.35049539975590044 0.3505104333899132
10.54 -3.374398252736141 0.3504452681455086 0.35046020557945107
10.53 -3.4149019972829846 0.35039612921075836 0.350410971475258
10.52 -3.4554220550044485 0.35034798334421435 0.3503627314697137
10.51 -3.4959584267884076 0.35030083095389764 0.3503154859706716
10.5 -3.5365111134608034 0.350254672463314 0.3502692354014863
10.49 -3.577080115785431 0.35020950831147835 0.35022398020103973
10.48 -3.617665434463709 0.3501653389529463 0.35017972082376925
10.47 -3.658267070134454 0.35012216485783804 0.35013645773969543
10.46 -3.698885023373662 0.35007998651187006 0.3500941914344507
10.45 -3.739519294694276 0.35003880441638285 0.35005292240930824
10.44 -3.780169884545966 0.3499986190883685 0.35001265118121194
10.43 -3.8208367933149048 0.34995943106050487 0.34997337828280617
10.42 -3.861520021323543 0.3499212408811848 0.34993510426246627
10.41 -3.9022195688303856 0.34988404911454446 0.3498978296843299
10.4 -3.9429354360297637 0.34984785634049836 0.3498615551283289
10.39 -3.9836676230516233 0.3498126631547701 0.3498262811902208
10.38 -4.024416129961286 0.3497784701689248 0.34979200848162206
10.37 -4.065180956759237 0.3497452780104028 0.3497587376300412
10.36 -4.105962103380897 0.3497130873225538 0.349726469278912
10.35 -4.146759569696401 0.3496818987646701 0.3496952040876286
10.34 -4.187573355510378 0.3496517130120224 0.34966494273157955
10.33 -4.228403460561721 0.34962253075589383 0.3496356859021837
10.32 -4.269249884523373 0.34959435270361783 0.3496074343069256
10.31 -4.310112627002099 0.34956717957861155 0.3495801886693922
10.3 -4.350991687538271 0.34954101212041666 0.34955394972930975
10.29 -4.3918870656056415 0.3495158510847326 0.34952871824258097
10.28 -4.432798760611115 0.3494916972434577 0.34950449498132335
10.27 -4.473726771894547 0.34946855138472793 0.34948128073390794
10.26 -4.5146710987285035 0.3494464143129529 0.349459076304998
10.25 -4.555631740318051 0.3494252868488578 0.349437882515589
10.24 -4.5966086958005326 0.34940516982952446 0.3494177002030484
10.23 -4.637601964245353 0.34938606410843026 0.3493985302211572
10.22 -4.6786115446537515 0.3493679705554897 0.3493803734401504
10.21 -4.7196374359585835 0.34935089005709713 0.34936323074675946
10.2 -4.760679637024113 0.3493348235161691 0.3493471030442547
10.19 -4.801738146645778 0.34931977185218727 0.34933199125248826
10.18 -4.842812963549981 0.34930573600124026 0.3493178963079375
10.17 -4.883904086393873 0.34929271691607133 0.3493048191637495
10.16 -4.925011513765133 0.34928071556612017 0.34929276078978555
10.15 -4.966135244181741 0.34926973293756924 0.34928172217266673
10.14 -5.007275276091782 0.34925977003338976 0.3492717043158194
10.13 -5.048431607873214 0.34925082787338785 0.3492627082395221
10.12 -5.089604237833657 0.3492429074942523 0.34925473498095244
10.11 -5.1307931642101705 0.3492360099496019 0.3492477855942346
10.1 -5.1719983851690525 0.3492301363100322 0.34924186115048816
10.09 -5.213219898805609 0.3492252876631666 0.34923696273787597
10.08 -5.254457703143955 0.349221465113705 0.34923309146165465
10.07 -5.295711796136784 0.3492186697834731 0.3492302484442237
10.06 -5.336982175665169 0.34921690281147466 0.34922843482517696
10.05 -5.378268839538338 0.3492161653539404 0.3492276517613533
10.04 -5.4195717854934715 0.3492164585843814 0.3492279004268884
10.03 -5.460891011195483 0.34921778369364087 0.34922918201326797
10.02 -5.502226514236807 0.34922014188994904 0.34923149772938006
10.01 -5.543578292137195 0.3492235343989758 0.349234848801569
10.0 -5.584946342343502 0.3492279624638823 0.34923923647369004
9.99 -5.626330662229466 0.3492334273453802 0.34924466200716375
9.98 -5.667731249095516 0.3492399303217846 0.3492511266810321
9.97 -5.709148100168548 0.34924747268907136 0.34925863179201455
9.96 -5.750581212601726 0.3492560557609334 0.3492671786545649
9.95 -5.7920305834742685 0.3492656808688378 0.34927676860092843
9.94 -5.83349620979124 0.34927634936208524 0.3492874029812006
9.93 -5.8749780884833545 0.34928806260786877 0.34929908316338565
9.92 -5.916476216406752 0.3493008219913312 0.3493118105334559
9.91 -5.95799059034281 0.3493146289156257 0.3493255864954118
9.9 -5.999521206997926 0.34932948480198056 0.349340412471343
9.89 -6.0410680630033164 0.3493453910897545 0.34935628990148976
9.88 -6.08263115491482 0.3493623492365018 0.3493732202443043
9.87 -6.124210479212679 0.34938036071803635 0.34939120497651477
9.86 -6.165806032301356 0.3493994270284932 0.3494102455931874
9.85 -6.2074178105093125 0.3494195496803917 0.34943034360779185
9.84 -6.249045810088821 0.3494407302047022 0.3494515005522648
9.83 -6.29069002721576 0.3494629701509125 0.3494737179770763
9.82 -6.332350457989411 0.34948627108708985 0.3494969974512956
9.81 -6.374027098432261 0.34951063459995313 0.34952134056265793
9.8 -6.415719944489813 0.34953606229493467 0.3495467489176324
9.79 -6.457428992030373 0.3495625557962534 0.3495732241414896
9.78 -6.499154236844857 0.34959011674698093 0.34960076787837135
9.77 -6.540895674646604 0.34961874680911303 0.3496293817913599
9.76 -6.5826533010711685 0.3496484476636381 0.34965906756254833
9.75 -6.624427111676134 0.34967922101060966 0.3496898268931119
9.74 -6.666217101940909 0.3497110685692179 0.3497216615033797
9.73 -6.7080232672665465 0.3497439920778624 0.3497545731329072
9.72 -6.749845602975539 0.349777993294224 0.3497885635405497
9.71 -6.791684104311637 0.3498130739953399 0.34982363450453635
9.7 -6.833538766439648 0.3498492359776815 0.3498597878225446
9.69 -6.875409584445252 0.34988648105722314 0.3498970253117765
9.68 -6.91729655333481 0.34992481106952444 0.34993534880903404
9.67 -6.959199668035182 0.34996422786980336 0.34997476017079676
9.66 -7.001118923393528 0.3500047333330171 0.3500152612732996
9.65 -7.043054314177125 0.35004632935393937 0.350056854012611
9.64 -7.085005835073189 0.3500890178472374 0.3500995403047131
9.63 -7.126973480688679 0.3501328007475565 0.3501433220855807
9.62 -7.168957245550117 0.3501776800095972 0.3501882013112631
9.61 -7.2109571241034045 0.350223657608198 0.3502341799579656
9.6 -7.252973110713645 0.3502707355384213 0.3502812600221315
9.59 -7.295005199664947 0.3503189158156303 0.35032944352052625
9.58 -7.337053385160265 0.3503682004755773 0.3503787324903206
9.57 -7.379117661321201 0.3504185915744882 0.3504291289891762
9.56 -7.421198022187833 0.35047009118914774 0.3504806350953313
9.55 -7.4632944617185455 0.3505227014169849 0.35053325290768644
9.54 -7.505406973789837 0.3505764243761622 0.35058698454589304
9.53 -7.547535552196159 0.35063126220566243 0.35064183215044065
9.52 -7.58968019064972 0.3506872170653797 0.3506977978827466
9.51 -7.631840882780342 0.350744291136205 0.3507548839252453
9.5 -7.674017622135265 0.35080248662012276 0.3508130924814797
9.49 -7.716210402178978 0.3508618057402968 0.3508724257761919
9.48 -7.758419216293054 0.3509222507411671 0.3509328860554166
9.47 -7.800644057775982 0.3509838238885403 0.3509944755865741
9.46 -7.842884919842991 0.3510465274696852 0.3510571966585636
9.45 -7.885141795625889 0.3511103637934288 0.35112105158185974
9.44 -7.9274146781728865 0.35117533519024985 0.3511860426886077
9.43 -7.969703560448454 0.3512414440123752 0.35125217233271994
9.42 -8.012008435333122 0.3513086926338804 0.3513194428899745
9.41 -8.05432929562335 0.3513770834507898 0.3513878567581129
9.4 -8.096666134031357 0.3514466188811677 0.3514574163569408
9.39 -8.13901894318494 0.3515173013652308 0.3515281241284271
9.38 -8.181387715627348 0.3515891333654389 0.3515999825368066
9.37 -8.223772443817099 0.35166211736660236 0.35167299406868163
9.36 -8.266173120127828 0.3517362558759857 0.35174716123312555
9.35 -8.308589736848132 0.35181155142340975 0.35182248656178694
9.34 -8.351022286181427 0.3518880065613571 0.35189897260899466
9.33 -8.393470760245767 0.3519656238650808 0.35197662195186435
9.32 -8.435935151073721 0.35204440593270736 0.352055437190405
9.31 -8.478415450612198 0.3521243553853489 0.3521354209476275
9.3 -8.520911650722317 0.3522054748672104 0.35221657586965366
9.29 -8.56342374317925 0.3522877670456964 0.35229890462582564
9.28 -8.60595171967206 0.3523712346115284 0.3523824099088181
9.27 -8.648495571803583 0.3524558802788535 0.35246709443474894
9.26 -8.691055291090262 0.35254170678535607 0.35255296094329375
9.25 -8.733630868962013 0.3526287168923749 0.352640012197799
9.24 -8.776222296762073 0.35271691338501643 0.35272825098539684
9.23 -8.818829565746876 0.3528062990722695 0.35281768011712256
9.22 -8.861452667085898 0.3528968767871277 0.3529083024280301
9.21 -8.904091591861528 0.3529886493867009 0.35300012077731197
9.2 -8.946746331068926 0.35308161975233987 0.3530931380484173
9.19 -8.989416875615886 0.3531757907897533 0.35318735714917265
9.18 -9.032103216322708 0.35327116542913123 0.3532827810119034
9.17 -9.074805343922069 0.3533677466252676 0.3533794125935566
9.16 -9.117523249058877 0.3534655373576809 0.35347725487582415
9.15 -9.160256922290149 0.3535645406307428 0.3535763108652673
9.14 -9.203006354084895 0.3536647594738009 0.3536765835934436
9.13 -9.245771534823966 0.35376619694130845 0.3537780761170323
9.12 -9.288552454799952 0.35386885611295066 0.3538807915179638
9.11 -9.331349104217052 0.3539727400937714 0.35398473290354804
9.1 -9.374161473190934 0.3540778520143102 0.35408990340660496
9.09 -9.416989551748639 0.3541841950307269 0.35419630618559644
9.08 -9.459833329828449 0.3542917723249395 0.3543039444247582
9.07 -9.502692797279774 0.3544005871047547 0.3544128213342347
9.06 -9.545567943863027 0.35451064260400306 0.35452294015021313
9.05 -9.588458759249525 0.3546219420826779 0.3546343041350604
9.04 -9.631365233021347 0.35473448882707026 0.35474691657745994
9.03 -9.674287354671263 0.3548482861499058 0.3548607807925508
9.02 -9.717225113602591 0.3549633373904907 0.3549759001220673
9.01 -9.760178499129102 0.3550796459148473 0.3550922779344802
9.0 -9.803147500474909 0.3551972151158568 0.3552099176251389
8.99 -9.846132106774368 0.3553160484134067 0.3553288226164152
8.98 -9.88913230707197 0.35543614925453154 0.35544899635784766
8.97 -9.932148090322238 0.35555752111356076 0.35557044232628837
8.96 -9.975179445389628 0.3556801674922664 0.3556931640260504
8.95 -10.018226361048427 0.35580409192001006 0.35581716498905536
8.94 -10.061288825982675 0.3559292979538943 0.3559424487749849
8.93 -10.10436682878604 0.35605578917891506 0.3560690189714303
8.92 -10.14746035796174 0.3561835692081112 0.3561968791940472
8.91 -10.19056940192246 0.35631264168272103 0.35632603308670757
8.9 -10.233693948990238 0.3564430102723373 0.3564564843216563
8.89 -10.276833987396405 0.35657467867506093 0.3565882365996672
8.88 -10.31998950528148 0.3567076506176638 0.3567212936502015
8.87 -10.363160490695094 0.356841929855744 0.35685565923156687
8.86 -10.406346931595886 0.35697752017389034 0.3569913371310785
8.85 -10.449548815851463 0.35711442538584115 0.35712833116522125
8.84 -10.492766131238273 0.3572526493346485 0.3572666451798131
8.83 -10.535998865441577 0.3573921958928466 0.35740628305017064
8.82 -10.579247006055317 0.35753306896261366 0.35754724868127524
8.81 -10.622510540582102 0.3576752724759427 0.35768954600794073
8.8 -10.665789456433082 0.3578188103948114 0.3578331789949839
8.79 -10.709083740927914 0.3579636867113489 0.3579781516373939
8.78 -10.752393381294675 0.35810990544801347 0.35812446796050595
8.77 -10.79571836466982 0.3582574706577629 0.3582721320201743
8.76 -10.839058678098079 0.35840638642423284 0.3584211479029486
8.75 -10.882414308532422 0.3585566568619095 0.3585715197262499
8.74 -10.925785242833992 0.3587082861163125 0.3587232516385494
8.73 -10.96917146777204 0.35886127836417187 0.3588763478195489
8.72 -11.012572970023887 0.35901563781361223 0.35903081248036217
8.71 -11.05598973617485 0.35917136870433286 0.3591866498636979
8.7 -11.099421752718191 0.3593284753077954 0.359343864244045
8.69 -11.14286900605507 0.35948696192740864 0.35950245992785856
8.68 -11.186331482494495 0.35964683289871485 0.3596624412537478
8.67 -11.229809168253288 0.35980809258958485 0.35982381259266655
8.66 -11.273302049456019 0.3599707454004048 0.3599865783481035
8.65 -11.316810112134968 0.36013479576427015 0.3601507429562762
8.64 -11.3603333422301 0.3603002481471803 0.3603163108863248
8.63 -11.403871725589003 0.36046710704823615 0.36048328664050905
8.62 -11.447425247966873 0.3606353769998374 0.3606516747544064
8.61 -11.490993895026465 0.36080506256788164 0.36082147979711154
8.6 -11.534577652338069 0.3609761683519659 0.360992706371438
8.59 -11.578176505379464 0.36114869898559093 0.3611653591141217
8.58 -11.621790439535905 0.36132265913636713 0.36133944269602586
8.57 -11.665419440100107 0.3614980535062203 0.36151496182234794
8.56 -11.70906349227219 0.36167488683159915 0.36169192123282823
8.55 -11.752722581159675 0.36185316388368804 0.36187032570196065
8.54 -11.796396691777462 0.36203288946861817 0.36205018003920514
8.53 -11.840085809047828 0.36221406842768133 0.3622314890892012
8.52 -11.88378991780038 0.3623967056375466 0.3624142577319851
8.51 -11.927509002772057 0.36258080601048015 0.3625984908832067
8.5 -11.971243048607125 0.36276637449456056 0.3627841934943502
8.49 -12.014992039857166 0.3629534160739067 0.3629713705529557
8.48 -12.058755960981065 0.36314193576889464 0.3631600270828426
8.47 -12.102534796345001 0.3633319386363917 0.36335016814433635
8.46 -12.146328530222464 0.36352342976997554 0.3635417988344946
8.45 -12.190137146794232 0.3637164143001697 0.3637349242873383
8.44 -12.23396063014839 0.3639108973946727 0.36392954967408275
8.43 -12.27779896428033 0.36410688425859294 0.36412568020337144
8.42 -12.321652133092744 0.3643043801346841 0.364323321121512
8.41 -12.365520120395663 0.3645033903035814 0.3645224777127137
8.4 -12.409402909906444 0.3647039200840461 0.36472315529932786
8.39 -12.453300485249775 0.3649059748332042 0.36492535924208963
8.38 -12.497212829957727 0.3651095599467885 0.3651290949403624
8.37 -12.541139927469736 0.36531468085939023 0.36533436783238377
8.36 -12.58508176113265 0.3655213430447027 0.36554118339551467
8.35 -12.629038314200733 0.3657295520157786 0.3657495471464895
8.34 -12.6730095698357 0.36593931332527324 0.3659594646416695
8.33 -12.716995511106742 0.3661506325657077 0.3661709414772971
8.32 -12.760996120990558 0.36636351536972345 0.3663839832897546
8.31 -12.80501138237138 0.36657796741034204 0.36659859575582265
8.3 -12.849041278041021 0.36679399440122773 0.36681478459294287
8.29 -12.893085790698901 0.36701160209695116 0.3670325555594817
8.28 -12.937144902952092 0.3672307962932563 0.36725191445499783
8.27 -12.98121859731536 0.367451582827327 0.36747286712050986
8.26 -13.025306856211197 0.3676739675780643 0.3676954194387689
8.25 -13.06940966196989 0.36789795646635465 0.3679195773345319
8.24 -13.113526996829556 0.36812355545534753 0.3681453467748373
8.23 -13.157658842936197 0.3683507705507349 0.3683727337692844
8.22 -13.201805182343751 0.3685796078010342 0.3686017443703143
8.21 -13.24596599701415 0.36881007329786775 0.3688323846734932
8.2 -13.290141268817385 0.3690421731762499 0.36906466081779915
8.190000000000001 -13.334330979531565 0.36927591361487927 0.36929857898590956
8.180000000000001 -13.378535110842973 0.36951130083642525 0.3695341454044939
8.170000000000002 -13.422753644346145 0.36974834110782695 0.36977136634450664
8.16 -13.466986561543935 0.36998704074058675 0.3700102481214838
8.15 -13.511233843847576 0.3702274060910636 0.37025079709584185
8.14 -13.555495472576776 0.3704694435607897 0.37049301967318027
8.13 -13.599771428959773 0.37071315959676093 0.37073692230458555
8.120000000000001 -13.644061694133425 0.37095856069175115 0.37098251148693795
8.110000000000001 -13.68836624914329 0.37120565338461803 0.37122979376322196
8.100000000000001 -13.73268507494372 0.3714544442606203 0.37147877572283894
8.090000000000002 -13.777018152397929 0.37170493995172893 0.37172946400192275
8.08 -13.821365462278093 0.371957147136949 0.37198186528365773
8.07 -13.865726985265455 0.37221107254263947 0.3722359862985997
8.06 -13.910102701950391 0.3724667229428386 0.3724918338250009
8.05 -13.954492592832526 0.3727241051595871 0.3727494146891365
8.040000000000001 -13.998896638320836 0.37298322606326273 0.37300873576563454
8.030000000000001 -14.043314818733748 0.3732440925729107 0.37326980397780823
8.020000000000001 -14.087747114299246 0.37350671165658045 0.3735326262979933
8.010000000000002 -14.132193505154953 0.37377109033166256 0.37379720974788544
8.000000000000002 -14.176653971348301 0.37403723566523617 0.3740635613988835
7.990000000000001 -14.221128492836577 0.37430515477440723 0.3743316883724335
7.980000000000001 -14.265617049487084 0.37457485482666414 0.3746015978403779
7.970000000000001 -14.310119621077249 0.3748463430402198 0.3748732970253056
7.960000000000001 -14.354636187294721 0.37511962668437604 0.3751467932009081
7.950000000000001 -14.399166727737537 0.37539471307987227 0.3754220936923361
7.940000000000001 -14.443711221914217 0.37567160959925755 0.37569920587656064
7.930000000000001 -14.488269649243893 0.37595032366724157 0.3759781371827377
7.920000000000001 -14.532841989056472 0.37623086276107376 0.37625889509257576
7.910000000000001 -14.57742822059272 0.3765132344109069 0.3765414871407065
7.900000000000001 -14.62202832300445 0.37679744620017797 0.3768259209150592
7.890000000000001 -14.666642275354628 0.3770835057659776 0.37711220405723833
7.880000000000001 -14.711270056617531 0.3773714207994408 0.37740034426290503
7.870000000000001 -14.755911645678896 0.377661199046124 0.37769034928216166
7.860000000000001 -14.800567021336056 0.377952848306396 0.3779822269199395
7.8500000000000005 -14.84523616229808 0.37824637643583225 0.3782759850363913
7.840000000000001 -14.889919047185968 0.3785417913456029 0.3785716315472857
7.830000000000001 -14.934615654532763 0.3788391010028806 0.37886917442440676
7.820000000000001 -14.979325962783742 0.37913831343123994 0.3791686216959561
7.8100000000000005 -15.02404995029656 0.3794394367110587 0.37946998144695987
7.800000000000001 -15.06878759534141 0.3797424789799372 0.3797732618196777
7.790000000000001 -15.113538876101217 0.38004744843310534 0.3800784710140174
7.780000000000001 -15.158303770671772 0.3803543533238406 0.3803856172879524
7.770000000000001 -15.203082257061943 0.38066320196389125 0.38069470895794244
7.760000000000001 -15.247874313193815 0.3809740027239054 0.3810057543993601
7.750000000000001 -15.292679916902895 0.38128676403385325 0.3813187620469192
7.740000000000001 -15.337499045938277 0.3816014943834654 0.38163374039510817
7.730000000000001 -15.382331677962831 0.38191820232266505 0.38195069799862746
7.720000000000001 -15.427177790553403 0.3822368964620179 0.38226964347283093
7.710000000000001 -15.472037361200966 0.3825575854731691 0.3825905854941709
7.700000000000001 -15.516910367310867 0.3828802780892983 0.3829135328006482
7.690000000000001 -15.561796786202978 0.3832049831055692 0.383238494192265
7.680000000000001 -15.606696595111915 0.38353170937959197 0.38356547853148376
7.670000000000001 -15.65160977118722 0.38386046583188155 0.3838944947436886
7.660000000000001 -15.696536291493599 0.3841912614463281 0.38422555181765233
7.650000000000001 -15.74147613301109 0.3845241052706634 0.3845586588060069
7.640000000000001 -15.7864292726353 0.38485900641694126 0.3848938248257192
7.630000000000001 -15.8313956871776 0.38519597406201284 0.38523105905857014
7.620000000000001 -15.876375353365345 0.3855350174480148 0.38557037075163925
7.610000000000001 -15.921368247842091 0.3858761458828529 0.38591176921779335
7.6000000000000005 -15.966374347167827 0.3862193687407022 0.3862552638361796
7.590000000000001 -16.01139362781917 0.38656469546249883 0.3866008640527239
7.580000000000001 -16.056426066189623 0.38691213555644877 0.38694857938063315
7.570000000000001 -16.10147163858979 0.38726169859853027 0.3872984194009029
7.5600000000000005 -16.1465303212476 0.3876133942330075 0.38765039376282945
7.550000000000001 -16.19160209030855 0.3879672321729489 0.3880045121845264
7.540000000000001 -16.23668692183594 0.38832322220074567 0.3883607844534476
7.530000000000001 -16.281784791811123 0.3886813741686463 0.3887192204269124
7.520000000000001 -16.326895676133727 0.3890416979992793 0.38907983003263913
7.510000000000001 -16.372019550621918 0.3894042036861977 0.38944262326928036
7.500000000000001 -16.41715639101265 0.38976890129441505 0.3898076102069664
7.490000000000001 -16.462306172961892 0.39013580096095524 0.39017480098785096
7.480000000000001 -16.507468872044928 0.3905049128954065 0.3905442058266644
7.470000000000001 -16.552644463756543 0.39087624738047894 0.3909158350112708
7.460000000000001 -16.597832923511376 0.39124981477256404 0.39128969890323095
7.450000000000001 -16.643034226644094 0.3916256255023047 0.3916658079383711
7.440000000000001 -16.68824834840971 0.3920036900751709 0.39204417262735547
7.430000000000001 -16.73347526398384 0.3923840190720388 0.3924248035562664
7.420000000000001 -16.77871494846297 0.3927666231497716 0.392807711387189
7.410000000000001 -16.823967376864733 0.393151513041813 0.3931929068588009
7.400000000000001 -16.869232524128172 0.3935386995587862 0.3935804007869685
7.390000000000001 -16.91451036511405 0.3939281935890881 0.3939702040653491
7.380000000000001 -16.959800874605104 0.394320006099505 0.3943623276659979
7.370000000000001 -17.00510402730634 0.3947141481358224 0.39475678263998115
7.360000000000001 -17.050419797845315 0.39511063082344217 0.39515358011799634
7.3500000000000005 -17.095748160772455 0.39550946536801296 0.3955527313109966
7.340000000000001 -17.141089090561312 0.39591066305605743 0.39595424751082264
7.330000000000001 -17.186442561608878 0.3963142352556127 0.3963581400908393
7.320000000000001 -17.231808548235893 0.3967201934168694 0.39676442050658023
7.3100000000000005 -17.27718702468712 0.3971285490728296 0.39717310029639663
7.300000000000001 -17.32257796513168 0.3975393138399573 0.39758419108211474
7.290000000000001 -17.367981343663335 0.39795249941884286 0.3979977045696973
7.280000000000001 -17.413397134300823 0.3983681175948705 0.3984136525499125
7.270000000000001 -17.458825310988153 0.3987861802388946 0.3988320468990106
7.260000000000001 -17.50426584759493 0.39920669930792435 0.3992528995794049
7.250000000000001 -17.549718717916658 0.3996296868458097 0.39967622264036123
7.240000000000001 -17.595183895675074 0.40005515498393796 0.4001020282186931
7.230000000000001 -17.640661354518496 0.40048311594194186 0.4005303285394642
7.220000000000001 -17.686151068022088 0.4009135820283964 0.400961135916698
7.210000000000001 -17.731653009688262 0.40134656564154597 0.4013944627540934
7.200000000000001 -17.77716715294697 0.40178207927002685 0.40183032154574844
7.190000000000001 -17.82269347115602 0.4022201354935942 0.4022687248768902
7.180000000000001 -17.868231937601465 0.40266074698385457 0.402709685424613
7.170000000000001 -17.91378252549792 0.4031039265050297 0.4031532159586231
7.160000000000001 -17.959345207988882 0.40354968691468557 0.40359932934199066
7.150000000000001 -18.004919958147127 0.40399804116450894 0.4040480385319098
7.140000000000001 -18.050506748975014 0.4044490023010681 0.40449935658046565
7.130000000000001 -18.096105553404865 0.40490258346658886 0.4049532966354094
7.120000000000001 -18.141716344299297 0.4053587978997382 0.40540987194094036
7.110000000000001 -18.187339094451584 0.4058176589364125 0.40586909583849723
7.1000000000000005 -18.23297377658604 0.40627918001054264 0.4063309817675553
7.090000000000001 -18.278620363358378 0.406743374654889 0.40679554326643363
7.080000000000001 -18.32427882735602 0.40721025650186343 0.40726279397310844
7.070000000000001 -18.369949141098544 0.4076798392843536 0.4077327476260357
7.0600000000000005 -18.415631277037996 0.4081521368365513 0.4082054180649825
7.050000000000001 -18.46132520755929 0.40862716309478814 0.40868081923186533
7.040000000000001 -18.507030904980603 0.40910493209838616 0.4091589651715972
7.030000000000001 -18.5527483415537 0.40958545799051765 0.4096398700329446
7.020000000000001 -18.598477489464347 0.41006875501906453 0.4101235480693911
7.010000000000001 -18.644218320832724 0.4105548375374902 0.41061001364001104
7.000000000000001 -18.68997080771375 0.41104372000573375 0.41109928121035166
6.990000000000001 -18.735734922097507 0.4115354169910803 0.4115913653533238
6.980000000000001 -18.781510635909648 0.4120299431690858 0.41208628075010223
6.970000000000001 -18.82729792101174 0.4125273133244681 0.41258404219103473
6.960000000000001 -18.87309674920173 0.41302754235203204 0.4130846645765605
6.950000000000001 -18.91890709221428 0.4135306452575972 0.4135881629181376
6.940000000000001 -18.964728921721196 0.4140366371589375 0.41409455233918063
6.930000000000001 -19.010562209331837 0.41454553328672367 0.41460384807600714
6.920000000000001 -19.05640692659354 0.4150573489854816 0.4151160654787939
6.910000000000001 -19.102263044991982 0.4155720997145605 0.41563122001254343
6.900000000000001 -19.148130535951612 0.4160898010491069 0.41614932725805964
6.890000000000001 -19.194009370836103 0.4166104686810508 0.4166704029129343
6.880000000000001 -19.23989952094871 0.41713411842010556 0.41719446279254274
6.870000000000001 -19.28580095753274 0.4176607661947733 0.4177215228310509
6.860000000000001 -19.331713651771935 0.41819042805335777 0.4182515990824315
6.8500000000000005 -19.377637574790935 0.41872312016499663 0.4187847077214917
6.840000000000001 -19.42357269765566 0.41925885882069347 0.4193208650449109
6.830000000000001 -19.4695189913738 0.4197976604343792 0.41986008747228915
6.820000000000001 -19.515476426895184 0.42033954154396086 0.42040239154720643
6.8100000000000005 -19.561444975112252 0.42088451881238675 0.42094779393829385
6.800000000000001 -19.607424606860484 0.4214326090287456 0.4214963114403143
6.790000000000001 -19.653415292918837 0.42198382910935284 0.42204796097525565
6.780000000000001 -19.699417004010204 0.4225381960988406 0.42260275959343496
6.770000000000001 -19.745429710801815 0.42309572717129806 0.4231607244746138
6.760000000000001 -19.791453383905747 0.4236564396313788 0.42372187292912583
6.750000000000001 -19.837487993879318 0.4242203509154495 0.42428622239901587
6.740000000000001 -19.883533511225558 0.42478747859274135 0.4248537904591904
6.730000000000001 -19.92958990639366 0.4253578403665122 0.42542459481858175
6.720000000000001 -19.975657149779472 0.4259314540752184 0.4259986533213219
6.710000000000001 -20.021735211725886 0.42650833769371094 0.4265759839479314
6.700000000000001 -20.06782406252336 0.4270885093344308 0.42715660481651874
6.690000000000001 -20.113923672410348 0.4276719872486116 0.42774053418399327
6.680000000000001 -20.160034011573785 0.4282587898275276 0.4283277904472909
6.670000000000001 -20.206155050149537 0.42884893560371445 0.4289183921446126
6.660000000000001 -20.252286758222866 0.42944244325223624 0.4295123579566757
6.650000000000001 -20.298429105828944 0.43003933159192487 0.43010970670797954
6.640000000000001 -20.34458206295329 0.4306396195866963 0.43071045736808317
6.630000000000001 -20.390745599532238 0.43124332634681034 0.4313146290528974
6.620000000000001 -20.43691968545344 0.4318504711301908 0.43192224102599075
6.610000000000001 -20.48310429055636 0.432461073343744 0.4325333126999087
6.6000000000000005 -20.5292993846327 0.43307515254468953 0.43314786363750785
6.590000000000001 -20.575504937426967 0.4336927284419153 0.4337659135533033
6.580000000000001 -20.62172091863687 0.434313820897331 0.43438748231483154
6.570000000000001 -20.6679472979139 0.4349384499272497 0.435012589944027
6.5600000000000005 -20.71418404486374 0.435566635703789 0.4356412566186144
6.550000000000001 -20.76043112904681 0.4361983985562626 0.43627350267351506
6.540000000000001 -20.806688519978756 0.4368337589726138 0.43690934860226927
6.530000000000001 -20.85295618713093 0.4374727376008454 0.4375488150584729
6.520000000000001 -20.899234099930887 0.4381153552504776 0.4381919228572311
6.510000000000001 -20.945522227762936 0.4387616328940133 0.43883869297662553
6.500000000000001 -20.99182053996859 0.43941159166843363 0.43948914655920057
6.490000000000001 -21.03812900584706 0.44006525287668213 0.44014330491346204
6.480000000000001 -21.08444759465584 0.4407226379891943 0.44080118951539526
6.470000000000001 -21.130776275611147 0.441383768645425 0.441462822009998
6.460000000000001 -21.17711501788845 0.44204866665540565 0.4421282242128306
6.450000000000001 -21.22346379062299 0.44271735400129963 0.44279741811158263
6.440000000000001 -21.26982256291031 0.44338985283899934 0.4434704258676579
6.430000000000001 -21.316191303806743 0.44406618549972576 0.4441472698177747
6.420000000000001 -21.36256998232995 0.4447463744916324 0.44482797247558603
6.410000000000001 -21.40895856745942 0.4454304425014725 0.4455125565333155
6.400000000000001 -21.455357028137033 0.4461184123962222 0.4462010448634128
6.390000000000001 -21.501765333267546 0.4468103072247805 0.4468934605202265
6.380000000000001 -21.548183451719147 0.4475061502196408 0.4475898267416957
6.370000000000001 -21.594611352323955 0.4482059647986144 0.4482901669510598
6.360000000000001 -21.64104900387857 0.44890977456655023 0.44899450475858826
6.3500000000000005 -21.68749637514461 0.44961760331709005 0.4497028639633286
6.340000000000001 -21.73395343484923 0.45032947503444465 0.4504152685548736
6.330000000000001 -21.780420151685647 0.4510454138951606 0.45113174271514994
6.320000000000001 -21.826896494313726 0.4517654442699414 0.45185231082022426
6.3100000000000005 -21.87338243136044 0.45248959072548256 0.45257699744213115
6.300000000000001 -21.91987793142051 0.4532178780262999 0.45330582735072045
6.290000000000001 -21.966382963056837 0.4539503311366131 0.454038825515527
6.280000000000001 -22.012897494801123 0.45468697522223883 0.45477601710765836
6.270000000000001 -22.05942149515442 0.4554278356524853 0.455517427501707
6.260000000000001 -22.1059549325876 0.4561729380020956 0.4562630822776816
6.250000000000001 -22.15249777554199 0.4569223080532058 0.45701300722296073
6.240000000000001 -22.19904999242987 0.45767597179730624 0.4577672283342694
6.230000000000001 -22.245611551635026 0.45843395543726007 0.4585257718196767
6.220000000000001 -22.29218242151336 0.4591962853893081 0.45928866410061703
6.210000000000001 -22.33876257039334 0.45996298828512105 0.4600559318139332
6.200000000000001 -22.38535196657665 0.46073409097386725 0.46082760181394405
6.190000000000001 -22.43195057833872 0.4615096205242974 0.4616037011745343
6.180000000000001 -22.478558373929243 0.46228960422686644 0.46238425719126897
6.170000000000001 -22.52517532157279 0.4630740695958645 0.463169297383531
6.160000000000001 -22.571801389469343 0.46386304437158293 0.46395884949668514
6.150000000000001 -22.618436545794882 0.46465655652250915 0.4647529415042636
6.140000000000001 -22.665080758701873 0.46545463424752687 0.46555160161018044
6.130000000000001 -22.711733996319957 0.46625730597816706 0.4663548582509677
6.120000000000001 -22.758396226756407 0.46706460038086367 0.46716274009803976
6.110000000000001 -22.805067418096748 0.46787654635924764 0.46797527605998307
6.1000000000000005 -22.85174753840531 0.46869317305645314 0.46879249528487144
6.090000000000001 -22.898436555725812 0.46951450985748205 0.46961442716260926
6.080000000000001 -22.945134438081915 0.47034058639155013 0.47044110132730116
6.070000000000001 -22.9918411534778 0.47117143253450267 0.4712725476596492
6.0600000000000005 -23.038556669898767 0.47200707841123196 0.4721087962893779
6.050000000000001 -23.08528095531174 0.4728475543981305 0.4729498775976877
6.040000000000001 -23.132013977665935 0.47369289112557145 0.47379582221973593
6.030000000000001 -23.178755704893344 0.47454311948043626 0.4746466610471487
6.020000000000001 -23.225506104909414 0.47539827060862233 0.4755024252305602
6.010000000000001 -23.272265145613527 0.47625837591765074 0.4763631461821822
6.000000000000001 -23.319032794889644 0.4771234670792432 0.47722885557840433
5.990000000000001 -23.36580902060683 0.4779935760319555 0.4780995853624246
5.980000000000001 -23.412593790619926 0.47886873498384325 0.47897536774691
5.970000000000001 -23.45938707277002 0.4797489764151588 0.4798562352166895
5.960000000000001 -23.506188834885112 0.4806343330810656 0.4807422205314784
5.950000000000001 -23.55299904478067 0.4815248380143992 0.4816333567286344
5.940000000000001 -23.599817670260215 0.4824205245284606 0.48252967712594685
5.930000000000001 -23.6466446791159 0.4833214262198417 0.48343121532445926
5.920000000000001 -23.693480039129113 0.48422757697127156 0.4843380052113247
5.910000000000001 -23.740323718071043 0.48513901095451056 0.4852500809626952
5.900000000000001 -23.787175683703296 0.4860557626332732 0.48616747704664603
5.890000000000001 -23.834035903778474 0.48697786676619653 0.48709022822613435
5.880000000000001 -23.880904346040726 0.48790535840982524 0.48801836956199374
5.870000000000001 -23.9277809782264 0.4888382729216483 0.48895193641596413
5.860000000000001 -23.97466576806461 0.489776645963157 0.4898909644537582
5.8500000000000005 -24.021558683277792 0.49072051350295903 0.49083548964816454
5.840000000000001 -24.06845969158236 0.49166991181991326 0.4917855482821883
5.830000000000001 -24.115368760689236 0.4926248775063104 0.4927411769522296
5.820000000000001 -24.162285858304493 0.4935854474710891 0.4937024125713
5.8100000000000005 -24.209210952129936 0.49455165894309483 0.49466929237227847
5.800000000000001 -24.256144009863643 0.4955235494743773 0.4956418539112064
5.790000000000001 -24.303084999200657 0.4965011569435188 0.49662013507062275
5.780000000000001 -24.3500338878335 0.49748451955901485 0.49760417406293916
5.770000000000001 -24.396990643452824 0.4984736758626896 0.4985940094338572
5.760000000000001 -24.443955233747946 0.4994686647331622 0.4995896800658262
5.750000000000001 -24.490927626407515 0.5004695253893315 0.5005912251815444
5.740000000000001 -24.537907789120037 0.5014762973939334 0.5015986843475013
5.730000000000001 -24.58489568957453 0.5024890206571289 0.5026120974775657
5.720000000000001 -24.631891295461116 0.5035077354401253 0.5036315048366156
5.710000000000001 -24.67889457447156 0.5045324823588667 0.5046569470442142
5.700000000000001 -24.725905494299944 0.5055633023877415 0.5056884650783305
5.690000000000001 -24.772924022643224 0.506600236863354 0.5067261002791063
5.680000000000001 -24.819950127201825 0.5076433274883396 0.5077698943526687
5.670000000000001 -24.866983775680268 0.5086926163352311 0.5088198893749918
5.660000000000001 -24.91402493578772 0.5097481458503598 0.5098761277958038
5.650000000000001 -24.961073575238668 0.5108099588578041 0.5109386524425449
5.640000000000001 -25.00812966175344 0.5118780985634276 0.5120075065243729
5.630000000000001 -25.055193163058846 0.5129526085589037 0.5130827336362196
5.620000000000001 -25.102264046888763 0.5140335328258318 0.5141643777628983
5.610000000000001 -25.149342280984754 0.5151209157399046 0.51525248328326
5.6000000000000005 -25.196427833096642 0.516214802075115 0.5163470949744066
5.590000000000001 -25.243520670983127 0.5173152370080172 0.5174482580159514
5.580000000000001 -25.290620762412363 0.5184222661220418 0.5185560179943381
5.570000000000001 -25.3377280751626 0.519535935411878 0.5196704209072108
5.5600000000000005 -25.384842577022713 0.5206562912878938 0.5207915131678412
5.550000000000001 -25.43196423579287 0.5217833805806154 0.5219193416096102
5.540000000000001 -25.479093019285095 0.5229172505452708 0.5230539534905483
5.530000000000001 -25.526228895323875 0.5240579488663843 0.5241953964979313
5.520000000000001 -25.57337183174676 0.5252055236624468 0.5253437187529366
5.510000000000001 -25.62052179640493 0.5263600234906105 0.5264989688153567
5.500000000000001 -25.667678757163863 0.5275214973514759 0.5276611956883753
5.490000000000001 -25.714842681903864 0.5286899946939241 0.5288304488234024
5.480000000000001 -25.762013538520687 0.5298655654200212 0.5300067781249713
5.470000000000001 -25.80919129492613 0.5310482598899693 0.5311902339557011
5.460000000000001 -25.856375919048645 0.5322381289271408 0.5323808671413195
5.450000000000001 -25.903567378833905 0.5334352238231684 0.5335787289757521
5.440000000000001 -25.950765642245425 0.5346395963430892 0.5347838712262779
5.430000000000001 -25.997970677265148 0.5358512987305808 0.5359963461387497
5.420000000000001 -26.045182451894043 0.5370703837132343 0.5372162064428837
5.410000000000001 -26.092400934152675 0.5382969045079303 0.5384435053576169
5.400000000000001 -26.139626092081862 0.5395309148262553 0.539678296596533
5.390000000000001 -26.186857893743174 0.5407724688800031 0.5409206343733632
5.380000000000001 -26.23409630721961 0.5420216213867564 0.5421705734075524
5.370000000000001 -26.281341300616127 0.5432784275754984 0.5434281689299036
5.360000000000001 -26.32859284206031 0.5445429431923636 0.5446934766882939
5.3500000000000005 -26.375850899702847 0.5458152245064144 0.5459665529534644
5.340000000000001 -26.42311544171822 0.5470953283155107 0.5472474545248887
5.330000000000001 -26.47038643630528 0.5483833119522443 0.548536238736717
5.320000000000001 -26.517663851687757 0.5496792332899854 0.549832963463799
5.3100000000000005 -26.564947656114956 0.5509831507489674 0.5511376871277858
5.300000000000001 -26.61223781786227 0.5522951233024767 0.5524504687033138
5.290000000000001 -26.65953430523177 0.5536152104831162 0.5537713677242702
5.280000000000001 -26.70683708655284 0.5549434723891603 0.5551004442901405
5.270000000000001 -26.754146130182722 0.5562799696909873 0.5564377590724421
5.260000000000001 -26.80146140450709 0.557624763637579 0.5577833733212435
5.250000000000001 -26.848782877940664 0.5589779160631688 0.5591373488717695
5.240000000000001 -26.896110518927774 0.5603394893938943 0.5604997481510957
5.230000000000001 -26.94344429594293 0.5617095466546063 0.5618706341849331
5.220000000000001 -26.99078417749145 0.5630881514757405 0.5632500706045029
5.210000000000001 -27.038130132109945 0.5644753681002793 0.5646381216535052
5.200000000000001 -27.085482128367033 0.5658712613908262 0.5660348521951797
5.190000000000001 -27.132840134863763 0.5672758968367442 0.567440327719464
5.180000000000001 -27.18020412023431 0.5686893405614312 0.5688546143502478
5.170000000000001 -27.227574053146483 0.5701116593296724 0.5702777788527249
5.160000000000001 -27.27494990230234 0.5715429205550745 0.5717098886408472
5.150000000000001 -27.322331636438715 0.5729831923076347 0.573151011784877
5.140000000000001 -27.36971922432785 0.5744325433214068 0.5746012170190463
5.130000000000001 -27.417112634777876 0.5758910430022411 0.5760605737493174
5.120000000000001 -27.464511836633474 0.5773587614356701 0.5775291520612517
5.110000000000001 -27.511916798776394 0.5788357693948786 0.5790070227279853
5.1000000000000005 -27.559327490126016 0.5803221383487979 0.5804942572183159
5.090000000000001 -27.60674387963992 0.5818179404702953 0.5819909277049001
5.080000000000001 -27.654165936314495 0.5833232486444859 0.5834971070725636
5.070000000000001 -27.70159362918544 0.58483813647717 0.585012868926727
5.0600000000000005 -27.749026927328305 0.5863626783033595 0.5865382876019476
5.050000000000001 -27.79646579985917 0.5878969491959503 0.5880734381705814
5.040000000000001 -27.843910215935065 0.5894410249745007 0.5896183964515637
5.030000000000001 -27.89136014475461 0.5909949822141436 0.5911732390193135
5.020000000000001 -27.93881555555854 0.592558898254599 0.5927380432127621
5.010000000000001 -27.98627641763025 0.5941328512093482 0.5943128871445069
5.000000000000001 -28.033742700296365 0.5957169199748994 0.5958978497100954
4.990000000000001 -28.08121437292731 0.5973111842402173 0.5974930105974384
4.980000000000001 -28.12869140493779 0.5989157244962701 0.5990984502963561
4.970000000000001 -28.176173765787418 0.6005306220456933 0.6007142501082595
4.960000000000001 -28.223661424981213 0.6021559590126222 0.6023404921559676
4.950000000000001 -28.271154352070116 0.6037918183526525 0.6039772593936644
4.940000000000001 -28.31865251665163 0.6054382838629229 0.6056246356169969
4.930000000000001 -28.366155888370244 0.6070954401923777 0.6072827054733166
4.920000000000001 -28.413664436918072 0.6087633728521423 0.6089515544720691
4.910000000000001 -28.46117813203531 0.6104421682260632 0.6106312689953274
4.900000000000001 -28.50869694351082 0.6121319135813907 0.6123219363084806
4.890000000000001 -28.55622084118265 0.6138326970796333 0.6140236445710745
4.880000000000001 -28.60374979493855 0.6155446077875356 0.6157364828478062
4.870000000000001 -28.651283774716532 0.617267735688254 0.6174605411196791
4.860000000000001 -28.69882275050538 0.6190021716926521 0.6191959102953176
4.8500000000000005 -28.74636669234516 0.6207480076507988 0.620942682222447
4.840000000000001 -28.793915570327794 0.622505336363592 0.6227009496995373
4.830000000000001 -28.841469354597525 0.624274251594594 0.6244708064876179
4.820000000000001 -28.88902801535144 0.626054848082014 0.6262523473222638
4.8100000000000005 -28.93659152284008 0.6278472215508557 0.6280456679257557
4.800000000000001 -28.98415984736779 0.6296514687252797 0.6298508650194196
4.790000000000001 -29.031732959293432 0.6314676873410914 0.6316680363361441
4.780000000000001 -29.079310829030707 0.6332959761584774 0.6334972806330842
4.770000000000001 -29.126893427048795 0.6351364349748878 0.635338697704551
4.760000000000001 -29.174480723872833 0.6369891646380877 0.6371923883950893
4.750000000000001 -29.222072690084367 0.6388542670594591 0.6390584546127513
4.740000000000001 -29.269669296321933 0.6407318452274654 0.6409369993425648
4.730000000000001 -29.317270513281503 0.6426220032213206 0.6428281266602006
4.720000000000001 -29.36487631171701 0.644524846224853 0.6447319417458457
4.710000000000001 -29.412486662440852 0.6464404805405912 0.6466485508982784
4.700000000000001 -29.460101536324355 0.6483690136040406 0.6485780615491586
4.690000000000001 -29.507720904298303 0.6503105539982027 0.6505205822775275
4.680000000000001 -29.555344737353394 0.6522652114682833 0.6524762228245267
4.670000000000001 -29.602973006540758 0.6542330969366362 0.6544450941083373
4.660000000000001 -29.650605682972426 0.6562143225179282 0.6564273082393456
4.650000000000001 -29.69824273782185 0.6582090015345196 0.6584229785355337
4.640000000000001 -29.745884142324286 0.6602172485321268 0.6604322195381075
4.630000000000001 -29.793529867777412 0.662239179295641 0.6624551470273572
4.620000000000001 -29.841179885541692 0.6642749108652514 0.6644918780387605
4.610000000000001 -29.888834167040912 0.6663245615527998 0.6665425308793309
4.6000000000000005 -29.936492683762626 0.668388250958374 0.6686072251442137
4.590000000000001 -29.984155407258623 0.6704660999871442 0.6706860817335365
4.580000000000001 -30.031822309145436 0.6725582308664971 0.6727792228695186
4.570000000000001 -30.07949336110474 0.6746647671633882 0.6748867721138403
4.5600000000000005 -30.127168534883857 0.6767858338019861 0.6770088543852814
4.550000000000001 -30.17484780229623 0.6789215570815742 0.6791455959776301
4.540000000000001 -30.22253113522183 0.6810720646947647 0.6812971245778707
4.530000000000001 -30.270218505607648 0.6832374857459316 0.6834635692846494
4.520000000000001 -30.317909885468165 0.6854179507699855 0.6856450606270286
4.510000000000001 -30.36560524688574 0.6876135917514217 0.6878417305835335
4.500000000000001 -30.413304562011092 0.6898245421436467 0.6900537126014935
4.490000000000001 -30.461007803063804 0.6920509368886365 0.6922811416166853
4.480000000000001 -30.508714942332627 0.6942929124368912 0.6945241540732867
4.470000000000001 -30.556425952176046 0.6965506067676844 0.6967828879441393
4.460000000000001 -30.604140805022666 0.698824159409675 0.6990574827513322
4.450000000000001 -30.65185947337165 0.7011137114617726 0.7013480795871095
4.440000000000001 -30.699581929793137 0.70341940561441 0.7036548211351067
4.430000000000001 -30.747308146928713 0.7057413861710983 0.7059778516919244
4.420000000000001 -30.79503809749176 0.7080797990703657 0.7083173171890443
4.410000000000001 -30.842771754267975 0.7104347919079953 0.7106733652150927
4.400000000000001 -30.89050909011574 0.7128065139596635 0.7130461450384593
4.390000000000001 -30.938250077966497 0.7151951162039044 0.7154358076302768
4.380000000000001 -30.98599469082527 0.7176007513454687 0.7178425056877684
4.370000000000001 -31.033742901770974 0.7200235738390494 0.7202663936579697
4.360000000000001 -31.0814946839569 0.7224637399133742 0.7227076277618332
4.3500000000000005 -31.12925001061106 0.7249214075957069 0.7251663660187188
4.340000000000001 -31.17700885503665 0.7273967367367348 0.7276427682712819
4.330000000000001 -31.22477119061238 0.7298898890358604 0.7301369962107652
4.320000000000001 -31.272536990792965 0.7324010280668805 0.7326492134026962
4.3100000000000005 -31.320306229109416 0.7349303193041464 0.735179585313009
4.300000000000001 -31.36807887916953 0.7374779301490741 0.7377282793345877
4.290000000000001 -31.415854914658215 0.7400440299571345 0.740295464814244
4.280000000000001 -31.463634309337905 0.7426287900652911 0.7428813130801388
4.270000000000001 -31.511417037048908 0.745232383819829 0.7454859974696508
4.260000000000001 -31.55920307170986 0.7478549866047434 0.7481096933577073
4.250000000000001 -31.606992387318016 0.7504967758704788 0.7507525781855786
4.240000000000001 -31.65478495794969 0.7531579311632358 0.7534148314901513
4.230000000000001 -31.702580757760604 0.7558386341547109 0.7560966349336851
4.220000000000001 -31.750379760986224 0.7585390686723601 0.7587981723340638
4.210000000000001 -31.798181941942204 0.7612594207301577 0.7615196296955518
4.200000000000001 -31.845987275024672 0.7639998785598606 0.7642611952400615
4.190000000000001 -31.89379573471063 0.7667606326427807 0.7670230594389463
4.180000000000001 -31.941607295558285 0.7695418757421396 0.7698054150453235
4.170000000000001 -31.989421932207456 0.7723438029359339 0.772608457126944
4.160000000000001 -32.037239619379854 0.7751666116503345 0.7754323830996135
4.150000000000001 -32.08506033187948 0.7780105016936921 0.7782773927611791
4.140000000000001 -32.13288404459295 0.7808756752910929 0.7811436883260917
4.130000000000001 -32.18071073248982 0.7837623371195244 0.7840314744605537
4.120000000000001 -32.228540370623 0.7866706943435914 0.7869409583182664
4.110000000000001 -32.27637293412897 0.7896009566518987 0.7898723495767862
4.1000000000000005 -32.324208398228215 0.7925533362940165 0.7928258604745008
4.090000000000001 -32.37204673822549 0.7955280481181018 0.795801705848243
4.080000000000001 -32.41988792951019 0.7985253096091358 0.7988001031715469
4.070000000000001 -32.46773194755664 0.8015453409278744 0.8018212725935648
4.0600000000000005 -32.51557876792445 0.804588364950397 0.8048654369786561
4.050000000000001 -32.563428366258776 0.8076546073084236 0.8079328219466594
4.040000000000001 -32.6112807182907 0.8107442964302484 0.8110236559138672
4.030000000000001 -32.65913579983747 0.8138576635824487 0.8141381701347097
4.020000000000001 -32.706993586802895 0.8169949429122888 0.8172765987441659
4.010000000000001 -32.754854055177525 0.8201563714908846 0.8204391788009197
4.000000000000001 -32.8027171810391 0.8233421893570868 0.8236261503312651
3.990000000000001 -32.85058294055273 0.8265526395622034 0.8268377563737921
3.980000000000001 -32.898451309971215 0.8297879682154257 0.83007424302485
3.970000000000001 -32.946322265635395 0.8330484245301173 0.8333358594848214
3.960000000000001 -32.99419578397437 0.8363342608709147 0.8366228581052095
3.950000000000001 -33.04207184150579 0.8396457328016301 0.8399354944365645
3.940000000000001 -33.08995041483617 0.8429830991340636 0.8432740272772618
3.930000000000001 -33.13783148066118 0.8463466219776045 0.8466387187231489
3.920000000000001 -33.185715015765815 0.8497365667898132 0.8500298342180825
3.910000000000001 -33.23360099702483 0.8531532024278229 0.8534476426053687
3.900000000000001 -33.28148940140284 0.8565968012007517 0.85689241618013
3.890000000000001 -33.32938020595473 0.8600676389229563 0.8603644307426158
3.880000000000001 -33.3772733878258 0.86356599496836 0.8638639656524738
3.870000000000001 -33.425168924252105 0.8670921523256746 0.8673913038840076
3.8600000000000008 -33.47306679256066 0.8706463976546672 0.8709467320824359
3.850000000000001 -33.520966970169724 0.8742290213434628 0.8745305406211743
3.8400000000000007 -33.56886943458902 0.8778403175668331 0.8781430236601677
3.830000000000001 -33.61677416341999 0.881480584345642 0.8817844792052855
3.8200000000000007 -33.66468113435605 0.8851501236073046 0.8854552091688088
3.810000000000001 -33.71259032518283 0.888849241247384 0.8891555194310301
3.8000000000000007 -33.76050171377836 0.892578247192329 0.8928857199029893
3.790000000000001 -33.80841527811336 0.8963374554633925 0.8966461245903702
3.7800000000000007 -33.85633099625144 0.9001271842417008 0.9004370516585813
3.770000000000001 -33.90424884634934 0.9039477559345279 0.9042588234990487
3.760000000000001 -33.95216880665713 0.9077994972428501 0.9081117667967417
3.750000000000001 -34.00009085551843 0.9116827392301038 0.9119962125989619
3.740000000000001 -34.04801497137064 0.9155978173923089 0.9159124963854243
3.730000000000001 -34.095941132745175 0.9195450717294182 0.9198609581396506
3.720000000000001 -34.14386931826758 0.923524846818074 0.9238419424217115
3.710000000000001 -34.19179950665785 0.9275374918857632 0.927855798442342
3.700000000000001 -34.23973167673058 0.9315833608862635 0.9319028801384612
3.690000000000001 -34.287665807395086 0.935662812576655 0.9359835462501259
3.680000000000001 -34.33560187765578 0.9397762105957204 0.9400981603989512
3.670000000000001 -34.383539866612175 0.9439239235438756 0.9442470911680293
3.660000000000001 -34.431479753459186 0.9481063250645845 0.9484307121833764
3.650000000000001 -34.47942151748727 0.9523237939274144 0.9526494021969468
3.640000000000001 -34.527365138082615 0.9565767141126111 0.9569035451712439
3.630000000000001 -34.57531059472732 0.960865474897378 0.9611935303655655
3.620000000000001 -34.62325786699958 0.9651904709437727 0.9655197524239203
3.6100000000000008 -34.67120693457383 0.9695521023883259 0.9698826114646498
3.600000000000001 -34.719157777220936 0.9739507749334279 0.9742825131717963
3.5900000000000007 -34.76711037480834 0.9783868999404469 0.9787198688882547
3.580000000000001 -34.815064707300245 0.9828608945247508 0.9831950957107488
3.5700000000000007 -34.86302075475773 0.9873731816524959 0.9877086165866716
3.560000000000001 -34.910978497338945 0.9919241902394242 0.992260860412834
3.5500000000000007 -34.958937915299266 0.9965143552515302 0.9968522621361614
3.540000000000001 -35.00689898899139 1.0011441178077598 1.0014832628563857
3.5300000000000007 -35.05486169886552 1.0058139252847524 1.0061543099307775
3.520000000000001 -35.1028260254695 1.0105242314236313 1.0108658570809619
3.510000000000001 -35.15079194944895 1.0152754964389978 1.0156183645018684
3.500000000000001 -35.19875945154738 1.0200681871300095 1.0204122989728652
3.490000000000001 -35.246728512606374 1.024902776993789 1.025248133971121
3.480000000000001 -35.29469911356562 1.0297797463410459 1.0301263497872557
3.470000000000001 -35.34267123546313 1.0346995824140757 1.0350474336433233
3.460000000000001 -35.39064485943532 1.0396627795071207 1.0400118798131879
3.450000000000001 -35.43861996671713 1.0446698390891982 1.0450201897453442
3.440000000000001 -35.48659653864208 1.049721269929437 1.050072872188242
3.430000000000001 -35.53457455664251 1.0548175882249555 1.0551704433181712
3.420000000000001 -35.58255400224958 1.059959317731348 1.0603134268697691
3.410000000000001 -35.63053485709337 1.065146989895894 1.0655023542692104
3.400000000000001 -35.67851710290305 1.0703811439934918 1.070737764770142
3.390000000000001 -35.72650072150695 1.07566232726541 1.0760202055924306
3.380000000000001 -35.77448569483257 1.080991095060897 1.081350232063789
3.370000000000001 -35.82247200490681 1.0863680109817644 1.086728407764345
3.3600000000000008 -35.87045963385595 1.091793647029966 1.0921553046742305
3.350000000000001 -35.91844856390577 1.0972685837582945 1.0976315033242565
3.3400000000000007 -35.96643877738163 1.102793410424192 1.1031575929497521
3.330000000000001 -36.01443025670855 1.1083687251468242 1.1087341716476429
3.3200000000000007 -36.06242298441126 1.1139951350675157 1.1143618465368432
3.310000000000001 -36.11041694311429 1.1196732565135068 1.1200412339220494
3.3000000000000007 -36.15841211554202 1.1254037151652136 1.1257729594610095
3.290000000000001 -36.206408484518775 1.1311871462271048 1.1315576583353604
3.2800000000000007 -36.25440603296883 1.1370241946021507 1.1373959754251133
3.270000000000001 -36.302404743916505 1.1429155150700725 1.1432885654868818
3.260000000000001 -36.350404600486215 1.1488617724694004 1.1492360933359442
3.250000000000001 -36.39840558590253 1.1548636418834428 1.1552392340322304
3.240000000000001 -36.44640768349014 1.1609218088303137 1.1612986730703336
3.230000000000001 -36.494410876674046 1.1670369694570806 1.1674151065736484
3.220000000000001 -36.54241514897944 1.1732098307380965 1.1735892414927358
3.210000000000001 -36.59042048403184 1.179441110677723 1.1798217958080166
3.200000000000001 -36.63842686555712 1.1857315385174645 1.1861134987369109
3.190000000000001 -36.686434277381494 1.1920818549476402 1.1924650909455272
3.180000000000001 -36.734442703431554 1.198492812323762 1.1988773247650186
3.170000000000001 -36.7824521277343 1.2049651748876506 1.2053509644127263
3.160000000000001 -36.830462534417215 1.211499718993516 1.2118867862182265
3.150000000000001 -36.878473907708155 1.2180972333390052 1.218485578854411
3.140000000000001 -36.92648623193547 1.2247585192014703 1.2251481435737257
3.130000000000001 -36.97449949152798 1.2314843906794612 1.2318752944497047
3.120000000000001 -37.02251367101498 1.2382756749397261 1.2386678586239237
3.1100000000000008 -37.07052875502623 1.245133212469713 1.2455266765585322
3.100000000000001 -37.11854472829197 1.252057857335809 1.252452602294487
3.0900000000000007 -37.16656157564292 1.2590504774474371 1.259446503715652
3.080000000000001 -37.21457928201028 1.266111954827182 1.2665092628189054
3.0700000000000007 -37.26259783242567 1.2732431858870301 1.2736417759904193
3.060000000000001 -37.3106172120212 1.280445081711017 1.2808449542882674
3.0500000000000007 -37.35863740602936 1.2877185683443066 1.2881197237315287
3.040000000000001 -37.4066583997831 1.2950645870889759 1.295467025596065
3.0300000000000007 -37.45468017871571 1.3024840948066239 1.302887816717132
3.020000000000001 -37.502702728360894 1.309978064228025 1.3103830697990284
3.010000000000001 -37.550726034352614 1.3175474842699761 1.317953773731948
3.000000000000001 -37.598750082425205 1.3251933603595556 1.3256009339162445
2.990000000000001 -37.64677485841324 1.332916714765999 1.333325572594296
2.980000000000001 -37.69480034825148 1.3407185869403544 1.3411287291901797
2.970000000000001 -37.74282653797493 1.348600033863199 1.3490114606573642
2.960000000000001 -37.79085341371869 1.3565621304005502 1.356974841834643
2.950000000000001 -37.838880961718004 1.364605969668268 1.3650199658105209
2.940000000000001 -37.88690916830809 1.3727326634051191 1.3731479442962973
2.930000000000001 -37.9349380199242 1.3809433423548125 1.3813599080080743
2.920000000000001 -37.98296750310151 1.389239156657137 1.3896570070579402
2.910000000000001 -38.03099760447506 1.3976212762486204 1.3980404113545764
2.900000000000001 -38.07902831077969 1.406090891272788 1.406511311013554
2.890000000000001 -38.12705960885002 1.414649212500419 1.4150709167775841
2.880000000000001 -38.175091485620264 1.4232974717600473 1.4237204604469982
2.870000000000001 -38.223123928124316 1.4320369223789327 1.4324611953207502
2.8600000000000008 -38.27115692349556 1.4408688396348848 1.4412943966482281
2.850000000000001 -38.31919045896683 1.449794521219202 1.4502213620921829
2.8400000000000007 -38.36722452187029 1.4588152877110054 1.4592434122030884
2.830000000000001 -38.41525909963744 1.4679324830633693 1.4683618909052547
2.8200000000000007 -38.463294179798964 1.4771474751015337 1.477578165995028
2.810000000000001 -38.51132974998459 1.4864616560334984 1.4868936296514257
2.8000000000000007 -38.55936579792313 1.4958764429734919 1.4963096989595595
2.790000000000001 -38.607402311442264 1.505393278478505 1.5058278164472132
2.7800000000000007 -38.655439278468506 1.5150136310984204 1.515449450634956
2.770000000000001 -38.703476687027035 1.5247389959400688 1.5251760966001826
2.760000000000001 -38.75151452524172 1.5345708952455812 1.5350092765554852
2.750000000000001 -38.79955278133486 1.5445108789855144 1.5449505404417745
2.740000000000001 -38.847591443627174 1.5545605254671488 1.5550014665365801
2.730000000000001 -38.89563050053762 1.5647214419584015 1.5651636620779763
2.720000000000001 -38.94366994058335 1.5749952653278725 1.5754387639045953
2.710000000000001 -38.99170975237953 1.585383662701379 1.5858284391122042
2.700000000000001 -39.03974992463925 1.5958883321356065 1.59633438572733
2.690000000000001 -39.08779044617339 1.606511003309308 1.6069583333984534
2.680000000000001 -39.13583130589052 1.6172534382325374 1.6177020441052854
2.670000000000001 -39.183872492796645 1.6281174319746012 1.6285673128866733
2.660000000000001 -39.23191399599527 1.6391048134111352 1.6395559685877021
2.650000000000001 -39.279955804687106 1.6502174459909948 1.650669874626563
2.640000000000001 -39.32799790816999 1.66145722852345 1.661910929781799
2.630000000000001 -39.376040295838756 1.672826095986475 1.6732810690005369
2.620000000000001 -39.42408295718505 1.6843260203565649 1.6847822642283592
2.6100000000000008 -39.47212588179721 1.6959590114609626 1.6964165252614762
2.600000000000001 -39.52016905936012 1.7077271178527662 1.7081859006218816
2.5900000000000007 -39.56821247965503 1.719632427709808 1.7200924784562077
2.580000000000001 -39.61625613255942 1.7316770697579402 1.7321383874590168
2.5700000000000007 -39.66430000804684 1.743863214219511 1.7443257978212876
2.560000000000001 -39.712344096186726 1.7561930737878475 1.756656922204888
2.5500000000000007 -39.760388387144296 1.7686689046285229 1.76913401674385
2.540000000000001 -39.8084328711803 1.7812930074082822 1.7817593820732924
2.5300000000000007 -39.85647753865093 1.7940677283524793 1.794535364386869
2.520000000000001 -39.90452238000758 1.8069954603319769 1.8074643565236488
2.510000000000001 -39.952567385796705 1.8200786439803722 1.8205487990853642
2.500000000000001 -40.000612546659674 1.8333197688426106 1.833791181585009
2.490000000000001 -40.04865785333251 1.8467213745559163 1.8471940436277898
2.480000000000001 -40.0967032966458 1.8602860520641338 1.860759976125473
2.470000000000001 -40.14474886752443 1.874016444866613 1.8744916225452215
2.460000000000001 -40.19279455698745 1.887915250302589 1.8883916801940372
2.450000000000001 -40.24084035614787 1.90198522087245 1.9024629015399797
2.440000000000001 -40.288886256212415 1.916229165596875 1.9167080955713565
2.430000000000001 -40.33693224848145 1.9306499514153044 1.9311301291951601
2.420000000000001 -40.38497832434868 1.9452505046249038 1.9457319286760262
2.410000000000001 -40.43302447530094 1.9600338123613839 1.9605164811170879
2.400000000000001 -40.481070692918074 1.975002924123145 1.9754868359840942
2.390000000000001 -40.5291169688727 1.9901609533401323 1.990646106674277
2.380000000000001 -40.57716329492995 2.0055110789889294 2.005997472131448
2.370000000000001 -40.625209662947306 2.021056547255669 2.0215441785089006
2.3600000000000008 -40.67325606487437 2.0368006732483535 2.037289540881743
2.350000000000001 -40.72130249275271 2.0527468427603015 2.053236945010341
2.3400000000000007 -40.769348938715545 2.0688985140864458 2.069389849156627
2.330000000000001 -40.817395394987564 2.085259219894355 2.0857517859550945
2.3200000000000007 -40.86544185388473 2.101832569151739 2.102326364340361
2.310000000000001 -40.91348830781404 2.118622249112626 2.1191172715332747
2.3000000000000007 -40.96153474927327 2.1356320273639873 2.136128275087595
2.290000000000001 -41.009581170850794 2.1528657539351457 2.1533632249993695
2.2800000000000007 -41.05762756522532 2.1703273634720275 2.1708260558812196
2.270000000000001 -41.10567392516564 2.188020877478658 2.1885207892038157
2.260000000000001 -41.153720243530444 2.205950406628216 2.2064515356069347
2.250000000000001 -41.20176651326804 2.224120153146151 2.224622497282576
2.240000000000001 -41.249812727416085 2.2425344132679177 2.243037970432716
2.230000000000001 -41.29785887910148 2.2611975797740738 2.26170234780438
2.220000000000001 -41.345904961539965 2.2801141446054443 2.280620121304835
2.210000000000001 -41.39395096803589 2.2992887015613404 2.299795884699796
2.200000000000001 -41.44199689198207 2.31872594908383 2.319234336397686
2.190000000000001 -41.49004272685946 2.3384306931311403 2.3389402823230836
2.180000000000001 -41.5380884662369 2.358407850143648 2.3589186388826584
2.170000000000001 -41.58613410377085 2.3786624501056624 2.3791744360269926
2.160000000000001 -41.63417963320521 2.399199639706722 2.3997128204118647
2.150000000000001 -41.68222504837092 2.420024685606021 2.4205390586626887
2.140000000000001 -41.73027034318579 2.441142977803894 2.441658540745989
2.130000000000001 -41.77831551165428 2.4625600331243334 2.4630767834519314
2.120000000000001 -41.82636054786711 2.484281498812793 2.4847994339921136
2.1100000000000008 -41.87440544600108 2.5063131562536047 2.5068322737169955
2.100000000000001 -41.922450200318735 2.5286609248116196 2.5291812219575376
2.0900000000000007 -41.970494805168194 2.5513308658028304 2.551852339995811
2.080000000000001 -42.0185392549827 2.574329186598896 2.5748518351695577
2.0700000000000007 -42.06658354428054 2.597662244870841 2.5981860651158866
2.060000000000001 -42.11462766766464 2.6213365529773514 2.6218615421595115
2.0500000000000007 -42.162671619822305 2.645358782503155 2.6458849378512093
2.040000000000001 -42.210715395524964 2.6697357689536294 2.670263087662382
2.0300000000000007 -42.25875898962785 2.6944745166115966 2.6950029958418957
2.020000000000001 -42.306802397069724 2.719582203562932 2.72011184044164
2.010000000000001 -42.354845612872595 2.7450661868975543 2.7455969785175522
2.000000000000001 -42.402888632141426 2.770934008092933 2.771465951513119
1.9900000000000009 -42.4509314500638 2.797193398587419 2.7977264908327166
1.9800000000000009 -42.49897406190971 2.8238522855511565 2.8243865236124965
1.9700000000000009 -42.54701646303117 2.850918797862496 2.851454178696843
1.9600000000000009 -42.59505864886195 2.878401272298469 2.878937792828812
1.9500000000000008 -42.643100614917294 2.906308259947991 2.9068459170633614
1.9400000000000008 -42.69114235679363 2.9346485328570973 2.9351873234125785
1.9300000000000008 -42.73918387016815 2.9634310909158357 2.963971011732555
1.9200000000000008 -42.787225150798676 2.992665168996825 2.9932062168619873
1.9100000000000008 -42.8352661945232 3.0223602443561943 3.0229024160230864
1.9000000000000008 -42.88330699725968 3.0525260443078466 3.0530693364958705
1.890000000000001 -42.93134755500562 3.083172554182761 3.0837169635774315
1.880000000000001 -42.97938786383789 3.114310025585381 3.114855548838351
1.870000000000001 -43.027427919912306 3.145948984959911 3.1464956186889994
1.860000000000001 -43.0754677194633 3.1781002424798652 3.178647983269078
1.850000000000001 -43.12350725880369 3.2107749012748825 3.211323745674435
1.840000000000001 -43.1715465343243 3.2439843670095065 3.244534311535855
1.830000000000001 -43.219585542493654 3.2777403578293662 3.278291398965234
1.820000000000001 -43.267624279857614 3.31205491469095 3.312607048885356
1.810000000000001 -43.31566274303909 3.34694041209195 3.347493635760256
1.800000000000001 -43.363700928737735 3.3824095692201097 3.3829638787440377
1.790000000000001 -43.41173883372955 3.4184754615391952 3.419030853266874
1.780000000000001 -43.459776454866585 3.455151532831932 3.4557080030779326
1.770000000000001 -43.5078137890766 3.492451607720518 3.493009152765894
1.760000000000001 -43.55585083336277 3.5303899046865226 3.5309485207788627
1.7500000000000009 -43.60388758480325 3.568981049613114 3.5695407329665594
1.7400000000000009 -43.65192404055097 3.608240089873541 3.6088008366688635
1.7300000000000009 -43.69996019783314 3.6481825089914253 3.6487443153760526
1.7200000000000009 -43.747996053951084 3.688824241899339 3.6893871039874138
1.7100000000000009 -43.79603160627971 3.7301816908238523 3.7307456046962852
1.7000000000000008 -43.84406685226733 3.77227174182659 3.772836703531108
1.6900000000000008 -43.8921017894352 3.815111782032417 3.815677787583621
1.6800000000000008 -43.94013641537724 3.858719717577607 3.8592867629570295
1.6700000000000008 -43.98817072775963 3.903113992312564 3.9036820734687305
1.6600000000000008 -44.03620472432049 3.948313607295584 3.948882720144072
1.6500000000000008 -44.08423840286956 3.994338141116102 3.9949082815396095
1.640000000000001 -44.13227176128774 4.04120777108806 4.041778934936455
1.630000000000001 -44.18030479752688 4.088943295356142 4.089515478446551
1.620000000000001 -44.22833750960927 4.13756615596022 4.138139354077073
1.610000000000001 -44.27636989562743 4.187098462905622 4.187672671800745
1.600000000000001 -44.32440195374363 4.237563019289822 4.238138234682499
1.590000000000001 -44.37243368218958 4.288983347538759 4.289559565115799
1.580000000000001 -44.420465079266066 4.341383716809164 4.341960932224994
1.570000000000001 -44.46849614334261 4.394789171616564 4.3953673804933056
1.560000000000001 -44.51652687285703 4.44922556175196 4.4498047596794965
1.550000000000001 -44.564557266315134 4.504719573553884 4.505299756089953
1.540000000000001 -44.61258732229035 4.561298762606537 4.56187992527681
1.530000000000001 -44.660617039423336 4.618991587938777 4.61957372623694
1.520000000000001 -44.7086464164216 4.677827447803186 4.678410557191043
1.510000000000001 -44.75667545205917 4.737836717119275 4.7384207930268305
1.5000000000000009 -44.804704145176174 4.799050786669809 4.799635824495351
1.4900000000000009 -44.852732494678484 4.861502104144713 4.862088099254915
1.4800000000000009 -44.90076049953732 4.925224217132759 4.925811164862778
1.4700000000000009 -44.94878815878894 4.990251818167424 4.990839713820991
1.4600000000000009 -44.99681547153418 5.056620791939824 5.057209630789347
1.4500000000000008 -45.04484243693809 5.1243682647987 5.124958042085365
1.4400000000000008 -45.0928690542296 5.193532656664974 5.194123367598847
1.4300000000000008 -45.140895322701084 5.264153735496399 5.2647453752565365
1.4200000000000008 -45.188921241708 5.336272674446501 5.336865238181055
1.4100000000000008 -45.236946810668506 5.4099321118712025 5.410525594697521
1.4000000000000008 -45.28497202906306 5.485176214346411 5.485770611351154
1.390000000000001 -45.33299689643406 5.562050742870516 5.562646049109772
1.380000000000001 -45.381021412385415 5.640603122437083 5.64119933293648
1.370000000000001 -45.4290455765822 5.720882515175257 5.721479624930075
1.360000000000001 -45.47706938875017 5.802939897268472 5.8035379012437796
1.350000000000001 -45.52509284867555 5.88682813987629 5.887427033007032
1.340000000000001 -45.573115956204454 5.972602094299081 5.973201871490228
1.330000000000001 -45.6211387112426 6.060318681641873 6.06091933776854
1.320000000000001 -45.669161113754825 6.150036987251008 6.150638517158572
1.310000000000001 -45.717183163764815 6.241818360216112 6.242420758720344
1.300000000000001 -45.7652048613546 6.335726518250392 6.336329780137597
1.290000000000001 -45.813226206664176 6.431827658284042 6.432431778311164
1.280000000000001 -45.86124719989116 6.530190573129127 6.530795546023913
1.270000000000001 -45.9092678412903 6.63088677460007 6.631492595061184
1.260000000000001 -45.95728813117317 6.73399062350105 6.734597286198218
1.2500000000000009 -46.00530806990769 6.839579466921677 6.840186966495822
1.2400000000000009 -46.05332765791775 6.947733783314245 6.9483421143776285
1.2300000000000009 -46.1013468956828 7.05853733586076 7.059146492997134
1.2200000000000009 -46.14936578373746 7.172077334675571 7.17268731244031
1.2100000000000009 -46.19738432267111 7.288444608430096 7.289055401350351
1.2000000000000008 -46.24540251312744 7.407733786030447 7.40834538860529
1.1900000000000008 -46.293420355804095 7.530043489026583 7.530655895727154
1.1800000000000008 -46.34143785145226 7.655476535483563 7.656089740753224
1.1700000000000008 -46.389455000876175 7.784140156102013 7.784754154356506
1.1600000000000008 -46.43747180493285 7.916146223436177 7.916761009063769
1.1500000000000008 -46.48548826453152 8.051611495124584 8.05222706248623
1.140000000000001 -46.53350438063333 8.190657872120982 8.191274215550482
1.130000000000001 -46.58152015425089 8.333412672992157 8.33402978679632
1.120000000000001 -46.62953558644781 8.480008925435332 8.480626803894134
1.110000000000001 -46.67755067833836 8.630585676261784 8.63120431362854
1.100000000000001 -46.725565431087006 8.785288321195669 8.785907711697185
1.090000000000001 -46.77357984590802 8.94426895594903 8.944889093785779
1.080000000000001 -46.821593924065 9.107686750156232 9.10830762950253
1.070000000000001 -46.86960766687054 9.275708345884842 9.276329960889004
1.060000000000001 -46.91762107568574 9.448508282586472 9.449130627370991
1.050000000000001 -46.96563415191983 9.626269450511511 9.626892519173227
1.040000000000001 -47.013646897029716 9.809183574787772 9.809807361398063
1.030000000000001 -47.06165931251952 9.997451732556142 9.998076231161084
1.0200000000000011 -47.109671399940275 10.191284905768486 10.191910110389042
1.0100000000000011 -47.157683160889384 10.39090457248651 10.391530477118714
1.000000000000001 -47.20569459701024 10.596543339776735 10.597169938391865
0.990000000000001 -47.253705709991806 10.808445621579875 10.809072908124643
0.980000000000001 -47.30171650156815 11.026868365244397 11.027496333641142
0.970000000000001 -47.349726973518095 11.252081830758447 11.252710474905305
0.9600000000000011 -47.39773712766468 11.484370427094115 11.484999740865216
0.9500000000000011 -47.44574696587486 11.724033610498735 11.724663587744404
0.9400000000000011 -47.49375649005895 11.971386850032982 11.972017484579917
0.930000000000001 -47.54176570217026 12.226762666171235 12.227393951822703
0.920000000000001 -47.589774604204685 12.490511748851564 12.49114367938761
0.910000000000001 -47.63778319820019 12.763004161998028 12.76363673117566
0.900000000000001 -47.68579148623647 13.044630642243801 13.04526384379718
0.890000000000001 -47.733799470434455 13.335804000369755 13.336437828010416
0.880000000000001 -47.78180715295591 13.636960634848784 13.637595082265827
0.870000000000001 -47.82981453600298 13.948562167862956 13.949197228723243
0.860000000000001 -47.877821621817716 14.271097215251851 14.271732883200228
0.850000000000001 -47.92582841268179 14.605083303070701 14.605719571730193
0.840000000000001 -47.97383491091582 14.951068944803335 14.951705807775339
0.8300000000000011 -48.021841118879166 15.309635894806885 15.310273345671414
0.8200000000000011 -48.069847038969336 15.68140159528532 15.682039627601188
0.810000000000001 -48.117852673621584 16.067021836022256 16.06766044332729
0.800000000000001 -48.16585802530854 16.467193648280425 16.467832824091683
0.790000000000001 -48.21386309653968 16.882658456729118 16.88329819454312
0.780000000000001 -48.26186788986094 17.314205516031656 17.314845809324574
0.770000000000001 -48.3098724078542 17.762675661857518 17.763316504085402
0.760000000000001 -48.357876653137 18.22896540963156 18.229606794230577
0.750000000000001 -48.40588062836193 18.71403143835645 18.714673358743074
0.740000000000001 -48.45388433621624 19.21889550141541 19.219537950986663
0.730000000000001 -48.50188777942146 19.74464981146413 19.745292783597797
0.720000000000001 -48.54989096073286 20.292462952449267 20.293106440504125
0.7100000000000011 -48.597893882939104 20.863586378560818 20.86423037587687
0.7000000000000011 -48.64589654886169 21.459361567669266 21.460006067567942
0.6900000000000011 -48.693898961354606 22.08122790567198 22.08187290145638
0.680000000000001 -48.74190112330386 22.73073138836172 22.731376873316865
0.670000000000001 -48.789903037627 23.409534239150144 23.41018020654317
0.660000000000001 -48.83790470727265 24.119425554487904 24.120071997568306
0.650000000000001 -48.88590613522016 24.86233310442587 24.86298001642577
0.640000000000001 -48.933907324479065 25.640336433821854 25.64098380795617
0.630000000000001 -48.98190827808867 26.455681430645036 26.456329260111783
0.620000000000001 -49.02990899911762 27.310796552184843 27.311444830165318
0.610000000000001 -49.07790949066342 28.208310928348876 28.20895964800793
0.600000000000001 -49.12590975585199 29.15107459438166 29.15172374886792
0.590000000000001 -49.17390979783721 30.14218114414723 30.14283072659335
0.5800000000000011 -49.2219096198005 31.184993140678074 31.18564314420097
0.5700000000000011 -49.269909224950375 32.28317067431424 32.283821092015316
0.560000000000001 -49.31790861652189 33.440703522036 33.44135434700144
0.550000000000001 -49.36590779777636 34.66194743648141 34.66259866178238
0.540000000000001 -49.41390677200075 35.95166518202069 35.95231680071359
0.530000000000001 -49.46190554250733 37.315073041065716 37.315725046192426
0.520000000000001 -49.50990411263314 38.75789364013654 38.75854602472469
0.510000000000001 -49.55790248573959 40.2864160965614 40.287068853624596
0.500000000000001 -49.60590066521203 41.90756466860755 41.90821779114563
0.49000000000000105 -49.65389865445919 43.62897731125706 43.62963079225633
0.48000000000000104 -49.70189645691287 45.45909580543447 45.45974963786801
0.47000000000000103 -49.74989407602737 47.40726945118141 47.407923628009236
0.460000000000001 -49.797891515279076 49.48387470885224 49.484529223021646
0.450000000000001 -49.845888778166 51.70045365439363 51.70110849883937
0.440000000000001 -49.89388586820735 54.069874707511275 54.07052987515589
0.43000000000000105 -49.94188278894302 56.60651982367404 56.60717530742808
0.42000000000000104 -49.98987954393321 59.32650324938879 59.32715904215102
0.41000000000000103 -50.0378761367579 62.247928072867076 62.248584167524804
0.400000000000001 -50.085872571016424 65.39118822149997 65.3918446109293
0.390000000000001 -50.133868850327005 68.77932534529734 68.77998202236338
0.380000000000001 -50.18186497832632 72.43845228964405 72.43910924720124
0.37000000000000105 -50.229860958669 76.3982577448726 76.39891497576491
0.36000000000000104 -50.27785679502721 80.69261035621484 80.69326785327608
0.35000000000000103 -50.325852491090174 85.36028534435913 85.36094310041315
0.340000000000001 -50.37384805056372 90.44584287536985 90.4465008832309
0.330000000000001 -50.421843477169844 96.00069550998676 96.00135376245966
0.320000000000001 -50.469838774646185 102.08441272017541 102.08507121005586
0.310000000000001 -50.51783394674563 108.76632461006446 108.76698333013925
0.30000000000000104 -50.565828997235855 116.12750591969026 116.12816486273765
0.29000000000000103 -50.61382392989882 124.26324697090591 124.26390612969575
0.280000000000001 -50.66181874853036 133.28615308832087 133.28681245561498
0.270000000000001 -50.709813456939656 143.3300620469284 143.3307216154808
0.260000000000001 -50.75780805894887 154.5550359254471 154.55569568800422
0.250000000000001 -50.805802558392614 167.15377781344046 167.1544377627415
0.240000000000001 -50.85379695911753 181.35995786354178 181.36061799231894
0.23000000000000098 -50.90179126498177 197.4591267092801 197.45978701025874
0.220000000000001 -50.9497854798546 215.80317766579853 215.80383813169772
0.210000000000001 -50.99777960761591 236.82974052549042 236.83040114902275
0.20000000000000098 -51.045773652155795 261.0885268368298 261.08918761070214
0.190000000000001 -51.09376761737401 289.27762726333594 289.2782881802494
0.180000000000001 -51.141761507179595 322.29430141478304 322.29496246743315
0.17000000000000098 -51.18975532549035 361.3072711078266 361.3079322889038
0.160000000000001 -51.237749076232454 407.8615878345041 407.8622491366944
0.150000000000001 -51.285742763339904 464.03399571043735 464.0346571264213
0.14000000000000098 -51.33373639075418 532.6686171920251 532.6692787144791
0.130000000000001 -51.38172996242367 617.7441790745487 617.7448406961453
0.120000000000001 -51.429723482303274 724.9638950839171 724.9645567973248
0.110000000000001 -51.47771695435402 862.7368002657796 862.7374620636626
0.10000000000000099 -51.52571038254253 1043.878220625487 1043.8788825005067
0.090000000000001 -51.57370377084066 1288.7013402904965 1288.70200223531
0.080000000000001 -51.62169712322509 1630.970504949046 1630.971166956308
0.07000000000000099 -51.66969044367703 2130.198638872858 2130.199300935219
0.060000000000001004 -51.71768373618208 2899.3797641752553 2899.380426285362
0.050000000000001 -51.765677004730364 4175.037076560813 4175.037738711309
0.040000000000001 -51.81367025331761 6523.4062180412675 6523.40688022479
0.030000000000001 -51.86166348594928 11597.043242135962 11597.043904345135
0.020000000000001003 -51.90965670665712 26093.148953345386 26093.149615572824
0.010000000000001 -51.95764991960379 104372.11842585322 104372.1190880915
