12.77 2.283953095525582 0.15526295801391843 0.15574717440854977
12.76 2.2839464864462373 0.15517984216833344 0.15566149732356213
12.75 2.2441123423419667 0.15509725289813275 0.1555763603283095
12.74 2.204264992469214 0.15501518932212904 0.15549176250434624
12.73 2.16440444511333 0.1549336505668328 0.15540770294118317
12.72 2.1245307085813425 0.15485263576643185 0.15532418073626217
12.71 2.0846437912020175 0.154772144062768 0.15524119499493183
12.7 2.0447437013259187 0.15469217460531542 0.15515874483042286
12.69 2.0048304473254666 0.15461272655114253 0.15507682936382355
12.68 1.9649040375949989 0.15453379906490514 0.1549954477240563
12.67 1.924964480550828 0.1544553913188265 0.1549145990478532
12.66 1.8850117846312993 0.15437750249265064 0.1548342824797331
12.65 1.8450459582968484 0.15430013177364812 0.15475449717197778
12.64 1.805067010030059 0.15422327835658028 0.15467524228460933
12.63 1.7650749483357178 0.15414694144368188 0.15459651698536697
12.62 1.7250697817408718 0.15407112024463152 0.15451832044968475
12.61 1.685051518794883 0.15399581397653855 0.1544406518606689
12.6 1.6450201680694823 0.15392102186391818 0.1543635104090761
12.59 1.6049757381588254 0.1538467431386738 0.154286895293291
12.58 1.5649182376795452 0.15377297704007784 0.15421080571930518
12.57 1.5248476752708062 0.15369972281474334 0.1541352409006953
12.56 1.4847640595943548 0.1536269797166096 0.15406020005860208
12.55 1.444667399334574 0.15355474700691538 0.15398568242170915
12.54 1.4045577031985335 0.15348302395419372 0.15391168722622262
12.53 1.36443497991604 0.15341180983424052 0.1538382137158501
12.52 1.3242992382396894 0.1533411039300928 0.15376526114178068
12.51 1.2841504869449147 0.15327090553202352 0.15369282876266493
12.5 1.2439887348300367 0.15320121393750444 0.15362091584459486
12.49 1.203813990716311 0.15313202845120782 0.1535495216610842
12.48 1.1636262634479781 0.15306334838497243 0.1534786454930494
12.47 1.1234255618923097 0.15299517305778443 0.15340828662878997
12.46 1.0832118949396552 0.1529275017957745 0.1533384443639698
12.45 1.0429852715034902 0.1528603339321815 0.15326911800159823
12.44 1.0027457005204596 0.15279366880735032 0.15320030685201155
12.43 0.9624931909504242 0.15272750576870678 0.15313201023285491
12.42 0.922227751776507 0.15266184417073336 0.15306422746906376
12.41 0.8819493920051332 0.15259668337497223 0.15299695789284637
12.4 0.8416581206660776 0.1525320227499874 0.15293020084366593
12.39 0.8013539468125053 0.15246786167136342 0.15286395566822306
12.38 0.7610368795210156 0.15240419952168294 0.15279822172043886
12.37 0.7207069278916818 0.15234103569050775 0.15273299836143753
12.36 0.6803641010480931 0.15227836957436655 0.15266828495952967
12.35 0.6400084081373972 0.15221620057673846 0.1526040808901957
12.34 0.5996398583303376 0.15215452810803523 0.1525403855360694
12.33 0.5592584608212933 0.1520933515855844 0.15247719828692174
12.32 0.518864224828318 0.15203267043362537 0.15241451853964477
12.31 0.4784571595931795 0.15197248408328634 0.15235234569823602
12.3 0.4380372743813957 0.15191279197257015 0.15229067917378286
12.29 0.39760457848227204 0.1518535935463307 0.15222951838444707
12.28 0.3571590812089378 0.15179488825627122 0.15216886275544977
12.27 0.31670079189838113 0.1517366755609309 0.1521087117190562
12.26 0.27622971991148665 0.15167895492566602 0.15204906471456145
12.25 0.23574587463306715 0.15162172582263403 0.15198992118827553
12.24 0.19524926547189853 0.15156498773077717 0.15193128059350902
12.23 0.15473990186075434 0.15150874013581958 0.15187314239055896
12.22 0.11421779325643547 0.15145298253024833 0.1518155060466952
12.21 0.07368294913980572 0.15139771441330274 0.15175837103614612
12.2 0.03313537901582049 0.15134293529095735 0.15170173684008562
12.19 -0.00742490758644044 0.15128864467591305 0.15164560294661933
12.18 -0.04799790111374432 0.1512348420875806 0.15158996885077186
12.17 -0.08858359198867446 0.151181527052073 0.1515348340544735
12.16 -0.1291819706096021 0.1511286991021959 0.1514801980665476
12.15 -0.16979302735065813 0.15107635777742162 0.15142606040269826
12.14 -0.21041675256170583 0.15102450262389341 0.1513724205854975
12.13 -0.25105313656831274 0.1509731331944069 0.15131927814437346
12.12 -0.2917021696717238 0.15092224904840712 0.1512666326155983
12.11 -0.33236384214883813 0.15087184975195772 0.15121448354227654
12.1 -0.3730381442521807 0.15082193487775147 0.15116283047433343
12.09 -0.41372506620988087 0.15077250400508505 0.15111167296850347
12.08 -0.45442459822564796 0.15072355671985407 0.15106101058831933
12.07 -0.4951367304787436 0.150675092614546 0.15101084290410074
12.06 -0.5358614531239664 0.15062711128823086 0.15096116949294397
12.05 -0.5765987562916262 0.15057961234654632 0.15091198993871102
12.04 -0.6173486300875206 0.15053259540167996 0.15086330383201924
12.03 -0.6581110645929189 0.15048606007237703 0.15081511077023102
12.02 -0.6988860498645404 0.15044000598391574 0.15076741035744395
12.01 -0.7396735759345329 0.15039443276811462 0.15072020220448087
12.0 -0.7804736328104578 0.15034934006330714 0.1506734859288801
11.99 -0.8212862104752698 0.1503047275143363 0.15062726115488642
11.98 -0.8621112988873014 0.15026059477256445 0.1505815275134411
11.97 -0.9029488879802421 0.15021694149582948 0.15053628464217356
11.96 -0.9437989676631287 0.15017376734847016 0.15049153218539194
11.95 -0.9846615278203249 0.15013107200130893 0.15044726979407472
11.94 -1.0255365583115073 0.1500888551316269 0.15040349712586207
11.93 -1.0664240489716563 0.15004711642317722 0.15036021384504764
11.92 -1.1073239896110345 0.15000585556616142 0.15031741962257006
11.91 -1.1482363700151828 0.14996507225723685 0.15027511413600553
11.9 -1.189161179944902 0.14992476619950545 0.1502332970695597
11.89 -1.2300984091362435 0.14988493710249734 0.15019196811406016
11.88 -1.271048047300502 0.14984558468217007 0.1501511269669492
11.87 -1.3120100841241988 0.14980670866090526 0.1501107733322763
11.86 -1.3529845092690798 0.14976830876750455 0.15007090692069147
11.85 -1.3939713123721036 0.14973038473717448 0.15003152744943818
11.84 -1.4349704830454302 0.14969293631152059 0.1499926346423469
11.83 -1.4759820108764221 0.14965596323854305 0.14995422822982846
11.82 -1.5170058854276294 0.14961946527263856 0.1499163079488678
11.81 -1.5580420962367907 0.14958344217459152 0.149878873543018
11.8 -1.5990906328168235 0.14954789371156066 0.14984192476239425
11.79 -1.6401514846558212 0.14951281965708235 0.14980546136366835
11.78 -1.681224641217051 0.1494782197910592 0.14976948311006277
11.77 -1.7223100919389498 0.1494440938997641 0.14973398977134578
11.76 -1.7634078262351196 0.14941044177582632 0.14969898112382585
11.75 -1.8045178334943304 0.14937726321823314 0.149664456950347
11.74 -1.8456401030805127 0.14934455803232385 0.1496304170402838
11.73 -1.8867746243327692 0.1493123260297752 0.14959686118953677
11.72 -1.9279213865653637 0.14928056702862336 0.1495637892005281
11.71 -1.9690803790677236 0.14924928085323746 0.14953120088219712
11.7 -2.0102515911044474 0.14921846733432023 0.14949909604999662
11.69 -2.0514350119153058 0.14918812630890604 0.14946747452588854
11.68 -2.0926306307152465 0.14915825762036736 0.14943633613834056
11.67 -2.1338384366943846 0.14912886111839255 0.14940568072232255
11.66 -2.1750584190180327 0.14909993665899696 0.14937550811930309
11.65 -2.2162905668266832 0.14907148410451654 0.14934581817724624
11.64 -2.257534869236027 0.1490435033236151 0.14931661075060904
11.63 -2.2987913153369575 0.14901599419126654 0.14928788570033827
11.62 -2.340059894195576 0.148988956588751 0.14925964289386795
11.61 -2.3813405948532047 0.14896239040366593 0.14923188220511702
11.6 -2.42263340632639 0.1489362955299208 0.14920460351448703
11.59 -2.4639383176069205 0.14891067186773674 0.1491778067088599
11.58 -2.5052553176618275 0.14888551932363636 0.14915149168159647
11.57 -2.5465843954334066 0.1488608378104436 0.1491256583325344
11.56 -2.5879255398392234 0.14883662724729885 0.14910030656798684
11.55 -2.6292787397721242 0.1488128875596436 0.14907543630074102
11.54 -2.6706439841002574 0.14878961867921214 0.14905104745005723
11.53 -2.712021261667083 0.1487668205440483 0.1490271399416677
11.52 -2.7534105612913873 0.1487444930984977 0.14900371370777582
11.51 -2.7948118717673 0.14872263629321544 0.14898076868705573
11.5 -2.836225181864306 0.14870125008515153 0.14895830482465178
11.49 -2.8776504803272775 0.14868033443755632 0.14893632207217822
11.48 -2.9190877558764696 0.14865988931998475 0.14891482038771917
11.47 -2.960536997207557 0.14863991470828766 0.14889379973582884
11.46 -3.0019981929916466 0.14862041058463946 0.14887326008753185
11.45 -3.0434713318753013 0.1486013769375092 0.1488532014203236
11.44 -3.084956402480551 0.1485828137616582 0.1488336237181711
11.43 -3.1264533934049297 0.14856472105816887 0.14881452697151368
11.42 -3.1679622932214806 0.14854709883442646 0.14879591117726398
11.41 -3.2094830904787996 0.1485299471041327 0.14877777633880948
11.4 -3.2510157737010377 0.1485132658872943 0.1487601224660136
11.39 -3.2925603313879437 0.14849705521023931 0.14874294957521753
11.38 -3.3341167520148782 0.14848131510560508 0.14872625768924178
11.37 -3.3756850240328458 0.1484660456123401 0.14871004683738842
11.36 -3.417265135868519 0.1484512467757243 0.14869431705544284
11.35 -3.4588570759242723 0.1484369186473692 0.14867906838567638
11.34 -3.5004608325781956 0.14842306128518779 0.14866430087684895
11.33 -3.5420763941841407 0.14840967475344738 0.14865001458421137
11.32 -3.5837037490717494 0.14839675912272554 0.14863620956950843
11.31 -3.625342885546466 0.14838431446995415 0.14862288590098205
11.3 -3.666993791889594 0.14837234087840076 0.14861004365337446
11.29 -3.708656456358309 0.1483608384376684 0.14859768290793166
11.28 -3.750330867185705 0.14834980724371036 0.14858580375240696
11.27 -3.792017012580818 0.14833924739883733 0.14857440628106497
11.26 -3.8337148807286714 0.14832915901170618 0.14856349059468538
11.25 -3.8754244597903 0.14831954219733806 0.14855305680056732
11.24 -3.9171457379027923 0.14831039707711796 0.1485431050125337
11.23 -3.958878703179333 0.14830172377880593 0.14853363535093567
11.22 -4.000623343709227 0.1482935224365341 0.14852464794265754
11.21 -4.042379647557951 0.14828579319080804 0.1485161429211217
11.2 -4.084147602767189 0.1482785361885286 0.14850812042629358
11.19 -4.125927197354862 0.14827175158298556 0.1485005806046871
11.18 -4.167718419315186 0.14826543953385793 0.1484935236093703
11.17 -4.209521256618704 0.14825960020724074 0.14848694959997066
11.16 -4.25133569721233 0.14825423377562041 0.14848085874268144
11.15 -4.29316172901939 0.14824934041791157 0.1484752512102674
11.14 -4.334999339939676 0.1482449203194481 0.14847012718207117
11.13 -4.376848517849471 0.14824097367199796 0.14846548684401986
11.12 -4.418709250601616 0.14823750067375724 0.14846133038863166
11.11 -4.460581526025543 0.14823450152936268 0.14845765801502256
11.1 -4.5024653319273265 0.14823197644990985 0.14845446992891334
11.09 -4.544360656089734 0.14822992565294693 0.14845176634263707
11.08 -4.586267486272269 0.14822834936248624 0.14844954747514635
11.07 -4.6281858102112245 0.1482272478090134 0.1484478135520209
11.06 -4.670115615619732 0.14822662122949454 0.14844656480547547
11.05 -4.712056890187812 0.14822646986739133 0.14844580147436773
11.04 -4.75400962158243 0.1482267939726573 0.1484455238042066
11.03 -4.79597379744754 0.14822759380175202 0.14844573204716063
11.02 -4.837949405404153 0.14822886961765916 0.14844642646206652
11.01 -4.879936433050369 0.1482306216898781 0.1484476073144379
11.0 -4.921934867961459 0.14823285029444166 0.1484492748764745
10.99 -4.9639446976898975 0.14823555571392502 0.14845142942707112
10.98 -5.005965909765433 0.14823873823746359 0.14845407125182702
10.97 -5.047998491695142 0.14824239816075518 0.1484572006430559
10.96 -5.090042430963484 0.14824653578606728 0.14846081789979504
10.95 -5.132097715032363 0.1482511514222454 0.14846492332781586
10.94 -5.174164331341186 0.14825624538472953 0.14846951723963386
10.93 -5.216242267306929 0.14826181799556418 0.14847459995451884
10.92 -5.25833151032419 0.14826786958341442 0.14848017179850587
10.91 -5.30043204776526 0.1482744004835682 0.1484862331044057
10.9 -5.342543866980178 0.1482814110379437 0.14849278421181616
10.89 -5.384666955296801 0.1482889015951213 0.14849982546713308
10.88 -5.426801300020861 0.14829687251031837 0.1485073572235618
10.87 -5.468946888436039 0.14830532414544917 0.14851537984112861
10.86 -5.511103707804032 0.1483142568691005 0.14852389368669291
10.85 -5.553271745364607 0.14832367105655173 0.148532899133959
10.84 -5.595450988335686 0.14833356708979692 0.14854239656348833
10.83 -5.637641423913394 0.14834394535754675 0.14855238636271198
10.82 -5.679843039272154 0.1483548062552508 0.1485628689259434
10.81 -5.722055821564736 0.14836615018508853 0.14857384465439105
10.8 -5.76427975792234 0.14837797755602472 0.14858531395617156
10.79 -5.8065148354546565 0.14839028878378327 0.14859727724632318
10.78 -5.848761041249952 0.14840308429088453 0.14860973494681926
10.77 -5.891018362375136 0.14841636450664614 0.14862268748658178
10.76 -5.933286785875836 0.1484301298671873 0.14863613530149541
10.75 -5.975566298776472 0.1484443808154795 0.14865007883442147
10.74 -6.01785688808033 0.1484591178013191 0.14866451853521262
10.73 -6.060158540769644 0.14847434128137996 0.14867945486072712
10.72 -6.10247124380567 0.14849005171918647 0.14869488827484367
10.71 -6.144794984128768 0.1485062495851727 0.1487108192484766
10.7 -6.18712974865847 0.14852293535667888 0.14872724825959094
10.69 -6.229475524293581 0.148540109517946 0.14874417579321805
10.68 -6.27183229791223 0.14855777256017222 0.1487616023414711
10.67 -6.314200056371981 0.14857592498149136 0.14877952840356098
10.66 -6.356578786509901 0.1485945672870054 0.14879795448581248
10.65 -6.3989684751426354 0.14861369998881893 0.14881688110168056
10.64 -6.441369109066509 0.14863332360602713 0.14883630877176715
10.63 -6.483780675057602 0.1486534386647375 0.14885623802383754
10.62 -6.5262031598718275 0.14867404569810458 0.14887666939283797
10.61 -6.568636550245035 0.14869514524633087 0.14889760342091204
10.6 -6.611080832893091 0.14871673785667458 0.14891904065741904
10.59 -6.653535994511954 0.14873882408350883 0.14894098165895106
10.58 -6.696002021777776 0.14876140448829575 0.1489634269893512
10.57 -6.738478901347 0.14878447963964134 0.14898637721973168
10.56 -6.780966619856426 0.14880805011326256 0.1490098329284924
10.55 -6.823465163923322 0.14883211649207645 0.14903379470133918
10.54 -6.86597452014551 0.14885667936615296 0.14905826313130296
10.53 -6.908494675101463 0.1488817393327805 0.1490832388187591
10.52 -6.95102561535038 0.148907296996463 0.1491087223714462
10.51 -6.993567327432309 0.14893335296892685 0.14913471440448592
10.5 -7.03611979786822 0.14895990786917293 0.14916121554040276
10.49 -7.078683013160106 0.14898696232348382 0.1491882264091444
10.48 -7.121256959791086 0.1490145169654469 0.14921574764810142
10.47 -7.163841624225493 0.14904257243596056 0.1492437799021286
10.46 -7.206436992908984 0.14907112938326195 0.14927232382356526
10.45 -7.249043052268627 0.14910018846296322 0.14930138007225618
10.44 -7.291659788713011 0.14912975033805687 0.14933094931557345
10.43 -7.3342871886323335 0.14915981567893372 0.1493610322284372
10.42 -7.376925238398515 0.14919038516342847 0.14939162949333817
10.41 -7.419573924365302 0.14922145947680795 0.1494227418003593
10.4 -7.462233232868352 0.1492530393118111 0.14945436984719818
10.39 -7.504903150225353 0.14928512536869765 0.14948651433918933
10.38 -7.547583662736138 0.14931771835522364 0.14951917598932749
10.37 -7.590274756682756 0.14935081898667707 0.1495523555182902
10.36 -7.632976418329617 0.14938442798594503 0.14958605365446143
10.35 -7.675688633923566 0.1494185460834762 0.14962027113395499
10.34 -7.718411389694016 0.1494531740173404 0.14965500870063853
10.33 -7.761144671853044 0.14948831253323638 0.14969026710615735
10.32 -7.803888466595503 0.14952396238454302 0.14972604710995913
10.31 -7.846642760099122 0.149560124332293 0.1497623494793182
10.3 -7.889407538524643 0.14959679914526458 0.14979917498936066
10.29 -7.932182788015903 0.14963398759994767 0.1498365244230894
10.28 -7.974968494699966 0.1496716904806008 0.14987439857140958
10.27 -8.017764644687224 0.14970990857928757 0.14991279823315454
10.26 -8.06057122407152 0.14974864269585225 0.14995172421511146
10.25 -8.103388218930254 0.14978789363799863 0.14999117733204764
10.24 -8.14621561532452 0.14982766222129607 0.1500311584067372
10.23 -8.189053399299183 0.1498679492692044 0.15007166826998772
10.22 -8.231901556883034 0.14990875561310388 0.1501127077606675
10.21 -8.274760074088892 0.14995008209232386 0.15015427772573262
10.2 -8.317628936913716 0.1499919295541636 0.15019637902025496
10.19 -8.360508131338735 0.15003429885394148 0.1502390125074498
10.18 -8.403397643329576 0.15007719085498564 0.15028217905870414
10.17 -8.446297458836355 0.1501206064287004 0.15032587955360527
10.16 -8.489207563793824 0.15016454645457614 0.15037011487996946
10.15 -8.532127944121497 0.15020901182022747 0.15041488593387115
10.14 -8.575058585723752 0.15025400342139827 0.15046019361967217
10.13 -8.61799947448997 0.1502995221620342 0.1505060388500515
10.12 -8.660950596294652 0.15034556895427673 0.1505524225460353
10.11 -8.703911936997553 0.15039214471849677 0.15059934563702693
10.1 -8.746883482443804 0.15043925038335826 0.1506468090608378
10.09 -8.789865218464032 0.15048688688578693 0.1506948137637179
10.08 -8.832857130874496 0.15053505517107604 0.15074336070038732
10.07 -8.87585920547722 0.1505837561928656 0.15079245083406728
10.06 -8.918871428060108 0.15063299091318946 0.15084208513651243
10.05 -8.961893784397086 0.15068276030251151 0.15089226458804259
10.04 -9.004926260248222 0.15073306533975772 0.15094299017757515
10.03 -9.047968841359873 0.15078390701234268 0.150994262902658
10.02 -9.091021513464806 0.15083528631619642 0.15104608376950227
10.01 -9.134084262282324 0.15088720425581878 0.15109845379301579
10.0 -9.177157073518416 0.15093966184429727 0.1511513739968369
9.99 -9.220239932865887 0.15099266010334056 0.1512048454133681
9.98 -9.263332826004484 0.15104620006333053 0.15125886908381064
9.97 -9.306435738601042 0.15110028276334295 0.15131344605819916
9.96 -9.349548656309606 0.15115490925116912 0.15136857739543635
9.95 -9.392671564771595 0.15121008058337532 0.1514242641633287
9.94 -9.435804449615919 0.15126579782532876 0.15148050743862151
9.93 -9.478947296459113 0.1513220620512228 0.1515373083070354
9.92 -9.522100090905493 0.15137887434414846 0.15159466786330217
9.91 -9.565262818547296 0.15143623579609441 0.151652587211202
9.9 -9.608435464964804 0.15149414750799234 0.1517110674635998
9.89 -9.651618015726495 0.15155261058976668 0.1517701097424829
9.88 -9.694810456389204 0.15161162616033932 0.15182971517899854
9.87 -9.738012772498223 0.15167119534772103 0.15188988491349179
9.86 -9.781224949587486 0.15173131928902445 0.15195062009554414
9.85 -9.824446973179693 0.15179199913047364 0.15201192188401216
9.84 -9.867678828786465 0.1518532360274945 0.15207379144706654
9.83 -9.910920501908478 0.1519150311447116 0.1521362299622313
9.82 -9.954171978035623 0.15197738565600105 0.15219923861642382
9.81 -9.997433242647134 0.1520403007445652 0.15226281860599492
9.8 -10.040704281211765 0.15210377760291866 0.15232697113676952
9.79 -10.083985079187912 0.15216781743295824 0.15239169742408715
9.78 -10.127275622023774 0.1522324214460034 0.1524569986928435
9.77 -10.170575895157505 0.15229759086282976 0.15252287617753194
9.76 -10.213885884017353 0.15236332691372365 0.15258933112228565
9.75 -10.257205574021834 0.15242963083850258 0.15265636478091962
9.74 -10.300534950579856 0.15249650388658623 0.15272397841697383
9.73 -10.343873999090887 0.1525639473170177 0.1527921733037561
9.72 -10.387222704945113 0.1526319623985097 0.15286095072438574
9.71 -10.430581053523591 0.15270055040951516 0.15293031197183746
9.7 -10.473949030198389 0.15276971263822603 0.15300025834898556
9.69 -10.517326620332746 0.15283945038265145 0.15307079116864886
9.68 -10.560713809281246 0.15290976495066053 0.15314191175363553
9.67 -10.604110582389962 0.15298065766000812 0.15321362143678877
9.66 -10.647516924996598 0.1530521298384032 0.15328592156103257
9.65 -10.690932822430685 0.1531241828235402 0.1533588134794182
9.64 -10.734358260013702 0.15319681796314694 0.15343229855517065
9.63 -10.777793223059247 0.153270036615036 0.15350637816173593
9.62 -10.821237696873213 0.153343840147189 0.15358105368282862
9.61 -10.864691666753934 0.15341822993772525 0.15365632651247998
9.6 -10.908155117992342 0.15349320737498914 0.15373219805508614
9.59 -10.951628035872142 0.15356877385763817 0.15380866972545665
9.58 -10.995110405669962 0.15364493079462505 0.15388574294886426
9.57 -11.038602212655526 0.15372167960530236 0.1539634191610941
9.56 -11.082103442091817 0.15379902171942497 0.15404169980849416
9.55 -11.125614079235223 0.15387695857726527 0.15412058634802553
9.54 -11.16913410933574 0.15395549162956815 0.15420008024731363
9.53 -11.212663517637104 0.15403462233770188 0.1542801829846993
9.52 -11.256202289376962 0.15411435217366595 0.15436089604929099
9.51 -11.299750409787052 0.15419468262010846 0.1544422209410169
9.5 -11.343307864093363 0.15427561517046573 0.15452415917067788
9.49 -11.386874637516309 0.15435715132892314 0.15460671226000067
9.48 -11.430450715270883 0.1544392926105149 0.15468988174169127
9.47 -11.474036082566839 0.1545220405411869 0.15477366915948929
9.46 -11.517630724608857 0.15460539665784284 0.15485807606822266
9.45 -11.561234626596724 0.1546893625083854 0.1549431040338629
9.44 -11.604847773725481 0.1547739396517786 0.15502875463358037
9.43 -11.648470151185624 0.15485912965809817 0.15511502945580022
9.42 -11.692101744163253 0.15494493410862098 0.1552019301002591
9.41 -11.735742537840254 0.1550313545958414 0.15528945817806233
9.4 -11.779392517394482 0.1551183927235447 0.15537761531174124
9.39 -11.82305166799991 0.1552060501068673 0.1554664031353112
9.38 -11.866719974826822 0.15529432837236168 0.15555582329433004
9.37 -11.910397423041985 0.1553832291580261 0.1556458774459571
9.36 -11.954083997808835 0.1554727541134133 0.1557365672590129
9.35 -11.99777968428763 0.15556290489965083 0.1558278944140389
9.34 -12.041484467635637 0.15565368318949027 0.15591986060335833
9.33 -12.085198333007316 0.15574509066743752 0.1560124675311368
9.32 -12.128921265554494 0.1558371290297452 0.15610571691344452
9.31 -12.172653250426539 0.15592979998447457 0.1561996104783178
9.3 -12.21639427277054 0.1560231052516126 0.15629414996582175
9.29 -12.260144317731491 0.15611704656309214 0.15638933712811384
9.28 -12.303903370452463 0.15621162566287056 0.15648517372950713
9.27 -12.347671416074798 0.15630684430699673 0.1565816615465348
9.26 -12.391448439738276 0.156402704263653 0.15667880236801499
9.25 -12.435234426581296 0.15649920731326816 0.15677659799511587
9.24 -12.479029361741073 0.15659635524851895 0.15687505024142193
9.23 -12.522833230353807 0.15669414987445798 0.15697416093299996
9.22 -12.566646017554866 0.15679259300854742 0.1570739319084667
9.21 -12.610467708478977 0.15689168648072332 0.1571743650190558
9.2 -12.654298288260405 0.15699143213347153 0.15727546212868637
9.19 -12.698137742033138 0.15709183182191946 0.15737722511403154
9.18 -12.741986054931072 0.15719288741387313 0.15747965586458823
9.17 -12.785843212088205 0.15729460078989282 0.15758275628274643
9.16 -12.829709198638797 0.1573969738433709 0.15768652828386023
9.15 -12.873583999717587 0.15750000848061335 0.15779097379631865
9.14 -12.917467600459963 0.15760370662089013 0.1578960947616176
9.13 -12.961359986002147 0.1577080701965255 0.15800189313443197
9.12 -13.005261141481398 0.1578131011529343 0.15810837088268873
9.11 -13.049171052036185 0.1579188014487806 0.15821552998764057
9.1 -13.093089702806376 0.15802517305594002 0.15832337244393982
9.09 -13.137017078933445 0.1581322179596561 0.1584319002597135
9.08 -13.180953165560629 0.15823993815859366 0.15854111545663888
9.07 -13.22489794783316 0.15834833566488848 0.15865102007001905
9.06 -13.268851410898407 0.15845741250428386 0.15876161614886025
9.05 -13.312813539906113 0.1585671707161304 0.15887290575594912
9.04 -13.356784320008552 0.15867761235353905 0.15898489096793036
9.03 -13.400763736360743 0.15878873948341113 0.159097573875386
9.02 -13.444751774120627 0.15890055418653287 0.15921095658291465
9.01 -13.48874841844926 0.1590130585576556 0.15932504120921095
9.0 -13.53275365451102 0.15912625470557268 0.15943982988714706
8.99 -13.576767467473786 0.15924014475321258 0.15955532476385398
8.98 -13.620789842509133 0.1593547308377076 0.15967152800080295
8.97 -13.664820764792536 0.15947001511049175 0.1597884417738892
8.96 -13.708860219503551 0.15958599973736168 0.15990606827351497
8.95 -13.75290819182602 0.1597026868985804 0.16002440970467355
8.94 -13.796964666948256 0.15982007878896684 0.16014346828703457
8.93 -13.841029630063245 0.15993817761794643 0.16026324625502952
8.92 -13.88510306636885 0.16005698560967185 0.16038374585793802
8.91 -13.929184961067996 0.1601765050031113 0.16050496935997485
8.9 -13.973275299368849 0.16029673805212435 0.16062691904037824
8.89 -14.017374066485056 0.16041768702553205 0.16074959719349796
8.88 -14.061481247635903 0.16053935420726065 0.16087300612888503
8.87 -14.105596828046538 0.16066174189637403 0.16099714817138155
8.86 -14.149720792948152 0.16078485240717297 0.16112202566121175
8.85 -14.193853127578178 0.16090868806934724 0.16124764095407354
8.84 -14.237993817180511 0.1610332512279803 0.16137399642123093
8.83 -14.282142847005671 0.16115854424371545 0.16150109444960725
8.82 -14.326300202311035 0.16128456949280653 0.1616289374418794
8.81 -14.370465868361014 0.16141132936721275 0.16175752781657202
8.8 -14.414639830427266 0.1615388262747355 0.1618868680081536
8.79 -14.458822073788891 0.16166706263907568 0.16201696046713293
8.78 -14.50301258373263 0.1617960408999296 0.162147807660156
8.77 -14.547211345553064 0.16192576351311672 0.16227941207010418
8.76 -14.591418344552817 0.1620562329506581 0.1624117761961933
8.75 -14.635633566042769 0.16218745170089266 0.16254490255407325
8.74 -14.679856995342224 0.16231942226853086 0.16267879367592852
8.73 -14.724088617779143 0.1624521471748245 0.16281345211057976
8.72 -14.768328418690343 0.16258562895763543 0.16294888042358602
8.71 -14.812576383421689 0.16271987017150027 0.16308508119734788
8.7 -14.856832497328284 0.1628548733878458 0.16322205703121187
8.69 -14.901096745774703 0.1629906411949416 0.16335981054157503
8.68 -14.94536911413517 0.1631271761981475 0.16349834436199082
8.67 -14.989649587793771 0.16326448101993773 0.16363766114327605
8.66 -15.033938152144662 0.1634025583000091 0.16377776355361867
8.65 -15.078234792592252 0.16354141069544928 0.16391865427868574
8.64 -15.122539494551427 0.16368104088078428 0.16406033602173356
8.63 -15.166852243447753 0.16382145154811423 0.1642028115037181
8.62 -15.211173024717667 0.16396264540724081 0.1643460834634059
8.61 -15.255501823808693 0.16410462518577026 0.1644901546574873
8.6 -15.299838626179634 0.16424739362916196 0.16463502786068893
8.59 -15.344183417300789 0.16439095350097135 0.16478070586588833
8.58 -15.388536182654148 0.16453530758284826 0.1649271914842293
8.57 -15.432896907733609 0.1646804586747248 0.1650744875452381
8.56 -15.477265578045165 0.16482640959489692 0.16522259689694083
8.55 -15.521642179107126 0.16497316318016705 0.16537152240598138
8.54 -15.566026696450306 0.1651207222859212 0.1655212669577413
8.53 -15.61041911561826 0.16526908978630267 0.1656718334564594
8.52 -15.654819422167446 0.16541826857431402 0.1658232248253537
8.51 -15.699227601667467 0.16556826156193097 0.16597544400674363
8.5 -15.743643639701254 0.16571907168021235 0.1661284939621736
8.49 -15.78806752186529 0.16587070187945205 0.1662823776725372
8.48 -15.832499233769802 0.16602315512931604 0.16643709813820312
8.47 -15.876938761038971 0.1661764344189284 0.16659265837914172
8.46 -15.921386089311138 0.16633054275701378 0.1667490614350529
8.45 -15.965841204239009 0.1664854831720745 0.16690631036549497
8.44 -16.01030409148987 0.16664125871243 0.16706440825001467
8.43 -16.054774736745788 0.16679787244640595 0.1672233581882779
8.42 -16.099253125703804 0.16695532746249547 0.167383163300203
8.41 -16.143739244076155 0.16711362686940953 0.1675438267260928
8.4 -16.188233077590485 0.1672727737962763 0.1677053516267704
8.39 -16.232734611990033 0.16743277139277085 0.16786774118371414
8.38 -16.277243833033857 0.16759362282922566 0.16803099859919496
8.37 -16.321760726497036 0.1677553312967783 0.16819512709641435
8.36 -16.366285278170857 0.16791790000754012 0.16836012991964358
8.35 -16.410817473863062 0.1680813321946938 0.16852601033436457
8.34 -16.455357299398013 0.16824563111265037 0.16869277162741134
8.33 -16.499904740616927 0.1684108000372228 0.16886041710711294
8.32 -16.544459783378073 0.16857684226570382 0.169028950103438
8.31 -16.58902241355697 0.16874376111709902 0.16919837396813997
8.3 -16.633592617046617 0.16891155993219342 0.1693686920749041
8.29 -16.678170379757667 0.16908024207373504 0.1695399078194953
8.28 -16.722755687618665 0.1692498109266299 0.1697120246199078
8.27 -16.767348526576235 0.16942026989797923 0.1698850459165156
8.26 -16.8119488825953 0.16959162241733913 0.17005897517222437
8.25 -16.856556741659265 0.16976387193684464 0.17023381587262512
8.24 -16.901172089770263 0.16993702193130747 0.17040957152614858
8.23 -16.945794912949314 0.1701110758984506 0.170586245664221
8.22 -16.99042519723658 0.17028603735903394 0.17076384184142218
8.21 -17.035062928691524 0.17046190985702078 0.17094236363564383
8.2 -17.07970809339315 0.17063869695970488 0.17112181464824996
8.190000000000001 -17.1243606774402 0.1708164022579237 0.17130219850423814
8.180000000000001 -17.16902066695135 0.1709950293661826 0.17148351885240312
8.170000000000002 -17.213688048065432 0.17117458192287266 0.17166577936550098
8.16 -17.25836280694163 0.17135506359034525 0.17184898374041507
8.15 -17.303044929759682 0.17153647805515024 0.1720331356983234
8.14 -17.347734402720096 0.1717188290282081 0.17221823898486732
8.13 -17.392431212044347 0.17190212024493173 0.17240429737032242
8.120000000000001 -17.43713534397509 0.17208635546544948 0.17259131464976984
8.110000000000001 -17.481846784776366 0.17227153847475182 0.17277929464327033
8.100000000000001 -17.526565520733772 0.1724576730828682 0.17296824119603843
8.090000000000002 -17.571291538154746 0.17264476312503857 0.17315815817861976
8.08 -17.616024823368676 0.17283281246193413 0.17334904948706864
8.07 -17.660765362727176 0.17302182497977112 0.1735409190431278
8.06 -17.70551314260425 0.1732118045905569 0.1737337707944101
8.05 -17.750268149396522 0.17340275523220397 0.17392760871458107
8.040000000000001 -17.795030369523417 0.17359468086876997 0.1741224368035433
8.030000000000001 -17.839799789427396 0.1737875854906504 0.17431825908762286
8.020000000000001 -17.8845763955741 0.17398147311469847 0.17451507961975715
8.010000000000002 -17.929360174452643 0.17417634778449578 0.17471290247968446
8.000000000000002 -17.97415111257573 0.17437221357050975 0.17491173177413513
7.990000000000001 -18.01894919647991 0.17456907457026313 0.17511157163702476
7.980000000000001 -18.063754412725753 0.1747669349085877 0.1753124262296486
7.970000000000001 -18.10856674789808 0.17496579873774137 0.17551429974087818
7.960000000000001 -18.153386188606127 0.17516567023769233 0.1757171963873597
7.950000000000001 -18.198212721483788 0.17536655361626124 0.1759211204137137
7.940000000000001 -18.243046333189795 0.17556845310932057 0.17612607609273723
7.930000000000001 -18.287887010407903 0.17577137298105783 0.17633206772560692
7.920000000000001 -18.332734739847126 0.1759753175240978 0.17653909964208514
7.910000000000001 -18.37758950824191 0.17618029105978597 0.17674717620072686
7.900000000000001 -18.42245130235236 0.17638629793837132 0.17695630178908914
7.890000000000001 -18.46732010896442 0.17659334253919723 0.17716648082394224
7.880000000000001 -18.512195914890054 0.17680142927093975 0.17737771775148253
7.870000000000001 -18.557078706967502 0.17701056257181652 0.1775900170475477
7.860000000000001 -18.601968472061436 0.17722074690980608 0.1778033832178335
7.8500000000000005 -18.646865197063164 0.1774319867828548 0.17801782079811285
7.840000000000001 -18.69176886889084 0.17764428671911392 0.1782333343544564
7.830000000000001 -18.736679474489648 0.17785765127716138 0.17844992848345606
7.820000000000001 -18.781597000832008 0.17807208504618255 0.1786676078124492
7.8100000000000005 -18.826521434917797 0.1782875926463212 0.1788863769997463
7.800000000000001 -18.8714527637745 0.17850417872876265 0.1791062407348599
7.790000000000001 -18.916390974457435 0.17872184797601284 0.17932720373873567
7.780000000000001 -18.961336054049948 0.17894060510219986 0.17954927076398552
7.770000000000001 -19.006287989663598 0.17916045485325507 0.179772446595124
7.760000000000001 -19.05124676843835 0.17938140200710992 0.17999673604880487
7.750000000000001 -19.096212377542827 0.1796034513740309 0.1802221439740615
7.740000000000001 -19.1411848041744 0.1798266077967854 0.18044867525254907
7.730000000000001 -19.186164035559468 0.18005087615090698 0.18067633479878822
7.720000000000001 -19.231150058953624 0.18027626134499275 0.18090512756041208
7.710000000000001 -19.27614286164184 0.1805027683208589 0.18113505851841533
7.700000000000001 -19.32114243093868 0.18073040205385676 0.18136613268740448
7.690000000000001 -19.36614875418848 0.18095916755311892 0.18159835511585182
7.680000000000001 -19.411161818765528 0.1811890698618239 0.18183173088635135
7.670000000000001 -19.45618161207428 0.1814201140574138 0.18206626511587673
7.660000000000001 -19.501208121549535 0.18165230525190196 0.18230196295604187
7.650000000000001 -19.54624133465664 0.18188564859210712 0.18253882959336404
7.640000000000001 -19.591281238891657 0.18212014925993283 0.18277687024952918
7.630000000000001 -19.636327821781574 0.18235581247264965 0.18301609018165996
7.620000000000001 -19.68138107088449 0.18259264348310378 0.18325649468258626
7.610000000000001 -19.7264409737898 0.18283064758009046 0.18349808908111787
7.6000000000000005 -19.771507518118383 0.18306983008852248 0.1837408787423202
7.590000000000001 -19.81658069152278 0.18331019636984655 0.1839848690677926
7.580000000000001 -19.861660481687416 0.18355175182213368 0.18423006549594878
7.570000000000001 -19.90674687632874 0.18379450188052712 0.18447647350229993
7.5600000000000005 -19.95183986319544 0.18403845201752309 0.18472409859974145
7.550000000000001 -19.996939430068615 0.18428360774311334 0.1849729463388413
7.540000000000001 -20.042045564761978 0.18452997460521897 0.18522302230813123
7.530000000000001 -20.087158255122034 0.18477755818992792 0.18547433213440095
7.520000000000001 -20.13227748902823 0.1850263641218515 0.1857268814829956
7.510000000000001 -20.1774032543932 0.18527639806430166 0.18598067605811527
7.500000000000001 -20.222535539162894 0.18552766571974622 0.18623572160311744
7.490000000000001 -20.26767433131678 0.1857801728299643 0.18649202390082256
7.480000000000001 -20.312819618868033 0.18603392517651599 0.18674958877382247
7.470000000000001 -20.35797138986371 0.18628892858090415 0.18700842208479213
7.460000000000001 -20.403129632384918 0.18654518890497176 0.1872685297368031
7.450000000000001 -20.448294334546997 0.18680271205121646 0.18752991767364144
7.440000000000001 -20.493465484499737 0.18706150396307064 0.1877925918801277
7.430000000000001 -20.538643070427483 0.1873215706253203 0.18805655838244073
7.420000000000001 -20.583827080549387 0.1875829180642568 0.18832182324844335
7.410000000000001 -20.629017503119528 0.18784555234821698 0.18858839258801277
7.400000000000001 -20.674214326427123 0.18810947958774435 0.1888562725533728
7.390000000000001 -20.719417538796684 0.18837470593607922 0.1891254693394301
7.380000000000001 -20.764627128588206 0.18864123758933543 0.18939598918411357
7.370000000000001 -20.809843084197333 0.1889090807869786 0.18966783836871623
7.360000000000001 -20.85506539405552 0.18917824181210247 0.18994102321824147
7.3500000000000005 -20.90029404663024 0.1894487269917824 0.19021555010175184
7.340000000000001 -20.94552903042511 0.18972054269743718 0.1904914254327212
7.330000000000001 -20.990770333980098 0.18999369534521954 0.19076865566939116
7.320000000000001 -21.036017945871695 0.1902681913963476 0.1910472473151303
7.3100000000000005 -21.08127185471303 0.19054403735746667 0.19132720691879676
7.300000000000001 -21.12653204915412 0.19082123978095167 0.1916085410751043
7.290000000000001 -21.171798517881985 0.19109980526545214 0.1918912564249928
7.280000000000001 -21.217071249620805 0.1913797404560817 0.19217535965600124
7.270000000000001 -21.262350233132143 0.1916610520449363 0.192460857502645
7.260000000000001 -21.307635457215053 0.19194374677138165 0.19274775674679714
7.250000000000001 -21.35292691070628 0.19222783142244496 0.1930360642180722
7.240000000000001 -21.398224582480402 0.19251331283325382 0.1933257867942145
7.230000000000001 -21.443528461450008 0.1928001978874274 0.19361693140149056
7.220000000000001 -21.488838536565872 0.19308849351740556 0.19390950501508475
7.210000000000001 -21.534154796817074 0.19337820670493555 0.1942035146594996
7.200000000000001 -21.579477231231184 0.19366934448141382 0.1944989674089585
7.190000000000001 -21.62480582887444 0.19396191392832476 0.19479587038781468
7.180000000000001 -21.670140578851896 0.19425592217765658 0.19509423077096236
7.170000000000001 -21.715481470307544 0.19455137641229686 0.19539405578425223
7.160000000000001 -21.76082849242453 0.19484828386650252 0.19569535270491237
7.150000000000001 -21.806181634425265 0.1951466518262121 0.1959981288619712
7.140000000000001 -21.8515408855716 0.19544648762957395 0.19630239163668595
7.130000000000001 -21.89690623516497 0.19574779866743658 0.19660814846297575
7.120000000000001 -21.942277672546577 0.19605059238366535 0.19691540682785874
7.110000000000001 -21.987655187097506 0.19635487627554774 0.19722417427189246
7.1000000000000005 -22.03303876823889 0.19666065789440454 0.1975344583896191
7.090000000000001 -22.07842840543206 0.19696794484592267 0.19784626683001622
7.080000000000001 -22.1238240881787 0.19727674479066107 0.19815960729695142
7.070000000000001 -22.169225806021014 0.1975870654444813 0.19847448754964062
7.0600000000000005 -22.214633548541823 0.1978989145790182 0.19879091540311208
7.050000000000001 -22.26004730536475 0.1982123000221732 0.19910889872867507
7.040000000000001 -22.30546706615436 0.19852722965856356 0.1994284454543926
7.030000000000001 -22.350892820616306 0.1988437114299854 0.19974956356555867
7.020000000000001 -22.396324558497476 0.19916175333596298 0.20007226110518153
7.010000000000001 -22.44176226958612 0.19948136343413989 0.2003965461744705
7.000000000000001 -22.487205943712 0.19980254984091672 0.200722426933329
6.990000000000001 -22.532655570746538 0.2001253207317454 0.20104991160085162
6.980000000000001 -22.578111140602964 0.20044968434185806 0.20137900845582596
6.970000000000001 -22.62357264323642 0.20077564896661157 0.20170972583724103
6.960000000000001 -22.669040068644136 0.20110322296210065 0.2020420721447999
6.950000000000001 -22.71451340686553 0.20143241474551246 0.20237605583943633
6.940000000000001 -22.75999264798239 0.2017632327958824 0.202711685443838
6.930000000000001 -22.80547778211897 0.20209568565456612 0.20304896954297663
6.920000000000001 -22.85096879944215 0.20242978192552055 0.2033879167846401
6.910000000000001 -22.896465690161534 0.20276553027624003 0.2037285358799721
6.900000000000001 -22.941968444529614 0.2031029394380086 0.20407083560401743
6.890000000000001 -22.987477052841896 0.20344201820658192 0.20441482479627182
6.880000000000001 -23.032991505437003 0.20378277544268106 0.2047605123612379
6.870000000000001 -23.078511792696844 0.20412522007265363 0.20510790726898753
6.860000000000001 -23.12403790504672 0.20446936108892527 0.20545701855572895
6.8500000000000005 -23.169569832955425 0.20481520755059482 0.20580785532438026
6.840000000000001 -23.215107566935423 0.20516276858413038 0.20616042674514787
6.830000000000001 -23.26065109754292 0.2055120533838715 0.2065147420561135
6.820000000000001 -23.30620041537803 0.2058630712125695 0.20687081056382484
6.8100000000000005 -23.351755511084864 0.20621583140203412 0.20722864164389207
6.800000000000001 -23.39731637535166 0.2065703433537727 0.20758824474159218
6.790000000000001 -23.442882998910918 0.20692661653962824 0.20794962937247946
6.780000000000001 -23.48845537253949 0.20728466050225455 0.20831280512300152
6.770000000000001 -23.53403348705872 0.2076444848558524 0.20867778165112102
6.760000000000001 -23.57961733333455 0.20800609928676037 0.20904456868694551
6.750000000000001 -23.62520690227761 0.20836951355416833 0.20941317603336373
6.740000000000001 -23.67080218484338 0.20873473749066823 0.20978361356668754
6.730000000000001 -23.716403172032276 0.20910178100290736 0.2101558912373009
6.720000000000001 -23.76200985488973 0.2094706540723583 0.2105300190703165
6.710000000000001 -23.807622224506364 0.209841366755829 0.21090600716623845
6.700000000000001 -23.85324027201805 0.21021392918624604 0.21128386570163185
6.690000000000001 -23.89886398860602 0.21058835157325487 0.21166360492979958
6.680000000000001 -23.94449336549699 0.21096464420397928 0.21204523518146684
6.670000000000001 -23.99012839396325 0.21134281744369166 0.21242876686547246
6.660000000000001 -24.035769065322768 0.2117228817364513 0.2128142104694669
6.650000000000001 -24.08141537093931 0.21210484760592982 0.21320157656061914
6.640000000000001 -24.12706730222249 0.21248872565604177 0.21359087578632985
6.630000000000001 -24.17272485062795 0.21287452657164221 0.21398211887495244
6.620000000000001 -24.218388007657364 0.2132622611193396 0.2143753166365218
6.610000000000001 -24.2640567648586 0.2136519401482242 0.21477047996349133
6.6000000000000005 -24.30973111382579 0.21404357459050344 0.2151676198314769
6.590000000000001 -24.355411046199443 0.2144371754623898 0.21556674730000888
6.580000000000001 -24.401096553666495 0.21483275386486866 0.215967873513294
6.570000000000001 -24.44678762796046 0.21523032098429046 0.21637100970098297
6.5600000000000005 -24.49248426086144 0.21562988809335265 0.21677616717894735
6.550000000000001 -24.53818644419629 0.21603146655178707 0.217183357350065
6.540000000000001 -24.583894169838665 0.2164350678071628 0.21759259170501374
6.530000000000001 -24.629607429709118 0.21684070339576422 0.21800388182307381
6.520000000000001 -24.675326215775154 0.2172483849432483 0.21841723937293914
6.510000000000001 -24.721050520051364 0.21765812416559496 0.21883267611353596
6.500000000000001 -24.76678033459946 0.21806993286991383 0.21925020389485228
6.490000000000001 -24.81251565152838 0.21848382295526136 0.21966983465877515
6.480000000000001 -24.858256462994337 0.2188998064135048 0.2200915804399378
6.470000000000001 -24.904002761200942 0.2193178953301897 0.220515453366575
6.460000000000001 -24.949754538399237 0.21973810188539178 0.22094146566138909
6.450000000000001 -24.995511786887782 0.22016043835459304 0.22136962964242435
6.440000000000001 -25.041274499012733 0.2205849171095232 0.22179995772395159
6.430000000000001 -25.08704266716791 0.2210115506191911 0.22223246241736122
6.420000000000001 -25.13281628379485 0.2214403514505996 0.22266715633206763
6.410000000000001 -25.178595341382902 0.22187133226989839 0.22310405217642332
6.400000000000001 -25.224379832469264 0.22230450584302558 0.22354316275864247
6.390000000000001 -25.270169749639066 0.22273988503689324 0.22398450098773404
6.380000000000001 -25.31596508552545 0.22317748282021121 0.22442807987444743
6.370000000000001 -25.361765832809567 0.22361731226447523 0.22487391253222633
6.360000000000001 -25.407571984220706 0.22405938654490143 0.2253220121781744
6.3500000000000005 -25.453383532536332 0.22450371894145926 0.22577239213403089
6.340000000000001 -25.4992004705821 0.2249503228397951 0.2262250658271575
6.330000000000001 -25.545022791231972 0.22539921173230834 0.22668004679153667
6.320000000000001 -25.590850487408236 0.22585039921910527 0.22713734866878027
6.3100000000000005 -25.636683552081585 0.22630389900905015 0.2275969852091497
6.300000000000001 -25.6825219782711 0.22675972492078555 0.22805897027258762
6.290000000000001 -25.728365759044383 0.22721789088376682 0.22852331782976124
6.280000000000001 -25.774214887517555 0.2276784109393106 0.22899004196311668
6.270000000000001 -25.820069356855303 0.2281412992417639 0.2294591568679455
6.260000000000001 -25.86592916027095 0.2286065700594682 0.22993067685346494
6.250000000000001 -25.91179429102647 0.22907423777585556 0.23040461634390702
6.240000000000001 -25.957664742432534 0.22954431689064864 0.23088098987962238
6.230000000000001 -26.003540507848555 0.23001682202091386 0.23135981211819628
6.220000000000001 -26.049421580682722 0.2304917679021205 0.23184109783557583
6.210000000000001 -26.095307954392034 0.23096916938949588 0.23232486192721188
6.200000000000001 -26.141199622482326 0.23144904145893644 0.2328111194092125
6.190000000000001 -26.187096578508335 0.23193139920834435 0.23329988541951052
6.180000000000001 -26.23299881607367 0.23241625785876688 0.23379117521904363
6.170000000000001 -26.278906328830907 0.23290363275558962 0.23428500419294881
6.160000000000001 -26.324819110481542 0.2333935393696708 0.23478138785176905
6.150000000000001 -26.37073715477609 0.23388599329862653 0.23528034183267424
6.140000000000001 -26.416660455514084 0.2343810102682087 0.23578188190069777
6.130000000000001 -26.462589006544047 0.23487860613330275 0.23628602394998544
6.120000000000001 -26.508522801763583 0.23537879687936988 0.23679278400505907
6.110000000000001 -26.554461835119344 0.23588159862366262 0.23730217822209554
6.1000000000000005 -26.60040610060709 0.23638702761651872 0.2378142228902194
6.090000000000001 -26.646355592271636 0.23689510024267624 0.23832893443281103
6.080000000000001 -26.69231030420697 0.23740583302269325 0.23884632940883027
6.070000000000001 -26.73827023055614 0.23791924261411687 0.23936642451415524
6.0600000000000005 -26.784235365511346 0.23843534581292133 0.2398892365829353
6.050000000000001 -26.83020570331394 0.2389541595549421 0.24041478258896146
6.040000000000001 -26.876181238254382 0.2394757009172126 0.24094307964705292
6.030000000000001 -26.922161964672313 0.23999998711934004 0.24147414501445877
6.020000000000001 -26.968147876956486 0.24052703552492852 0.24200799609227566
6.010000000000001 -27.014138969544828 0.24105686364310125 0.2425446504268834
6.000000000000001 -27.06013523692439 0.24158948912987863 0.24308412571139695
5.990000000000001 -27.106136673631365 0.24212492978966316 0.2436264397871354
5.980000000000001 -27.152143274251085 0.24266320357667456 0.2441716106451067
5.970000000000001 -27.198155033418008 0.2432043285966006 0.2447196564275128
5.960000000000001 -27.244171945815694 0.24374832310803202 0.24527059542927068
5.950000000000001 -27.29019400617682 0.24429520552394 0.24582444609955179
5.940000000000001 -27.336221209283146 0.24484499441332272 0.24638122704333906
5.930000000000001 -27.38225354996551 0.2453977085028826 0.24694095702300367
5.920000000000001 -27.428291023103796 0.2459533666783195 0.2475036549598998
5.910000000000001 -27.474333623626926 0.24651198798633253 0.24806933993597863
5.900000000000001 -27.52038134651285 0.24707359163590775 0.24863803119542055
5.890000000000001 -27.566434186788502 0.24763819700017656 0.24920974814628824
5.880000000000001 -27.612492139529778 0.24820582361806554 0.2497845103621987
5.870000000000001 -27.658555199861528 0.2487764911959911 0.250362337584016
5.860000000000001 -27.70462336295747 0.24935021960951045 0.25094324972156457
5.8500000000000005 -27.750696624040252 0.24992702890502902 0.25152726685536
5.840000000000001 -27.796774978381332 0.2505069393017629 0.2521144092383653
5.830000000000001 -27.842858421301006 0.2510899711933366 0.2527046972977657
5.820000000000001 -27.888946948168297 0.2516761451496002 0.253298151636765
5.8100000000000005 -27.93504055440101 0.25226548191851006 0.2538947930364042
5.800000000000001 -27.9811392354656 0.2528580024278793 0.2544946424574016
5.790000000000001 -28.0272429868772 0.2534537277874524 0.2550977210420162
5.780000000000001 -28.073351804199525 0.25405267929050007 0.255704050115933
5.770000000000001 -28.11946568304485 0.2546548784160493 0.2563136511901724
5.760000000000001 -28.16558461907394 0.2552603468304078 0.25692654596302006
5.750000000000001 -28.21170860799603 0.25586910638959504 0.25754275632198326
5.740000000000001 -28.25783764556875 0.25648117914097546 0.2581623043457705
5.730000000000001 -28.30397172759808 0.2570965873254212 0.2587852123062947
5.720000000000001 -28.35011084993825 0.25771535337930723 0.25941150267070173
5.710000000000001 -28.396255008491742 0.25833749993658767 0.26004119810342363
5.700000000000001 -28.44240419920921 0.25896304983078583 0.2606743214682567
5.690000000000001 -28.48855841808937 0.2595920260972927 0.26131089583046585
5.680000000000001 -28.534717661178984 0.26022445197526684 0.2619509444589153
5.670000000000001 -28.580881924572786 0.26086035090997495 0.2625944908282243
5.660000000000001 -28.627051204413387 0.2614997465549407 0.2632415586209518
5.650000000000001 -28.67322549689121 0.26214266277407494 0.26389217172980617
5.640000000000001 -28.719404798244437 0.2627891236440392 0.2645463542598838
5.630000000000001 -28.76558910475889 0.2634391534564608 0.2652041305309357
5.620000000000001 -28.811778412768007 0.2640927767200525 0.26586552507966044
5.610000000000001 -28.857972718652693 0.2647500181633635 0.2665305626620275
5.6000000000000005 -28.9041720188413 0.26541090273671786 0.26719926825563134
5.590000000000001 -28.9503763098095 0.26607545561482854 0.2678716670620721
5.580000000000001 -28.99658558808021 0.2667437021991636 0.2685477845093678
5.570000000000001 -29.042799850223492 0.26741566812035555 0.2692276462543966
5.5600000000000005 -29.089019092856475 0.2680913792406653 0.2699112781853697
5.550000000000001 -29.13524331264325 0.26877086165651576 0.2705987064243354
5.540000000000001 -29.181472506294778 0.26945414170114573 0.27128995732971617
5.530000000000001 -29.227706670568782 0.270141245947014 0.2719850574988776
5.520000000000001 -29.27394580226965 0.2708322012084952 0.27268403377072814
5.510000000000001 -29.320189898248344 0.2715270345445137 0.273386913228356
5.500000000000001 -29.366438955402256 0.2722257732611307 0.2740937232016949
5.490000000000001 -29.412692970675142 0.27292844491435153 0.27480449127022655
5.480000000000001 -29.458951941056984 0.2736350773128084 0.27551924526571797
5.470000000000001 -29.505215863583885 0.27434569852066754 0.2762380132749934
5.460000000000001 -29.551484735337947 0.27506033686017345 0.27696082364274216
5.450000000000001 -29.597758553447168 0.27577902091481343 0.2776877049743625
5.440000000000001 -29.644037315085306 0.276501779531928 0.27841868613884213
5.430000000000001 -29.690321017471764 0.27722864182578844 0.2791537962716753
5.420000000000001 -29.736609657871455 0.27795963718052624 0.27989306477781944
5.410000000000001 -29.7829032335947 0.2786947952531118 0.2806365213346886
5.400000000000001 -29.82920174199705 0.27943414597643407 0.28138419589518643
5.390000000000001 -29.875505180479212 0.2801777195623098 0.2821361186907796
5.380000000000001 -29.921813546486863 0.2809255465047143 0.28289232023460975
5.370000000000001 -29.96812683751056 0.2816776575827729 0.28365283132464725
5.360000000000001 -30.01444505108556 0.28243408386408997 0.28441768304688514
5.3500000000000005 -30.060768184791698 0.28319485670792166 0.28518690677857583
5.340000000000001 -30.107096236253238 0.2839600077685633 0.28596053419151124
5.330000000000001 -30.15342920313872 0.28472956899857427 0.2867385972553451
5.320000000000001 -30.19976708316083 0.28550357265214155 0.2875211282409591
5.3100000000000005 -30.24610987407623 0.28628205128855716 0.28830815972387275
5.300000000000001 -30.29245757368541 0.2870650377755952 0.2890997245877005
5.290000000000001 -30.33881017983254 0.28785256529319864 0.28989585602765283
5.280000000000001 -30.38516769040529 0.28864466733679367 0.29069658755408573
5.270000000000001 -30.431530103334687 0.28944137772114314 0.29150195299609655
5.260000000000001 -30.477897416594956 0.2902427305836681 0.2923119865051675
5.250000000000001 -30.52426962820332 0.29104876038848043 0.29312672255885663
5.240000000000001 -30.570646736219874 0.2918595019298977 0.29394619596454197
5.230000000000001 -30.617028738747386 0.29267499033638233 0.2947704418632123
5.220000000000001 -30.66341563393113 0.29349526107432655 0.2955994957333119
5.210000000000001 -30.70980741995872 0.2943203499519982 0.2964333933946351
5.200000000000001 -30.756204095059903 0.2951502931233584 0.2972721710122742
5.190000000000001 -30.802605657506422 0.2959851270922511 0.2981158651006199
5.180000000000001 -30.849012105611777 0.2968248887163177 0.29896451252741674
5.170000000000001 -30.895423437731086 0.297669615211205 0.2998181505178742
5.160000000000001 -30.941839652260875 0.29851934415466963 0.30067681665883217
5.150000000000001 -30.988260747638886 0.29937411349092524 0.30154054890298554
5.140000000000001 -31.034686722343896 0.30023396153477255 0.30240938557316455
5.130000000000001 -31.081117574895508 0.30109892697601953 0.3032833653666735
5.120000000000001 -31.127553303853936 0.301969048883852 0.30416252735969035
5.110000000000001 -31.17399390781984 0.30284436671141823 0.3050469110117259
5.1000000000000005 -31.220439385434087 0.3037249203002029 0.30593655617014526
5.090000000000001 -31.266889735377582 0.3046107498846994 0.3068315030747512
5.080000000000001 -31.31334495637103 0.3055018960970026 0.30773179236242976
5.070000000000001 -31.359805047174703 0.3063983999715643 0.3086374650718612
5.0600000000000005 -31.406270006588304 0.3073003029500155 0.30954856264829705
5.050000000000001 -31.452739833450643 0.3082076468859128 0.31046512694840195
5.040000000000001 -31.499214526639495 0.30912047404980797 0.31138720024516464
5.030000000000001 -31.54569408507138 0.3100388271339989 0.312314825232876
5.020000000000001 -31.59217850770126 0.31096274925777756 0.3132480450321769
5.010000000000001 -31.63866779352241 0.31189228397261465 0.31418690319517834
5.000000000000001 -31.685161941566097 0.3128274752671035 0.3151314437106528
4.990000000000001 -31.731660950901432 0.31376836757230275 0.31608171100929644
4.980000000000001 -31.77816482063506 0.3147150057672666 0.3170377499690662
4.970000000000001 -31.824673549910973 0.3156674351843571 0.31799960592059756
4.960000000000001 -31.87118713791023 0.31662570161459935 0.31896732465269045
4.950000000000001 -31.917705583850758 0.3175898513134363 0.31994095241787973
4.940000000000001 -31.964228886987062 0.3185599310064066 0.32092053593808156
4.930000000000001 -32.010757046609996 0.31953598789459736 0.32190612241032046
4.920000000000001 -32.0572900620465 0.320518069660899 0.3228977595125393
4.910000000000001 -32.10382793265937 0.32150622447547395 0.3238954954094924
4.900000000000001 -32.15037065784696 0.32250050100202293 0.32489937875872016
4.890000000000001 -32.19691823704299 0.32350094840362287 0.32590945871661287
4.880000000000001 -32.24347066971619 0.3245076163491493 0.3269257849445589
4.870000000000001 -32.29002795537013 0.3255205550193503 0.3279484076151851
4.860000000000001 -32.33659009354284 0.3265398151132033 0.32897737741868455
4.8500000000000005 -32.38315708380667 0.32756544785434943 0.33001274556923593
4.840000000000001 -32.42972892576793 0.32859750499765955 0.3310545638115175
4.830000000000001 -32.47630561906662 0.329636038835668 0.3321028844273132
4.820000000000001 -32.52288716337618 0.3306811022054578 0.3331577602422172
4.8100000000000005 -32.569473558403196 0.33173274849565354 0.33421924463243574
4.800000000000001 -32.616064803887085 0.3327910316528169 0.335287391531691
4.790000000000001 -32.66266089959988 0.3338560061889138 0.33636225543821896
4.780000000000001 -32.709261845345836 0.33492772718816416 0.3374438914218777
4.770000000000001 -32.755867640961256 0.33600625031438536 0.33853235513135554
4.760000000000001 -32.80247828631409 0.3370916318182204 0.3396277028014875
4.750000000000001 -32.84909378130373 0.33818392854473867 0.34072999126067854
4.740000000000001 -32.8957141258606 0.3392831979406819 0.34183927793843866
4.730000000000001 -32.94233931994596 0.3403894980625139 0.34295562087302756
4.720000000000001 -32.98896936355153 0.3415028875838534 0.34407907871921645
4.710000000000001 -33.035604256699216 0.342623425803399 0.34520971075616025
4.700000000000001 -33.08224399944076 0.34375117265307875 0.3463475768953903
4.690000000000001 -33.128888591857475 0.3448861887061371 0.34749273768892824
4.680000000000001 -33.17553803405987 0.34602853518529186 0.34864525433752036
4.670000000000001 -33.22219232618739 0.34717827397094125 0.34980518869899224
4.660000000000001 -33.268851468408045 0.34833546761019857 0.35097260329673285
4.650000000000001 -33.315515460918114 0.34950017932467076 0.3521475613283065
4.640000000000001 -33.362184303941774 0.3506724730202685 0.3533301266741954
4.630000000000001 -33.40885799773082 0.3518524132950266 0.35452036390667263
4.620000000000001 -33.4555365425643 0.35304006544882505 0.35571833829881006
4.610000000000001 -33.5022199387482 0.35423549549228217 0.3569241158336259
4.6000000000000005 -33.54890818661506 0.3554387701560873 0.3581377632133698
4.590000000000001 -33.59560128652366 0.3566499569003818 0.3593593478689498
4.580000000000001 -33.6422992388587 0.3578691239244996 0.3605889379695046
4.570000000000001 -33.6890020440304 0.35909634017643904 0.36182660243212345
4.5600000000000005 -33.73570970247416 0.360331675362922 0.36307241093171116
4.550000000000001 -33.782422214650246 0.36157519995933984 0.3643264339110112
4.540000000000001 -33.82913958104338 0.3628269852200141 0.36558874259077856
4.530000000000001 -33.87586180216241 0.3640871031884936 0.36685940898011615
4.520000000000001 -33.92258887853996 0.3653556267079934 0.36813850588696473
4.510000000000001 -33.969320810732 0.3666326294322157 0.36942610692876077
4.500000000000001 -34.01605759931756 0.3679181858360235 0.3707222865432609
4.490000000000001 -34.06279924489831 0.3692123712264924 0.3720271199995315
4.480000000000001 -34.10954574809817 0.37051526175404254 0.3733406834091125
4.470000000000001 -34.156297109563 0.3718269344238387 0.37466305373735553
4.460000000000001 -34.20305332996013 0.37314746710740376 0.37599430881494483
4.450000000000001 -34.24981440997808 0.37447693855408104 0.3773345273495931
4.440000000000001 -34.29658035032605 0.3758154284030804 0.3786837889379264
4.430000000000001 -34.343351151733664 0.3771630171955919 0.380042174077554
4.420000000000001 -34.3901268149505 0.3785197863870352 0.381409764179336
4.410000000000001 -34.436907340745684 0.3798858183593791 0.3827866415798392
4.400000000000001 -34.483692729907524 0.38126119643403594 0.3841728895539949
4.390000000000001 -34.53048298324314 0.3826460048844917 0.38556859232795854
4.380000000000001 -34.57727810157799 0.38404032894963214 0.38697383509217465
4.370000000000001 -34.62407808575553 0.3854442548467835 0.3883887040146531
4.360000000000001 -34.67088293663674 0.38685786978543824 0.38981328625445744
4.3500000000000005 -34.717692655099775 0.3882812619806849 0.3912476699754112
4.340000000000001 -34.76450724203953 0.38971452066737405 0.3926919443600251
4.330000000000001 -34.8113266983672 0.39115773611424043 0.3941461996236503
4.320000000000001 -34.8581510250099 0.39261099963818763 0.3956105270288624
4.3100000000000005 -34.9049802229102 0.39407440361908946 0.39708501890007863
4.300000000000001 -34.95181429302573 0.3955480415144211 0.3985697686384132
4.290000000000001 -34.99865323632873 0.3970320078746162 0.40006487073677566
4.280000000000001 -35.04549705380566 0.39852639835817044 0.4015704207952183
4.270000000000001 -35.0923457464567 0.40003130974744844 0.4030865155365325
4.260000000000001 -35.139199315295386 0.40154683996445134 0.40461325282210403
4.250000000000001 -35.18605776134812 0.40307308808697057 0.40615073166803145
4.240000000000001 -35.23292108565372 0.4046101543649074 0.4076990522615063
4.230000000000001 -35.27978928926304 0.4061581402369993 0.40925831597746987
4.220000000000001 -35.32666237323847 0.407717148347754 0.41082862539554327
4.210000000000001 -35.37354033865346 0.4092872825647462 0.4124100843172425
4.200000000000001 -35.42042318659214 0.4108686479958989 0.4140027977834795
4.190000000000001 -35.46731091814882 0.4124613510075286 0.4156068720923548
4.180000000000001 -35.51420353442752 0.4140654992423964 0.4172224148172527
4.170000000000001 -35.561101036541544 0.4156812016379301 0.41884953482523607
4.160000000000001 -35.60800342561298 0.41730856844509745 0.4204883422957532
4.150000000000001 -35.65491070277225 0.4189477112474858 0.4221389487396621
4.140000000000001 -35.701822869157674 0.4205987429804826 0.4238014670185755
4.130000000000001 -35.748739925914904 0.4222617779510529 0.42547601136453334
4.120000000000001 -35.795661874196554 0.4239369318578728 0.42716269740001417
4.110000000000001 -35.842588715161654 0.4256243218114779 0.4288616421582846
4.1000000000000005 -35.88952044997521 0.42732406635496273 0.43057296410409673
4.090000000000001 -35.93645707980765 0.4290362854852924 0.4322967831547408
4.080000000000001 -35.98339860583445 0.43076110067445395 0.43403322070146094
4.070000000000001 -36.030345029235534 0.43249863489140644 0.4357823996312398
4.0600000000000005 -36.07729635119487 0.43424901262421134 0.4375444443489588
4.050000000000001 -36.1242525728999 0.43601235990260206 0.43931948079994165
4.040000000000001 -36.1712136955411 0.43778880432080636 0.44110763649289064
4.030000000000001 -36.21817972031145 0.43957847506098663 0.4429090405232189
4.020000000000001 -36.26515064840595 0.4413815029170168 0.44472382359679347
4.010000000000001 -36.31212648102111 0.44319802031866395 0.4465521180540926
4.000000000000001 -36.35910721935439 0.44502816135596857 0.44839405789478365
3.990000000000001 -36.406092864603806 0.4468720618044313 0.45024977880273565
3.980000000000001 -36.4530834179673 0.4487298591506478 0.4521194181714737
3.970000000000001 -36.500078880642285 0.45060169261787064 0.4540031151300817
3.960000000000001 -36.54707925382513 0.4524877031926362 0.45590101056956295
3.950000000000001 -36.59408453871059 0.4543880336513334 0.45781324716966854
3.940000000000001 -36.64109473649133 0.4563028285877564 0.4597399694262035
3.930000000000001 -36.6881098483574 0.4582322344407509 0.4616813236788187
3.920000000000001 -36.735129875495666 0.4601763995227419 0.4636374581393051
3.910000000000001 -36.782154819089314 0.4621354740484235 0.4656085229203935
3.900000000000001 -36.82918468031732 0.4641096101638267 0.4675946700650677
3.890000000000001 -36.87621946035385 0.46609896197642037 0.4695960535764074
3.880000000000001 -36.92325916036783 0.468103685585642 0.4716128294479744
3.870000000000001 -36.970303781522304 0.47012393911353406 0.47364515569474813
3.8600000000000008 -37.017353324973946 0.4721598827363988 0.4756931923846198
3.850000000000001 -37.064407791872505 0.4742116787168878 0.47775710167046326
3.8400000000000007 -37.111467183360226 0.47627949143657067 0.47983704782279063
3.830000000000001 -37.15853150057135 0.47836348742917856 0.48193319726300404
3.8200000000000007 -37.20560074463151 0.4804638354147288 0.48404571859726014
3.810000000000001 -37.25267491665723 0.4825807063337089 0.4861747826509579
3.8000000000000007 -37.29975401775529 0.4847142733824769 0.4883205625038631
3.790000000000001 -37.346838049022224 0.48686471204878096 0.4904832335258793
3.7800000000000007 -37.393927011543774 0.4890322001483623 0.4926629734134863
3.770000000000001 -37.441020906394265 0.49121691786205274 0.49485996222685413
3.760000000000001 -37.48811973463605 0.4934190477734749 0.4970743824276473
3.750000000000001 -37.535223497319 0.4956387749077449 0.4993064189175402
3.740000000000001 -37.582332195479836 0.49787628677059154 0.5015562590774517
3.730000000000001 -37.62944583014165 0.5001317733883469 0.5038240928075179
3.720000000000001 -37.676564402313225 0.5024054273487508 0.5061101125678193
3.710000000000001 -37.723687912988574 0.504697443842322 0.508414513419876
3.700000000000001 -37.77081636314626 0.5070080207049174 0.51073749306893
3.690000000000001 -37.81794975374886 0.5093373584604289 0.5130792519070333
3.680000000000001 -37.86508808574237 0.5116856603648874 0.5154399930569499
3.670000000000001 -37.912231360055614 0.5140531324514973 0.517819922416906
3.660000000000001 -37.959379577599634 0.5164399835756047 0.5202192487061899
3.650000000000001 -38.00653273926716 0.5188464254619521 0.5226381835116323
3.640000000000001 -38.05369084593193 0.5212726727513759 0.5250769413349811
3.630000000000001 -38.10085389844818 0.5237189430494669 0.5275357396411872
3.620000000000001 -38.148021897649954 0.5261854569755994 0.5300147989076298
3.6100000000000008 -38.19519484435058 0.5286724382133904 0.5325143426742958
3.600000000000001 -38.242372739342066 0.5311801135616682 0.5350345975949394
3.5900000000000007 -38.2895555833944 0.5337087129867144 0.5375757934892398
3.580000000000001 -38.336743377255054 0.5362584696752906 0.5401381633959765
3.5700000000000007 -38.38393612164834 0.5388296200890141 0.5427219436272513
3.560000000000001 -38.43113381727476 0.5414224040197564 0.5453273738237815
3.5500000000000007 -38.47833646481046 0.5440370646457964 0.5479546970112829
3.540000000000001 -38.52554406490655 0.5466738485893579 0.5506041596579656
3.5300000000000007 -38.572756618188535 0.5493330059754763 0.553276011733177
3.520000000000001 -38.619974125255666 0.5520147904915136 0.555970506767211
3.510000000000001 -38.66719658668034 0.5547194594483816 0.5586879019123109
3.500000000000001 -38.714424003007494 0.5574472738427326 0.5614284580048962
3.490000000000001 -38.761656374753926 0.5601984984203613 0.5641924396290385
3.480000000000001 -38.808893702407715 0.5629734017410154 0.5669801151812157
3.470000000000001 -38.85613598642758 0.565772256244567 0.569791756936376
3.460000000000001 -38.903383227242266 0.5685953383181191 0.5726276411153387
3.450000000000001 -38.95063542524989 0.5714429283652216 0.5754880479535679
3.440000000000001 -38.99789258081733 0.5743153108755609 0.5783732617713437
3.430000000000001 -39.04515469427956 0.5772127744969622 0.58128357104537
3.420000000000001 -39.09242176593905 0.5801356121084651 0.584219268481852
3.410000000000001 -39.139693796065124 0.5830841208944817 0.5871806510910746
3.400000000000001 -39.186970784893305 0.5860586024212686 0.590168020263514
3.390000000000001 -39.23425273262469 0.5890593627147437 0.5931816818475334
3.380000000000001 -39.281539639425304 0.5920867123394847 0.5962219462286827
3.370000000000001 -39.32883150542544 0.5951409664796377 0.5992891284106494
3.3600000000000008 -39.376128330719055 0.5982224450219822 0.6023835480978981
3.350000000000001 -39.4234301153631 0.6013314726399265 0.6055055297800448
3.3400000000000007 -39.47073685937684 0.6044683788798005 0.608655402817996
3.330000000000001 -39.51804856274133 0.6076334982488903 0.6118335015319046
3.3200000000000007 -39.56536522539856 0.6108271703050022 0.6150401652909844
3.310000000000001 -39.61268684725102 0.6140497397484574 0.6182757386052214
3.3000000000000007 -39.66001342816089 0.6173015565155257 0.6215405712190412
3.290000000000001 -39.707344967949496 0.6205829758743149 0.6248350182069653
3.2800000000000007 -39.75468146639657 0.623894358522287 0.6281594400713176
3.270000000000001 -39.80202292323967 0.6272360706861827 0.6315142028420242
3.260000000000001 -39.849369338173474 0.6306084842238944 0.6348996781785581
3.250000000000001 -39.89672071084915 0.6340119767287684 0.6383162434740861
3.240000000000001 -39.944077040873665 0.6374469316356609 0.6417642819618653
3.230000000000001 -39.99143832780918 0.6409137383300566 0.6452441828239515
3.220000000000001 -40.038804571172314 0.6444127922587849 0.6487563413022753
3.210000000000001 -40.0861757704336 0.6479444950439812 0.652301158812144
3.200000000000001 -40.13355192501669 0.6515092545985832 0.6558790430582312
3.190000000000001 -40.18093303429777 0.6551074852451783 0.6594904081531121
3.180000000000001 -40.22831909760494 0.6587396078370781 0.6631356747384172
3.170000000000001 -40.275710114217446 0.662406049882001 0.6668152701086616
3.160000000000001 -40.32310608336505 0.6661072456689947 0.6705296283378228
3.150000000000001 -40.37050700422741 0.6698436363974222 0.6742791904087377
3.140000000000001 -40.41791287593341 0.6736156703096099 0.678064404345387
3.130000000000001 -40.46532369756046 0.6774238028260059 0.6818857253481466
3.120000000000001 -40.51273946813379 0.6812684966832484 0.6857436159320729
3.1100000000000008 -40.5601601866259 0.6851502220758323 0.689638546068309
3.100000000000001 -40.60758585195583 0.6890694568005524 0.6935709933286898
3.0900000000000007 -40.655016462988435 0.6930266864044446 0.6975414430336231
3.080000000000001 -40.70245201853384 0.6970224043362825 0.7015503884033484
3.0700000000000007 -40.74989251734668 0.7010571121006524 0.7055983307126359
3.060000000000001 -40.79733795812545 0.7051313194169735 0.7096857794490428
3.0500000000000007 -40.844788339511894 0.7092455443808573 0.7138132524747998
3.040000000000001 -40.89224366009023 0.7134003136298339 0.7179812761924355
3.0300000000000007 -40.93970391838659 0.7175961625130323 0.7221903857142312
3.020000000000001 -40.9871691128683 0.7218336352642952 0.7264411250356122
3.010000000000001 -41.03463924194319 0.7261132851798338 0.7307340472125768
3.000000000000001 -41.08211430395899 0.7304356747995826 0.7350697145432733
2.990000000000001 -41.1295942972026 0.7348013760930477 0.7394486987538299
2.980000000000001 -41.17707921989948 0.7392109706498824 0.7438715811885653
2.970000000000001 -41.22456907021296 0.7436650498740297 0.7483389530046866
2.960000000000001 -41.2720638462435 0.7481642151835206 0.7528514153715953
2.950000000000001 -41.319563546028135 0.7527090782143097 0.7574095796749398
2.940000000000001 -41.3670681675398 0.757300261029035 0.7620140677255266
2.930000000000001 -41.414577708686586 0.7619383963312509 0.766665511973231
2.920000000000001 -41.462092167311106 0.7666241276842053 0.7713645557260508
2.910000000000001 -41.509611541189884 0.7713581097352848 0.776111853374433
2.900000000000001 -41.5571358280326 0.776141008445793 0.780908070621024
2.890000000000001 -41.60466502548152 0.7809735013262777 0.7857538847160012
2.880000000000001 -41.65219913111078 0.7858562776774904 0.7906499846981291
2.870000000000001 -41.69973814242572 0.7907900388373815 0.7955970716417026
2.8600000000000008 -41.747282056862254 0.7957754984342211 0.8005958589095504
2.850000000000001 -41.794830871786175 0.8008133826455232 0.805647072412262
2.8400000000000007 -41.84238458449253 0.8059044304640116 0.8107514508738114
2.830000000000001 -41.889943192204974 0.8110493939696245 0.8159097461037684
2.8200000000000007 -41.937506692075026 0.8162490386084288 0.8211227232762726
2.810000000000001 -41.985075081181506 0.8215041434789319 0.8263911612159741
2.8000000000000007 -42.032648356529876 0.8268155016247504 0.8317158526911409
2.790000000000001 -42.0802265150515 0.8321839203351723 0.8370976047141164
2.7800000000000007 -42.12780955360311 0.8376102214533615 0.8425372388493687
2.770000000000001 -42.17539746896605 0.8430952416920687 0.8480355915293366
2.760000000000001 -42.22299025784569 0.8486398329574912 0.8535935143782992
2.750000000000001 -42.270587916870795 0.854244862681602 0.8592118745445059
2.740000000000001 -42.31819044259279 0.8599112141623403 0.8648915550408031
2.730000000000001 -42.36579783148521 0.8656397869136311 0.870633455094016
2.720000000000001 -42.413410079943006 0.8714314970231238 0.8764384905033373
2.710000000000001 -42.4610271842819 0.877287277520125 0.8823075940079825
2.700000000000001 -42.50864914073782 0.8832080787528884 0.8882417156644035
2.690000000000001 -42.556275945466126 0.8891948687756034 0.894241823233335
2.680000000000001 -42.60390759454111 0.8952486337454351 0.9003089025769634
2.670000000000001 -42.65154408395528 0.9013703783301473 0.9064439580665322
2.660000000000001 -42.699185409618785 0.9075611261268278 0.9126480130006953
2.650000000000001 -42.746831567358704 0.9138219200907063 0.9189221100349392
2.640000000000001 -42.79448255291852 0.9201538229763607 0.9252673116224112
2.630000000000001 -42.84213836195742 0.9265579177901168 0.931684700466503
2.620000000000001 -42.88979899004969 0.9330353082549612 0.9381753799855524
2.6100000000000008 -42.937464432684145 0.9395871192875052 0.9447404747900299
2.600000000000001 -42.98513468526341 0.9462144974882157 0.9513811311725977
2.5900000000000007 -43.032809743103385 0.9529186116445066 0.9580985176114377
2.580000000000001 -43.08048960143266 0.959700653248022 0.9648938252872633
2.5700000000000007 -43.12817425539179 0.9665618370255159 0.9717682686144379
2.560000000000001 -43.17586370003277 0.973503401484644 0.9787230857866465
2.5500000000000007 -43.22355793031846 0.9805266094745909 0.9857595393375762
2.540000000000001 -43.271256941121855 0.9876327487622862 0.9928789167170745
2.5300000000000007 -43.318960727225665 0.9948231326243306 1.0000825308832855
2.520000000000001 -43.36666928332153 1.0020991004557316 1.007371720911256
2.510000000000001 -43.4143826040096 1.009462018395781 1.0147478526185632
2.500000000000001 -43.46210068379782 1.0169132799708416 1.022212319208487
2.490000000000001 -43.5098235171014 1.0244543067555916 1.029766541931298
2.480000000000001 -43.557551098242236 1.0320865490534052 1.0374119707642453
2.470000000000001 -43.605283421448284 1.0398114865953165 1.0451500851108637
2.460000000000001 -43.65302048085307 1.047630629259346 1.0529823945202126
2.450000000000001 -43.70076227049504 1.0555455178103208 1.060910439426704
2.440000000000001 -43.74850878431698 1.0635577246608494 1.0689357919112041
2.430000000000001 -43.79626001616553 1.0716688546547182 1.0770600564840997
2.420000000000001 -43.84401595979058 1.0798805458722696 1.085284870891067
2.410000000000001 -43.89177660884467 1.0881944704598525 1.0936119069422852
2.400000000000001 -43.939541956882515 1.0966123354831916 1.1020428713658932
2.390000000000001 -43.9873119973604 1.1051358838055922 1.1105795066864832
2.380000000000001 -44.03508672363565 1.1137668949929813 1.119223592129497
2.370000000000001 -44.0828661289661 1.1225071862444431 1.1279769445523922
2.3600000000000008 -44.130650206509536 1.13135861335138 1.1368414194034688
2.350000000000001 -44.17843894932315 1.1403230716846189 1.1458189117093343
2.3400000000000007 -44.22623235036307 1.1494024972118964 1.1549113570919582
2.330000000000001 -44.27403040248378 1.1585988675453267 1.1641207328163583
2.3200000000000007 -44.321833098437594 1.167914203020579 1.1734490588699573
2.310000000000001 -44.3696404308742 1.177350567809364 1.1828983990747166
2.3000000000000007 -44.41745239234011 1.1869100710650256 1.1924708622331965
2.290000000000001 -44.4652689752781 1.1965948681042764 1.2021686033097185
2.2800000000000007 -44.51309017202682 1.2064071616240586 1.2119938246478783
2.270000000000001 -44.56091597482022 1.2163492029571001 1.2219487772256712
2.260000000000001 -44.608746375787064 1.2264232933658523 1.232035761949591
2.250000000000001 -44.65658136695049 1.236631785376931 1.2422571309890735
2.240000000000001 -44.70442094022744 1.2469770841573469 1.2526152891527331
2.230000000000001 -44.75226508742828 1.2574616489340287 1.263112695307896
2.220000000000001 -44.80011380025628 1.2680879944580672 1.2737518638449927
2.210000000000001 -44.84796707030714 1.278858692515776 1.2845353661884344
2.200000000000001 -44.89582488906853 1.2897763734876613 1.2954658323556785
2.190000000000001 -44.943687247919684 1.3008437279575393 1.3065459525662384
2.180000000000001 -44.9915541381309 1.312063508372946 1.3177784789024694
2.170000000000001 -45.03942555086307 1.3234385307600396 1.3291662270240547
2.160000000000001 -45.087301477167344 1.3349716764934507 1.3407120779381834
2.150000000000001 -45.13518190798455 1.3466658941243448 1.3524189798274886
2.140000000000001 -45.183066834144924 1.3585242012683647 1.364289949937924
2.130000000000001 -45.23095624636756 1.3705496865554758 1.3763280765288206
2.120000000000001 -45.278850135260065 1.382745511644662 1.3885365208874885
2.1100000000000008 -45.32674849131816 1.3951149133054037 1.4009185194108043
2.100000000000001 -45.37465130492517 1.407661205569053 1.4134773857563525
2.0900000000000007 -45.42255856635183 1.420387781951855 1.426216513065788
2.080000000000001 -45.470470265755644 1.4332981177534418 1.4391393762631932
2.0700000000000007 -45.518386393180684 1.4463957724331167 1.4522495344313509
2.060000000000001 -45.56630693855718 1.4596843920669111 1.4655506332689543
2.0500000000000007 -45.614231891701074 1.4731677118892708 1.4790464076319296
2.040000000000001 -45.66216124231371 1.4868495589211834 1.4927406841621698
2.0300000000000007 -45.71009497998149 1.500733854690239 1.506637384007131
2.020000000000001 -45.7580330941755 1.514824618044278 1.520740525633911
2.010000000000001 -45.805975574251164 1.5291259680642226 1.5350542277415664
2.000000000000001 -45.8539224094479 1.5436421270780838 1.5495827122756223
1.9900000000000009 -45.901873588888805 1.5583774237818844 1.5643303075488688
1.9800000000000009 -45.949829101580335 1.5733362964712965 1.5793014514727843
1.9700000000000009 -45.99778893641195 1.5885232963876954 1.594500694904053
1.9600000000000009 -46.045753082155876 1.6039430911849313 1.609932705110916
1.9500000000000008 -46.09372152746672 1.6196004685200702 1.6256022693642622
1.9400000000000008 -46.14169426088122 1.6355003397745955 1.6415142986586317
1.9300000000000008 -46.18967127081798 1.651647743910474 1.6576738315685224
1.9200000000000008 -46.23765254557711 1.66804785146776 1.6740860382456582
1.9100000000000008 -46.28563807334007 1.6847059687082206 1.6907562245631282
1.9000000000000008 -46.333627842169264 1.701627541913119 1.7076898364126116
1.890000000000001 -46.381621840007945 1.7188181618393448 1.7248924641611687
1.880000000000001 -46.42962005467978 1.7362835683431004 1.7423698472744173
1.870000000000001 -46.477622473888786 1.7540296551762622 1.7601278791132309
1.860000000000001 -46.52562908521898 1.7720624749641452 1.7781726119114354
1.850000000000001 -46.57363987613421 1.7903882443722599 1.796510261942361
1.840000000000001 -46.62165483397789 1.8090133494695835 1.8151472148824808
1.830000000000001 -46.66967394597282 1.8279443512979636 1.8340900313807618
1.820000000000001 -46.71769719922101 1.8471879916562872 1.85334545284281
1.810000000000001 -46.76572458070343 1.866751199109077 1.8729204074393297
1.800000000000001 -46.813756077279855 1.886641095228915 1.8928220163488894
1.790000000000001 -46.861791675688686 1.9068650010841692 1.913057600245485
1.780000000000001 -46.90983136254679 1.9274304439825833 1.9336346860419642
1.770000000000001 -46.957875124349364 1.9483451644816057 1.9545610139008673
1.760000000000001 -47.00592294746964 1.969617123679294 1.9758445445249058
1.7500000000000009 -47.053974818158956 1.9912545107969917 1.9974934667398871
1.7400000000000009 -47.102030722546495 2.013265751068133 2.0195162053835665
1.7300000000000009 -47.15009064663916 2.035659513947414 2.0419214295146206
1.7200000000000009 -47.1981545763215 2.058444721654538 2.064718060956674
1.7100000000000009 -47.24622249735556 2.0816305580691696 2.0879152831930945
1.7000000000000008 -47.294294395380845 2.1052264779928365 2.111522550629111
1.6900000000000008 -47.342370255914155 2.1292422167959484 2.1355495982387054
1.6800000000000008 -47.39045006434953 2.153687800467672 2.1600064516146347
1.6700000000000008 -47.43853380595822 2.1785735560887587 2.1849034374409824
1.6600000000000008 -47.48662146588858 2.203910122746622 2.2102511944086367
1.6500000000000008 -47.53471302916603 2.2297084629153057 2.2360606845952296
1.640000000000001 -47.582808480692975 2.255979874322887 2.262343205332305
1.630000000000001 -47.630907805248825 2.2827360023295062 2.2891104015836503
1.620000000000001 -47.679010987489974 2.3099888528423347 2.316374278860142
1.610000000000001 -47.727118011949706 2.337750805793644 2.3441472166978468
1.600000000000001 -47.77522886303829 2.366034629210208 2.372441982727607
1.590000000000001 -47.823343525042866 2.3948534939044603 2.4012717473659886
1.580000000000001 -47.87146198212758 2.4242209888180457 2.4306500991591347
1.570000000000001 -47.91958421833353 2.4541511370522566 2.4605910608129054
1.560000000000001 -47.96771021757885 2.4846584126194924 2.4911091059446195
1.550000000000001 -48.01583996365864 2.5157577579539687 2.52221917659374
1.540000000000001 -48.063973440245164 2.5474646022209253 2.5539367015310677
1.530000000000001 -48.11211063088785 2.5797948804662596 2.586277615408346
1.520000000000001 -48.160251519013315 2.612765053650687 2.6192583787926207
1.510000000000001 -48.20839608792551 2.646392129615942 2.6528959991324093
1.5000000000000009 -48.25654432080578 2.6806936850328054 2.687208052705536
1.4900000000000009 -48.30469620071294 2.71568788838307 2.7222127076015084
1.4800000000000009 -48.3528517105835 2.7513935240328284 2.7579287477945433
1.4700000000000009 -48.40101083323162 2.7878300174556165 2.794375598366816
1.4600000000000009 -48.44917355134936 2.8250174616690105 2.8315733519451456
1.4500000000000008 -48.497339847506794 2.862976644951954 2.869542796418309
1.4400000000000008 -48.545509704152146 2.9017290799140842 2.908305444006387
1.4300000000000008 -48.59368310361194 2.941297033992917 2.9478835617580126
1.4200000000000008 -48.64186002809123 2.981703561459794 2.9883002035562782
1.4100000000000008 -48.690040459673696 3.0229725370201135 3.0295792437191813
1.4000000000000008 -48.73822438032191 3.0651286911000115 3.071745412286055
1.390000000000001 -48.78641177187752 3.108197646915931 3.114824332087372
1.380000000000001 -48.834602616061446 3.1522059594315532 3.1588425577016626
1.370000000000001 -48.882796894474076 3.1971811563124306 3.2038276164101576
1.360000000000001 -48.93099458859562 3.243151780996179 3.249808051267083
1.350000000000001 -48.979195679786194 3.290147438004392 3.2968134664114577
1.340000000000001 -49.027400149286166 3.3381988406301955 3.3448745747547006
1.330000000000001 -49.07560797821647 3.387337861144796 3.394023248187478
1.320000000000001 -49.12381914757871 3.4375975836771833 3.44429257045906
1.310000000000001 -49.17203363825568 3.4890123599295855 3.4957168928930176
1.300000000000001 -49.220251431011405 3.541617867904588 3.548331893114436
1.290000000000001 -49.26847250649168 3.5954511738315746 3.602174636976169
1.280000000000001 -49.31669684522425 3.6505507974924756 3.657283643884817
1.270000000000001 -49.36492442761918 3.7069567811625936 3.713698955741432
1.260000000000001 -49.41315523396919 3.7647107623963394 3.7714622097273676
1.2500000000000009 -49.46138924445002 3.8238560509051283 3.830616715182315
1.2400000000000009 -49.50962643912073 3.884437709792941 3.8912075348396313
1.2300000000000009 -49.557866797924156 3.946502641433191 3.953281570703459
1.2200000000000009 -49.60611030068728 4.010099678293388 4.01688765487331
1.2100000000000009 -49.65435692712152 4.075279679035402 4.082076645644488
1.2000000000000008 -49.70260665682327 4.142095630245096 4.148901529237598
1.1900000000000008 -49.7508594692742 4.2106027541708295 4.217417527537103
1.1800000000000008 -49.79911534384182 4.280858622880095 4.287682212248045
1.1700000000000008 -49.84737425977972 4.35292327927497 4.35975562591163
1.1600000000000008 -49.89563619622819 4.426859365441777 4.433700410254734
1.1500000000000008 -49.943901132214606 4.502732258846764 4.509581942385729
1.140000000000001 -49.992169046653835 4.580610216931255 4.5874684793895915
1.130000000000001 -50.040439918348916 4.660564530703275 4.667431311919625
1.120000000000001 -50.088713725991234 4.742669687971292 4.749544927431163
1.110000000000001 -50.136990448161356 4.827003546917923 4.83388718375535
1.100000000000001 -50.185270063329256 4.913647520768961 4.920539493768334
1.090000000000001 -50.23355254985504 5.002686774376346 5.009587021973961
1.080000000000001 -50.28183788598936 5.094210433600495 5.1011188938864835
1.070000000000001 -50.330126049873996 5.188311808454797 5.195228419174716
1.060000000000001 -50.37841701954238 5.285088631054295 5.292013329611116
1.050000000000001 -50.42671077292022 5.384643309503236 5.391576032959084
1.040000000000001 -50.475007287826 5.487083198952216 5.494023884030342
1.030000000000001 -50.52330654197161 5.5925208911657265 5.599469474252414
1.0200000000000011 -50.57160851296296 5.701074524058535 5.708030941205022
1.0100000000000011 -50.61991317830047 5.812868112790414 5.819832299714866
1.000000000000001 -50.66822051537981 5.928031904152388 5.9350037962419595
0.990000000000001 -50.716530501492514 6.046702756136326 6.053682288449122
0.980000000000001 -50.76484311382649 6.169024544753572 6.176011652020761
0.970000000000001 -50.81315832946685 6.295148600361803 6.302143216989788
0.9600000000000011 -50.86147612539645 6.425234175971922 6.432236236044339
0.9500000000000011 -50.90979647849652 6.559448950241373 6.56645838752139
0.9400000000000011 -50.95811936554741 6.6979695681224385 6.704986316054876
0.930000000000001 -51.00644476322936 6.840982222421066 6.848006214134641
0.920000000000001 -51.054772648123 6.988683279843115 6.995714448152806
0.910000000000001 -51.103102996710184 7.141279955460704 7.148318232869853
0.900000000000001 -51.1514357853747 7.29899103992523 7.306036358627977
0.890000000000001 -51.19977099040293 7.462047684195844 7.469099976079437
0.880000000000001 -51.24810858798471 7.630694247040681 7.637753443687918
0.870000000000001 -51.29644855421394 7.8051892111163355 7.812255243807923
0.860000000000001 -51.3447908650894 7.985806174041221 7.99287897375826
0.850000000000001 -51.39313549651557 8.172834921562556 8.179914418988915
0.840000000000001 -51.44148242430328 8.36658259068078 8.373668716205742
0.8300000000000011 -51.48983162417061 8.567374931454601 8.57446761517525
0.8200000000000011 -51.53818307174365 8.77555767717097 8.782656848894819
0.810000000000001 -51.58653674255727 8.99149803364879 8.998603622896386
0.800000000000001 -51.634892612055985 9.215586299663071 9.222698235670569
0.790000000000001 -51.683250655594755 9.448237631850347 9.455355843572175
0.780000000000001 -51.73161084843978 9.689893969008116 9.697018385119648
0.770000000000001 -51.779973165769455 9.941026132454688 9.948156681354972
0.760000000000001 -51.8283375826751 10.202136121102773 10.20927273091718
0.750000000000001 -51.87670407416184 10.473759622152508 10.480902220735556
0.740000000000001 -51.92507261514956 10.756468760870183 10.763617275808361
0.730000000000001 -51.97344318047371 11.050875115830701 11.058029474445213
0.720000000000001 -52.021815744886204 11.357633029321766 11.36479315867139
0.7100000000000011 -52.070190283056306 11.67744324639873 11.684609073282658
0.7000000000000011 -52.11856676957161 12.01105692041466 12.018228371375466
0.6900000000000011 -52.16694517893885 12.359280027819523 12.36645702914602
0.680000000000001 -52.215325485584884 12.722978240726425 12.73016071845664
0.670000000000001 -52.2637076638576 13.103082312306269 13.110270192230375
0.660000000000001 -52.3120916880269 13.500594037635626 13.507787245299015
0.650000000000001 -52.36047753228559 13.916592861360208 13.923791322066425
0.640000000000001 -52.40886517075035 14.352243213647661 14.35944685246156
0.630000000000001 -52.45725457746276 14.808802667634625 14.816011409385338
0.620000000000001 -52.50564572639018 15.287631025208333 15.294844794492445
0.610000000000001 -52.55403859142682 15.790200453854887 15.797419175039545
0.600000000000001 -52.60243314639465 16.318106815865583 16.325330413091606
0.590000000000001 -52.65082936504446 16.87308235292539 16.880310750110482
0.5800000000000011 -52.69922722105684 17.457009914618578 17.464243035460523
0.5700000000000011 -52.74762668804313 18.071938949411184 18.07917671739102
0.560000000000001 -52.79602773954661 18.72010351210313 18.72734585048845
0.550000000000001 -52.84443034904333 19.403942583676084 19.411189415524277
0.540000000000001 -52.892834489943255 20.126123049231378 20.133374297392884
0.530000000000001 -52.941240135591315 20.8895657389576 20.896821326079277
0.520000000000001 -52.98964725926841 21.697475007813626 21.704734856342057
0.510000000000001 -53.03805583419247 22.55337241436255 22.56063644654738
0.500000000000001 -53.08646583351955 23.461135161057662 23.468403298954986
0.49000000000000105 -53.134877230344856 24.425040081143248 24.432312246619
0.48000000000000104 -53.18328999770389 25.44981410604988 25.457090220783233
0.47000000000000103 -53.231704108573425 26.54069232785171 26.54797231333855
0.460000000000001 -53.28011953587276 27.70348499173583 27.710768769292212
0.450000000000001 -53.32853625246463 28.944655023320642 28.951942514086202
0.440000000000001 -53.3769542311564 30.271408027562263 30.278699152503755
0.43000000000000105 -53.42537344470124 31.691797105949973 31.699091785864816
0.42000000000000104 -53.47379386579914 33.214845347392085 33.222143502911806
0.41000000000000103 -53.522215467098015 34.85068948243599 34.857991034029865
0.400000000000001 -53.57063822119495 36.61074898519384 36.61805385317237
0.390000000000001 -53.61906210063723 38.50792590838016 38.51523401289871
0.380000000000001 -53.66748707792349 40.55684200469355 40.56415326575595
0.37000000000000105 -53.71591312550494 42.774121302737214 42.78143564019937
0.36000000000000104 -53.76434021578641 45.178728375264974 45.18604570883845
0.35000000000000103 -53.81276832112755 47.792375206607446 47.79969545586318
0.340000000000001 -53.861197413844 50.64001303136993 50.647336115741815
0.330000000000001 -53.90962746620854 53.75043004715167 53.757755885940334
0.320000000000001 -53.95805845045226 57.15698187184759 57.164310384224024
0.310000000000001 -54.00649033876578 60.898489538900506 60.90582064390973
0.30000000000000104 -54.054923103300275 65.02035042994589 65.02768404651071
0.29000000000000103 -54.10335671616886 69.57592186820591 69.58325791513069
0.280000000000001 -54.151791149447696 74.62825662322915 74.63559501920345
0.270000000000001 -54.200226375177095 80.25229646544732 80.25963712904974
0.260000000000001 -54.2486623653629 86.53766732866006 86.54501017836189
0.250000000000001 -54.297099091977465 93.59227231202996 93.59961726619909
0.240000000000001 -54.345536526961034 101.54695381000386 101.55430078690847
0.23000000000000098 -54.39397464222289 110.56160442423275 110.56895334204502
0.220000000000001 -54.442413409642526 120.8332649981354 120.84061577493547
0.210000000000001 -54.49085280107093 132.606984072554 132.61433662633362
0.20000000000000098 -54.53929278833172 146.1905697885052 146.19792403717153
0.190000000000001 -54.58773334322249 161.97491440577886 161.98227026715833
0.180000000000001 -54.63617443751591 180.46243380648673 180.46979119832878
0.17000000000000098 -54.68461604296102 202.30754773280347 202.3149065727843
0.160000000000001 -54.733058131284395 228.37539978409424 228.38275998982067
0.150000000000001 -54.78150067419145 259.8288520969903 259.8362135860034
0.14000000000000098 -54.82994364336772 298.26045634493596 298.2678190347146
0.130000000000001 -54.87838701047995 345.8980800383696 345.9054438463345
0.120000000000001 -54.92683074717746 405.9352082340721 405.9425730775889
0.110000000000001 -54.975274825093386 483.08043665588264 483.0878024522656
0.10000000000000099 -55.02371921584587 584.5096408835265 584.5170075500413
0.090000000000001 -55.0721638910394 721.5970834117873 721.6044508656552
0.080000000000001 -55.12060882226617 913.2489351522647 913.2563033106633
0.07000000000000099 -55.16905398110722 1192.789150560291 1192.796519340357
0.060000000000001004 -55.21749933913411 1623.488148518033 1623.4955178368616
0.050000000000001 -55.26594486791045 2337.7858704783107 2337.793240252953
0.040000000000001 -55.31439053899422 3652.7430389572082 3652.750409104664
0.030000000000001 -55.36283632394201 6493.699879855422 6493.7072502926185
0.020000000000001003 -55.41128219432155 14610.719397838908 14610.726768482633
0.010000000000001 -55.45972812178223 58442.62429259029 58442.63166335705
