5 0.2391552943533235 5.540000000000001 0.14621978906702188 0.07802105829716544 0.00033051473328888677 -0.062325730329377806
10 0.2442410922059077 7.460000000000001 0.3597508208837046 0.14255367397369928 0.0006722323648139231 -0.1194301474775523
15 0.24932570894942024 8.73 0.5808390629558386 0.19667856048421312 0.0010284577654371384 -0.17202030501810503
20 0.2544091920337218 9.67 0.7950520886689929 0.24304380589578004 0.0013911075288901952 -0.22112124730760144
25 0.25949158581513126 10.39 0.993136057879759 0.28255867875812396 0.0017590037500242904 -0.2664559613347065
30 0.2645729318315768 10.96 1.1738131026180132 0.31659485103298746 0.0021510556766534453 -0.3084562013619214
35 0.269653269047064 11.44 1.3436414078189232 0.3471944733057974 0.002552009126831221 -0.3489581085927743
40 0.2747326340695411 11.83 1.4954161956086405 0.3736739163511252 0.0029436552252181713 -0.3863605942147286
45 0.2798110613456166 12.16 1.6344235008483983 0.39732553044987073 0.003397647197762594 -0.42188163527193984
50 0.2848885833350646 12.44 1.760625516263247 0.4183714688897007 0.0037923532205071404 -0.45532579618959745
55 0.2899652306676255 12.68 1.875753799171208 0.43729250093730504 0.004250982582190655 -0.487116008624219
60 0.29504103228424794 12.89 1.9819505212619886 0.4545224505150917 0.004703240638633516 -0.5175385107234807
65 0.3001160155646189 13.07 2.077960643076309 0.46997762111566943 0.0051642389512826905 -0.5462678814443188
70 0.30519020644257394 13.23 2.1671271178469635 0.48421695350638405 0.005636867166180212 -0.5739405732845995
75 0.310263629510766 13.37 2.248753554227028 0.49719402863213613 0.0061191559144570295 -0.6003369706158092
80 0.31533630811579105 13.5 2.3270825128332273 0.509557810305443 0.006704484693547112 -0.6264328079378159
85 0.32040826444481085 13.61 2.396583897246643 0.5205350289532232 0.007163932206371209 -0.6506976226225266
90 0.32547951960458604 13.7 2.4570636181631933 0.5301652799315153 0.007624810687631905 -0.6731391398826206
95 0.3305500936937143 13.79 2.518128896899175 0.539795350174128 0.008246040814088855 -0.6960707120481833
100 0.3356200058687762 13.87 2.5741792565965635 0.5486277538531856 0.008681273547985218 -0.717829003052261
105 0.34068927440500385 13.94 2.6255917239252042 0.5567751833071877 0.009222120557167859 -0.7387443414639135
110 0.3457579167520174 14.0 2.6721112901414332 0.5642115272860596 0.009823108027070628 -0.7586630407222447
115 0.35082594958511 14.06 2.7183095413185767 0.571516847606921 0.010277662446640341 -0.7784782172030548
120 0.35589338885250926 14.11 2.759696095549882 0.5781621995501499 0.010956015210694947 -0.7974001958206817
125 0.36096024981899294 14.16 2.8006845499609874 0.5846775127843167 0.011481202548834134 -0.8161666840131809
130 0.36602654710619825 14.2 2.8364530604925657 0.5904766183658845 0.012066555406002119 -0.8337313509720041
135 0.37109229472992483 14.24 2.87202107893115 0.5962015246419521 0.012664422337598841 -0.8513023762919893
140 0.3761575061347018 14.27 2.9024922026482773 0.6012603109981433 0.013512433284115366 -0.867787229681167
145 0.3812221942258598 14.3 2.9323932826614176 0.6061800330799544 0.01413069428234752 -0.8839588942939545
150 0.3862863713993243 14.33 2.961747521032756 0.6109663505399093 0.014501346406894274 -0.899821661544077
155 0.3913500495693265 14.35 2.98605365314679 0.6151218503641739 0.01525891898512498 -0.914632450917604
160 0.3964132401942044 14.38 3.015235868516988 0.6198375083467562 0.01590809439660344 -0.9306772037239273
165 0.40147595430045485 14.4 3.0387347802075295 0.6238005496806924 0.016419125394731723 -0.9450899784996553
170 0.4065382025051788 14.42 3.0621295673798166 0.627731252489063 0.01707614769432295 -0.9595659499430587
175 0.41159999503704714 14.43 3.0800797188176294 0.630973434151339 0.017876854175010143 -0.9726083332367224
180 0.4166613417559081 14.45 3.102561031070008 0.6346991764650707 0.01811447840445922 -0.9865322782377643
185 0.42172225217113846 14.46 3.1202709026649913 0.637880692157359 0.019235962612674604 -0.9996480438099352
190 0.42678273545883855 14.47 3.1370573087127136 0.6408691557603963 0.01961716037066311 -1.0120127769622378
195 0.43184280047795714 14.49 3.159505461437133 0.6445641895733452 0.020633990870770395 -1.0263519550830975
200 0.4369024557854269 14.49 3.1704483809988213 0.6467966320124976 0.02100974543074083 -1.036971787356071
205 0.4419617096503841 14.5 3.186921481611898 0.649708890948682 0.021882529692131475 -1.049434713333189
210 0.4470205700675388 14.51 3.203044834893007 0.6525458828605336 0.02260473688476081 -1.0616769388447314
215 0.4520790447697566 14.52 3.2190708232114793 0.6553591448846331 0.02350461211973536 -1.073951428733921
220 0.4571371412399092 14.52 3.22923994493189 0.6574294400974198 0.024062874875457906 -1.0842656335249168
225 0.46219486672204335 14.53 3.2449535859484717 0.6601738590215159 0.02516107487387726 -1.0964671920554014
230 0.467252228231917 14.53 3.254592663144683 0.6621348937856446 0.025555315722508874 -1.1064469358110547
235 0.47230923256694496 14.54 3.2698972080243593 0.6647910171396566 0.02668286626597054 -1.1184571383319584
240 0.4773658863155945 14.54 3.2792569445783535 0.666693911447349 0.02726537531513218 -1.1283525534492511
245 0.4824221958662674 14.54 3.288429927611507 0.6685588375697512 0.027849690214119493 -1.1381435416188501
250 0.48747816741570227 14.55 3.303053268036575 0.6710703222894308 0.02883047929627469 -1.149753854239909
255 0.49253380697692917 14.55 3.311761911397503 0.6728396283322593 0.02923133037513235 -1.1592322802417063
260 0.4975891203868038 14.55 3.3208077912151728 0.6746774495818825 0.03060953539844065 -1.1691901520825925
265 0.50264411331315 14.55 3.3291755336477413 0.6763774959194327 0.031016734108561202 -1.1784700733825035
270 0.5076987912615336 14.55 3.3373841012990897 0.6780452032472649 0.03141896333946505 -1.1876555202042944
275 0.5127531595816915 14.55 3.3458207895477874 0.6797592570764586 0.03263943520522848 -1.1971980837468694
280 0.517807223473637 14.55 3.3540929644634305 0.6814398872801535 0.033879674808043436 -1.2066415687261072
285 0.52286098799346 14.55 3.361835667297723 0.6830129464059873 0.03429223161845101 -1.2155451533254908
290 0.5279144580588441 14.55 3.3694354825370856 0.684556975535451 0.03469948625127697 -1.2243601909280368
295 0.5329676384543106 14.55 3.377431226435624 0.6861814441708375 0.03641093569297935 -1.2337407655972579
300 0.5380205338362146 14.55 3.3847470799375423 0.6876677817406439 0.03682674568153071 -1.2423775186091732
305 0.5430731487374983 14.54 3.3866807139727224 0.6885338508636116 0.03766968978291774 -1.2493586176636815
310 0.5481254875722231 14.54 3.3940721495927613 0.6900365770018857 0.03899117001223721 -1.2582423156048812
315 0.5531775546398885 14.54 3.4009939576346806 0.6914438248497206 0.03940944878164619 -1.2666169191605474
320 0.5582293541295512 14.54 3.4079573131825027 0.6928595195712492 0.040289930442876216 -1.2751196939286007
325 0.5632808901237574 14.54 3.4147961433710536 0.6942498974907555 0.04117742561492053 -1.2835399486988142
330 0.5683321666022941 14.53 3.416098476336948 0.6949926568092044 0.042054533652026015 -1.290057372277566
335 0.5733831874457753 14.53 3.422542718677278 0.6963037141854048 0.042468776974184906 -1.2981056703546576
340 0.5784339564390667 14.53 3.4291827352671085 0.697654601111818 0.04386366669101559 -1.306481923263019
345 0.5834844772745604 14.53 3.435554501280413 0.6989509134461456 0.044778469359765434 -1.3145773603520297
350 0.5885347535553078 14.52 3.436408994503154 0.6996062478254759 0.04568197987966272 -1.3207485459265607
355 0.593584788798016 14.52 3.442564696962122 0.7008594653286709 0.04661004871518108 -1.3286855834806612
360 0.5986345864359176 14.52 3.448472393087592 0.7020621921071902 0.04702613472343367 -1.336353534381447
365 0.6036841498215181 14.51 3.4491644458802595 0.7026870289011362 0.0484675825226906 -1.3424730055160117
370 0.608733482229228 14.51 3.455014860006262 0.703878914699725 0.049415327252127696 -1.3501849060007016
375 0.6137825868578866 14.51 3.4607679212380926 0.7050509671105369 0.050369598803776686 -1.357826188340463
380 0.618831466833181 14.5 3.461033088518141 0.7055912680787076 0.05131130887283469 -1.3635149908463589
385 0.6238801252099667 14.5 3.4665995479997385 0.7067260868174706 0.05227835003113889 -1.3710118869173433
390 0.6289285649744948 14.5 3.472075313534857 0.7078424160315552 0.05325179523840678 -1.3784413115606193
395 0.6339767890465484 14.49 3.4720772637089437 0.708331317965384 0.054212052874739305 -1.3839052266228067
400 0.6390248002814976 14.49 3.4773792469583715 0.7094129646274994 0.05519803302997615 -1.3911966684025487
405 0.644072601472269 14.48 3.477217725615187 0.7098699163154635 0.05617038541007095 -1.3965150772234638
410 0.6491201953512422 14.48 3.482476502803325 0.7109434895044431 0.05775123075236697 -1.4038525519396539
415 0.6541675845920715 14.48 3.4872884124251704 0.7119258352044016 0.0575842760122892 -1.4105891209558497
420 0.6592147718114367 14.47 3.4872524126197124 0.7124104820756609 0.060354200711030606 -1.4162317150478854
425 0.6642617595707301 14.47 3.491915019877147 0.7133630056933888 0.060180483695080986 -1.422844619616119
430 0.6693085503776758 14.47 3.4965089407139707 0.7143014973684207 0.05998632518598706 -1.4294028298871264
435 0.6743551466878931 14.46 3.49612798401808 0.7147176023759505 0.062211398351002575 -1.4346623638760208
440 0.6794015509063981 14.46 3.500920470487984 0.7156973360855993 0.06386742592943682 -1.4416185007999136
445 0.6844477653890523 14.45 3.499840071005158 0.7159716081589321 0.06301006476192661 -1.4458878617576263
450 0.6894937924439568 14.45 3.5046032788902908 0.7169460302868937 0.06531256332817413 -1.4528939272666543
455 0.6945396343327981 14.45 3.5089701512112885 0.7178393729925195 0.06572443824899096 -1.4593358597688917
460 0.6995852932721431 14.44 3.507925078551946 0.7181225503172051 0.06610735421409654 -1.4637671550492644
465 0.7046307714346901 14.44 3.512377259086584 0.7190339754954551 0.06781259368191514 -1.4704305170171539
470 0.709676070950474 14.43 3.5113177904006725 0.7193152278072533 0.06885423612635284 -1.4749083082264285
475 0.7147211939080302 14.43 3.5157428762730794 0.7202217340941747 0.07125691249039857 -1.4816197751343598
480 0.7197661423555183 14.43 3.5196009176224368 0.7210120777935373 0.07032524510874787 -1.4874667892170217
485 0.7248109183018049 14.42 3.5185672173019165 0.7213001793956838 0.07273689030110052 -1.492094050887425
490 0.7298555237175129 14.42 3.5228052877468805 0.7221689764893451 0.0752020851210224 -1.49863893620316
495 0.7348999605360311 14.41 3.521269175583285 0.7223550158370824 0.0749059255800571 -1.5025130554399078
500 0.7399442306544931 14.41 3.5252008694707215 0.7231615655947717 0.07601019774653817 -1.508636260723002
