5 0.2391552943533235 5.440000000000001 0.14271728523799349 0.07755202186762894 1e-15 -0.061303228068245105
10 0.2442410922059077 7.320000000000001 0.3506267454008296 0.14159548584846407 1e-15 -0.11732440987145315
15 0.24932570894942024 8.57 0.5672760183317218 0.19567216521469594 1e-15 -0.1692140039279136
20 0.2544091920337218 9.48 0.7739880363877482 0.24134669669461098 1e-15 -0.21694976574872354
25 0.25949158581513126 10.18 0.9659922785309614 0.2805054641216514 1e-15 -0.26125165776732256
30 0.2645729318315768 10.75 1.1461059637580016 0.31516048249450546 1e-15 -0.3033714470260164
35 0.269653269047064 11.2 1.305889037844375 0.3446701729951616 1e-15 -0.34187613556793656
40 0.2747326340695411 11.59 1.457478279665884 0.37173555699424743 1e-15 -0.37938874397643374
45 0.2798110613456166 11.9 1.5888066079722982 0.39467491543375716 1e-15 -0.41331516179438255
50 0.2848885833350646 12.18 1.7153095065278017 0.4163040681042012 1e-15 -0.44700397130880715
55 0.2899652306676255 12.41 1.8265345664727128 0.43508244710602934 1e-15 -0.4779873120930768
60 0.29504103228424794 12.61 1.9289992083423813 0.45220192980180046 1e-15 -0.5077198667421726
65 0.3001160155646189 12.78 2.0208652563784484 0.4674357795578185 1e-15 -0.535496682406425
70 0.30519020644257394 12.93 2.106492993011782 0.4815894257012608 1e-15 -0.5626093626194475
75 0.310263629510766 13.06 2.1841611862867008 0.49437551904689564 1e-15 -0.588181411057018
80 0.31533630811579105 13.18 2.2578701405296173 0.506406181765257 1e-15 -0.6130377467672115
85 0.32040826444481085 13.28 2.323618641534868 0.5172282361276495 1e-15 -0.636620719264728
90 0.32547951960458604 13.37 2.3847311028329097 0.5272583391777705 1e-15 -0.6592235774742546
95 0.3305500936937143 13.45 2.4415483885330675 0.5366096767756793 1e-15 -0.6811249503632093
100 0.3356200058687762 13.52 2.4938734673319503 0.5452719681910719 1e-15 -0.702235649897414
105 0.34068927440500385 13.58 2.541012687474938 0.5531240117914195 1e-15 -0.7220975236710105
110 0.3457579167520174 13.64 2.5885988323332003 0.5610038338188683 1e-15 -0.7424593873004411
115 0.35082594958511 13.69 2.6306497031225513 0.5680349029333817 1e-15 -0.7613405109087823
120 0.35589338885250926 13.73 2.6677382745258087 0.5743652163050894 1e-15 -0.7791613155834943
125 0.36096024981899294 13.77 2.704439488575099 0.5805755963100678 1e-15 -0.7968849112908534
130 0.36602654710619825 13.8 2.736211476521971 0.5861193000333105 1e-15 -0.813575656711531
135 0.37109229472992483 13.83 2.767855119675287 0.5916115200935735 1e-15 -0.8303645390589861
140 0.3761575061347018 13.86 2.7986110512128497 0.5968906322665241 1e-15 -0.8466502799979921
145 0.3812221942258598 13.88 2.8243235755151024 0.6015066508278677 1e-15 -0.8617960976363734
150 0.3862863713993243 13.9 2.8497357913103434 0.6060455200933613 1e-15 -0.8768811681699773
155 0.3913500495693265 13.92 2.875135536010895 0.6105686982480895 1e-15 -0.8921388539712477
160 0.3964132401942044 13.94 2.899404972006143 0.6148392075052409 1e-15 -0.9066366927396928
165 0.40147595430045485 13.95 2.9190928179070736 0.6185704158920897 1e-15 -0.9203444894125471
170 0.4065382025051788 13.96 2.937940962324378 0.6221184692122517 1e-15 -0.9335000701481814
175 0.41159999503704714 13.97 2.957285183930661 0.6257664137500234 1e-15 -0.9472438339839746
180 0.4166613417559081 13.98 2.9755622083583186 0.62918348033425 1e-15 -0.960217634833119
185 0.42172225217113846 13.99 2.9935715639563822 0.632539103711391 1e-15 -0.9731045465479384
190 0.42678273545883855 14.0 3.0120471275375005 0.6359883723239582 1e-15 -0.9865633360122387
195 0.43184280047795714 14.0 3.024355340701945 0.6385872295546785 1e-15 -0.9977629140369373
200 0.4369024557854269 14.0 3.0368724069118427 0.6412301857329945 1e-15 -1.0092830221505202
205 0.4419617096503841 14.01 3.0540635635148066 0.6443997821925075 1e-15 -1.0220063557879182
210 0.4470205700675388 14.01 3.0658327986324863 0.6468830614002515 1e-15 -1.0330972377256056
215 0.4520790447697566 14.01 3.0769202220435505 0.6492224800412125 1e-15 -1.0436608591649996
220 0.4571371412399092 14.01 3.0879997351931996 0.6515602296367763 1e-15 -1.0543311509669557
225 0.46219486672204335 14.01 3.099482088374139 0.6539829774725612 1e-15 -1.065512710046908
230 0.467252228231917 14.0 3.1051404162999905 0.6556448540081423 1e-15 -1.0745901217083134
235 0.47230923256694496 14.0 3.1157476561065094 0.6578845537517891 1e-15 -1.0851385483006946
240 0.4773658863155945 14.0 3.1261392010801266 0.6600787099166381 1e-15 -1.0955842939755966
245 0.4824221958662674 13.99 3.1311580692749534 0.661611014269618 1e-15 -1.104316624671067
250 0.48747816741570227 13.99 3.1413245448374894 0.6637591818356311 1e-15 -1.1147461913283327
255 0.49253380697692917 13.99 3.1507292104339544 0.6657463796092601 1e-15 -1.1244956462384343
260 0.4975891203868038 13.98 3.155706288960472 0.667274997720946 1e-15 -1.1334713635954872
265 0.50264411331315 13.98 3.1647396319823953 0.6691851006875792 1e-15 -1.1430247937908038
270 0.5076987912615336 13.97 3.168455914839031 0.6704504880785818 1e-15 -1.1508388468746886
275 0.5127531595816915 13.96 3.1723551015687432 0.6717564188302164 1e-15 -1.1589223431505828
280 0.517807223473637 13.96 3.1818905565806896 0.6737755821664942 1e-15 -1.1692960583226018
285 0.52286098799346 13.95 3.1851115553372 0.6749411212145815 1e-15 -1.1768047828375472
290 0.5279144580588441 13.94 3.1878636111151817 0.6760088898297926 1e-15 -1.1838589460819313
295 0.5329676384543106 13.94 3.1965544096974723 0.6778518347666036 1e-15 -1.1935752718733919
300 0.5380205338362146 13.93 3.1996467579358976 0.6789946726464721 1e-15 -1.2011548613072025
305 0.5430731487374983 13.92 3.2028973439459656 0.680172756178525 1e-15 -1.208984237560406
310 0.5481254875722231 13.91 3.2056952768053373 0.6812563382733527 1e-15 -1.2163650730150735
315 0.5531775546398885 13.91 3.2131581195844663 0.6828422996657548 1e-15 -1.2250155507299438
320 0.5582293541295512 13.9 3.2159694770807676 0.6839314368317647 1e-15 -1.232553723338572
325 0.5632808901237574 13.89 3.218356115031428 0.6849317532571293 1e-15 -1.2396579432151908
330 0.5683321666022941 13.88 3.2200592318154815 0.6857879390265812 1e-15 -1.2460080649224232
335 0.5733831874457753 13.87 3.2227489296139407 0.6868556266841044 1e-15 -1.2535948910628625
340 0.5784339564390667 13.86 3.2250293575512625 0.6878375655211649 1e-15 -1.2607554044993188
345 0.5834844772745604 13.86 3.231453152633159 0.6892076391176092 1e-15 -1.2685920630381302
350 0.5885347535553078 13.85 3.2337468610714066 0.6901948196636575 1e-15 -1.275900498409692
355 0.593584788798016 13.84 3.2346407897709093 0.6908844488888757 1e-15 -1.281532605698814
360 0.5986345864359176 13.83 3.2369487785043143 0.6918773217944424 1e-15 -1.288977758186485
365 0.6036841498215181 13.82 3.2386333337825537 0.69273828018533 1e-15 -1.2957031437560085
370 0.608733482229228 13.81 3.2392423466061917 0.6933702621103472 1e-15 -1.3011145192369833
375 0.6137825868578866 13.8 3.2407218866849217 0.6941896341436324 1e-15 -1.3076806025876593
380 0.618831466833181 13.79 3.241628590643477 0.6948873992811032 1e-15 -1.3135602861524758
385 0.6238801252099667 13.78 3.2431335361569453 0.6957145114582831 1e-15 -1.3202643964409329
390 0.6289285649744948 13.78 3.248404792464377 0.6968452973065408 1e-15 -1.3271708443803272
395 0.6339767890465484 13.77 3.249926565010563 0.6976780443473927 1e-15 -1.3340132637406836
400 0.6390248002814976 13.76 3.250248584395058 0.698254257566542 1e-15 -1.3393132671866028
405 0.644072601472269 13.75 3.2513536783930057 0.6989996599894984 1e-15 -1.3457031088021854
410 0.6491201953512422 13.74 3.251727959255323 0.6995889175513593 1e-15 -1.3511554404455806
415 0.6541675845920715 13.73 3.2522329990508254 0.7002071859190945 1e-15 -1.3568254328713878
420 0.6592147718114367 13.72 3.2524529741336003 0.7007649362618061 1e-15 -1.3621460625982138
425 0.6642617595707301 13.71 3.253402239222158 0.7014807457555535 1e-15 -1.3685142305693057
430 0.6693085503776758 13.7 3.253465903722128 0.7020065125069626 1e-15 -1.373699864204506
435 0.6743551466878931 13.69 3.253460261957824 0.7025180820940082 1e-15 -1.3788242189804538
440 0.6794015509063981 13.68 3.2535781398183667 0.7030570906186825 1e-15 -1.3841586148225404
445 0.6844477653890523 13.67 3.2534357173822572 0.7035405989949344 1e-15 -1.3891607381520052
450 0.6894937924439568 13.66 3.253599454934797 0.7040910694543469 1e-15 -1.3946357893718337
455 0.6945396343327981 13.65 3.253506209596878 0.7045866936655011 1e-15 -1.3997804260719753
460 0.6995852932721431 13.64 3.2533458317189936 0.7050684955644224 1e-15 -1.4048636400850223
465 0.7046307714346901 13.64 3.2580200215766153 0.7060814908564583 1e-15 -1.4116911250098867
470 0.709676070950474 13.63 3.25789710142337 0.7065728667710994 1e-15 -1.4169126463373243
475 0.7147211939080302 13.62 3.257020539474779 0.7069013943632823 1e-15 -1.4210521701691856
480 0.7197661423555183 13.61 3.2571117044581994 0.7074405938101593 1e-15 -1.4266619768458457
485 0.7248109183018049 13.6 3.256296049432398 0.7077834812004319 1e-15 -1.4309496381469986
490 0.7298555237175129 13.59 3.255759610588218 0.7081876078638384 1e-15 -1.435685944458174
495 0.7348999605360311 13.58 3.2554889036303325 0.7086501738438169 1e-15 -1.4408591758939013
500 0.7399442306544931 13.57 3.2545165120870916 0.7089605673152429 1e-15 -1.4449924935411602
