10.99 5.220964507046878 0.395923585211668 0.39592358529882526
10.98 5.220967787568363 0.39590454300379996 0.3959045430911336
10.97 5.189487542327519 0.3958865359230913 0.39588653601060153
10.96 5.158013759586559 0.39586956507656346 0.39586956516425054
10.95 5.126546374093231 0.39585363158746756 0.39585363167533183
10.94 5.095085320972084 0.39583873659529173 0.3958387366833334
10.93 5.063630535721675 0.3958248812557691 0.3958248813439884
10.92 5.032181954211806 0.3958120667408868 0.3958120668292841
10.91 5.000739512680779 0.39580029423889623 0.39580029432747166
10.9 4.969303147732686 0.3957895649543227 0.3957895650430766
10.89 4.937872796334728 0.39577988010797793 0.39577988019691057
10.88 4.906448395814552 0.3957712409369715 0.39577124102608324
10.87 4.8750298838576205 0.39576364869472463 0.39576364878401565
10.86 4.843617198504611 0.3957571046509833 0.39575710474045384
10.85 4.8122102781488305 0.3957516100918333 0.39575161018148375
10.84 4.780809061533663 0.39574716631971596 0.3957471664095464
10.83 4.749413487750045 0.395743774653444 0.39574377474345485
10.82 4.718023496233958 0.395741436428219 0.3957414365184104
10.81 4.686639026763945 0.3957401529956489 0.39574015308602123
10.8 4.655260019458669 0.39573992572376715 0.39573992581432066
10.79 4.623886414774467 0.3957407559970517 0.3957407560877867
10.78 4.592518153502956 0.39574264521644575 0.3957426453073624
10.77 4.561155176768639 0.39574559479937854 0.39574559489047717
10.76 4.529797426026551 0.3957496061797871 0.3957496062710681
10.75 4.498444843059922 0.3957546808081395 0.39575468089960303
10.74 4.467097369977857 0.39576082015145764 0.39576082024310394
10.73 4.43575494921305 0.39576802569334174 0.3957680257851711
10.72 4.404417523519507 0.39577629893399535 0.3957762990260081
10.71 4.373085035970308 0.39578564139025085 0.3957856414824473
10.7 4.34175742995537 0.3957960545955971 0.39579605468797735
10.69 4.310434649179246 0.3958075401002051 0.3958075401927695
10.68 4.279116637658943 0.3958200994709574 0.39582009956370634
10.67 4.247803339721754 0.39583373429147695 0.39583373438441066
10.66 4.21649470000312 0.3958484461621564 0.39584844625527504
10.65 4.185190663444506 0.3958642367001884 0.3958642367934923
10.64 4.153891175291299 0.3958811075395973 0.39588110763308676
10.63 4.122596181090721 0.39589906033127137 0.3958990604249466
10.62 4.091305626689781 0.395918096742995 0.3959180968368563
10.61 4.0600194582332145 0.39593821845948257 0.3959382185535304
10.6 4.028737622161472 0.39595942718241317 0.39595942727664757
10.59 3.9974600652087093 0.3959817246304649 0.3959817247248863
10.58 3.9661867344008024 0.396005112539352 0.39600511263396054
10.57 3.9349175770533837 0.3960295926618602 0.3960295927566563
10.56 3.903652540769889 0.3960551667678855 0.3960551668628692
10.55 3.872391573439627 0.39608183664447105 0.39608183673964287
10.54 3.8411346232358703 0.39610960409584756 0.39610960419120766
10.53 3.809881638613959 0.39613847094347215 0.39613847103902083
10.52 3.778632568309422 0.39616843902606946 0.396168439121807
10.51 3.747387361336122 0.3961995101996726 0.39619951029559924
10.5 3.7161459669844055 0.39623168633766553 0.3962316864337816
10.49 3.6849083348192835 0.396264969330826 0.3962649694271319
10.48 3.6536744146786204 0.3962993610873693 0.3962993611838651
10.47 3.622444156671343 0.3963348635329924 0.39633486362967835
10.46 3.5912175111756626 0.3963714786109195 0.3963714787077961
10.45 3.559994428837318 0.3964092082819482 0.39640920837901555
10.44 3.528774860567832 0.39644805452449605 0.39644805462175453
10.43 3.497558757542783 0.39648801933464817 0.396488019432098
10.42 3.4663460712000935 0.3965291047262058 0.3965291048238473
10.41 3.435136753238334 0.3965713127307353 0.3965713128285687
10.4 3.4039307556150433 0.3966146453976185 0.39661464549564407
10.39 3.3727280305450624 0.3966591047941029 0.39665910489232087
10.38 3.341528530498883 0.3967046930053535 0.3967046931037644
10.37 3.3103322082010136 0.39675141213450543 0.39675141223310934
10.36 3.2791390166283594 0.39679926430271645 0.3967992644015137
10.35 3.2479489090086124 0.3968482516492216 0.3968482517482124
10.34 3.216761838818664 0.3968983763313872 0.3968983764305718
10.33 3.1855777597830235 0.39694964052476656 0.39694964062414545
10.32 3.1543966258722578 0.3970020464231572 0.3970020465227304
10.31 3.1232183913014397 0.3970555962386562 0.39705559633842424
10.3 3.0920430105286147 0.39711029220172017 0.3971102923016832
10.29 3.060870438253274 0.397166136561222 0.39716613666138034
10.28 3.0297006294148523 0.39722313158451206 0.39722313168486595
10.27 2.9985335391912287 0.39728127955747733 0.3972812796580272
10.26 2.9673691229972436 0.3973405827846036 0.39734058288534946
10.25 2.936207336483234 0.3974010435890363 0.3974010436899786
10.24 2.905048135533573 0.3974626643126444 0.3974626644137833
10.23 2.8738914762652317 0.39752544731608286 0.39752544741741885
10.22 2.842737315026342 0.3975893949788586 0.3975893950803918
10.21 2.8115856083947848 0.3976545096993942 0.3976545098011249
10.2 2.7804363131767795 0.3977207938950948 0.39772079399702337
10.19 2.7492893864054957 0.39778825000241486 0.39778825010454144
10.18 2.7181447853396667 0.3978568804769258 0.3978568805792509
10.17 2.6870024674622246 0.3979266877933849 0.3979266878959086
10.16 2.655862390478941 0.3979976744458042 0.3979976745485268
10.15 2.6247245123170804 0.398069842947521 0.3980698430504429
10.14 2.5935887911240676 0.39814319583126917 0.3981431959343905
10.13 2.5624551852661663 0.3982177356492508 0.39821773575257197
10.12 2.531323653327166 0.39829346497320894 0.39829346507673025
10.11 2.5001941541070836 0.39837038639450156 0.39837038649822326
10.1 2.469066646620873 0.39844850252417596 0.3984485026280983
10.09 2.437941090097151 0.39852781599304377 0.3985278160971669
10.08 2.4068174439769257 0.39860832945175745 0.39860832955608194
10.07 2.3756956679123444 0.3986900455708877 0.3986900456754137
10.06 2.3445757217654495 0.39877296704100096 0.39877296714572863
10.05 2.313457565606939 0.39885709657273805 0.39885709667766783
10.04 2.2823411597149477 0.3989424368968946 0.39894243700202675
10.03 2.251226464573828 0.3990289907645012 0.399028990869836
10.02 2.2201134408729524 0.3991167609469048 0.3991167610524424
10.01 2.189002049505517 0.39920575023585103 0.39920575034159195
10.0 2.1578922515673584 0.3992959614435682 0.3992959615495127
9.99 2.1267840083557807 0.3993873974028504 0.39938739750899854
9.98 2.0956772813683924 0.399480060967143 0.3994800610734952
9.97 2.0645720323019523 0.3995739550106291 0.39957395511718563
9.96 2.0334682230512264 0.3996690824283156 0.39966908253507677
9.95 2.0023658157078508 0.39976544613612147 0.3997654462430875
9.94 1.9712647725592127 0.39986304907096626 0.39986304917813753
9.93 1.9401650560873276 0.39996189419086 0.39996189429823675
9.92 1.9090666289677378 0.4000619844749934 0.4000619845825759
9.91 1.8779694540684126 0.4001633229238296 0.40016332303161806
9.9 1.8468734944486633 0.40026591255919636 0.40026591266719114
9.89 1.8157787133580596 0.4003697564243796 0.40036975653258106
9.88 1.7846850742353644 0.400474857584218 0.4004748576926264
9.87 1.7535925407074684 0.4005812191251976 0.4005812192338132
9.86 1.7225010765883413 0.40068884415554845 0.40068884426437157
9.85 1.6914106458779834 0.40079773580534206 0.40079773591437284
9.84 1.660321212761395 0.40090789722658865 0.40090789733582755
9.83 1.6292327416075432 0.4010193315933373 0.4010193317027844
9.82 1.5981451969683502 0.4011320421017755 0.40113204221143123
9.81 1.5670585435776807 0.4012460319703303 0.401246032080195
9.8 1.535972746350335 0.4013613044397707 0.4013613045498446
9.79 1.5048877703810626 0.40147786277331005 0.4014778628835934
9.78 1.473803580943572 0.40159571025671076 0.4015957103672038
9.77 1.4427201434895542 0.40171485019838926 0.4017148503090923
9.76 1.4116374236477105 0.40183528592952167 0.40183528604043517
9.75 1.3805553872227943 0.4019570208041517 0.4019570209152757
9.74 1.349474000194654 0.4020800581992979 0.40208005831063276
9.73 1.3183932287172844 0.40220440151506315 0.40220440162660925
9.72 1.2873130391178942 0.40233005417474554 0.4023300542865031
9.71 1.2562333978959668 0.4024570196249485 0.40245701973691783
9.7 1.22515427172234 0.40258530133569354 0.4025853014478749
9.69 1.194075627438292 0.402714902800534 0.4027149029129277
9.68 1.1629974320546244 0.402845827536669 0.40284582764927523
9.67 1.1319196527507656 0.4029780790850587 0.40297807919787787
9.66 1.100842256873877 0.40311166101054163 0.403111661123574
9.65 1.0697652119379581 0.40324657690195154 0.40324657701519745
9.64 1.0386884856229726 0.40338283037223666 0.4033828304856962
9.63 1.0076120457739726 0.403520425058579 0.4035204251722527
9.62 0.9765358604002268 0.4036593646225157 0.4036593647364037
9.61 0.9454598976743682 0.4037996527500609 0.4037996528641634
9.6 0.9143841259315323 0.40394129315182886 0.4039412932661463
9.59 0.8833085136685177 0.4040842895631582 0.40408428967769083
9.58 0.852233029542941 0.4042286457442374 0.4042286458589855
9.57 0.8211576423724055 0.40437436548023115 0.404374365595195
9.56 0.7900823211336719 0.4045214525814082 0.40452145269658807
9.55 0.7590070349618409 0.40466991088327026 0.4046699109986664
9.54 0.7279317531495363 0.4048197442466815 0.40481974436229434
9.53 0.6968564451460989 0.4049709565580006 0.40497095667383026
9.52 0.6657810805567805 0.405123551729212 0.40512355184525883
9.51 0.6347056291419558 0.40527753369806035 0.40527753381432474
9.5 0.6036300608163246 0.40543290642818486 0.4054329065446668
9.49 0.5725543456481382 0.40558967390925493 0.40558967402595497
9.48 0.5414784538584118 0.4057478401571079 0.40574784027402616
9.47 0.5104023558201616 0.4059074092138868 0.40590740933102376
9.46 0.47932602205763397 0.4060683851481803 0.4060683852655362
9.45 0.44824942324554923 0.4062307720551635 0.40623077217273856
9.44 0.41717253020834594 0.4063945740567398 0.4063945741745342
9.43 0.3860953139194353 0.40655979530168407 0.4065597954196983
9.42 0.355017745500455 0.4067264399657878 0.40672644008402203
9.41 0.3239397962205403 0.40689451225200435 0.4068945123704589
9.4 0.2928614374955805 0.4070640163905964 0.4070640165092716
9.39 0.261782640887508 0.40723495663928394 0.40723495675818006
9.38 0.23070337810356523 0.40740733728339484 0.40740733740251206
9.37 0.19962362099560232 0.4075811626360148 0.4075811627553535
9.36 0.1685433415593543 0.40775643703814024 0.4077564371577006
9.35 0.1374625119337534 0.40793316485883196 0.4079331649786143
9.34 0.10638110440021319 0.40811135049537006 0.4081113506153748
9.33 0.07529909138195034 0.4082909983734103 0.4082909984936376
9.32 0.04421644544328774 0.4084721129471418 0.4084721130675919
9.31 0.013133139288974235 0.4086546986994457 0.408654698820119
9.3 -0.017950854236492887 0.40883876014205656 0.40883876026295324
9.29 -0.04903556214954097 0.40902430181572313 0.4090243019368436
9.28 -0.08012101132819226 0.4092113282903721 0.4092113284117166
9.27 -0.11120722851271966 0.4093998441652728 0.40939984428684145
9.26 -0.14229424030631707 0.40958985406920295 0.40958985419099625
9.25 -0.17338207317573598 0.40978136266061643 0.40978136278263455
9.24 -0.20447075345194843 0.4099743746278119 0.4099743747500552
9.23 -0.23556030733078206 0.41016889468910345 0.4101688948115722
9.22 -0.2666507608735628 0.4103649275929922 0.41036492771568667
9.21 -0.29774214000774557 0.4105624781183399 0.41056247824126024
9.2 -0.32883447052754583 0.41076155107454326 0.4107615511976898
9.19 -0.359927778094564 0.41096215130171065 0.4109621514250838
9.18 -0.3910220882384083 0.4111642836708396 0.4111642837944397
9.17 -0.42211742635730204 0.4113679530839968 0.411367953207824
9.16 -0.4532138177187107 0.41157316447449777 0.4115731645985523
9.15 -0.48431128745992374 0.41177992280709014 0.4117799229313724
9.14 -0.5154098605886793 0.4119882330781376 0.4119882332026477
9.13 -0.5465095619837602 0.41219810031580467 0.41219810044054306
9.12 -0.5776104163955715 0.4124095295802447 0.41240952970521166
9.11 -0.6087124484467459 0.4126225259637882 0.4126225260889839
9.1 -0.6398156826327231 0.41283709459113277 0.41283709471655755
9.09 -0.6709201433223297 0.41305324061953547 0.41305324074518956
9.08 -0.7020258547583534 0.41327096923900636 0.41327096936489016
9.07 -0.7331328410581236 0.41349028567250357 0.4134902857986173
9.06 -0.7642411262140749 0.41371119517613003 0.4137111953024741
9.05 -0.7953507340943106 0.41393370303933225 0.4139337031659067
9.04 -0.8264616884431689 0.41415781458510037 0.41415781471190566
9.03 -0.8575740128817652 0.41438353517017 0.41438353529720634
9.02 -0.8886877309085658 0.41461087018522624 0.4146108703124939
9.01 -0.9198028658999119 0.41483982505510836 0.4148398251826076
9.0 -0.9509194411105937 0.4150704052390176 0.41507040536674866
8.99 -0.9820374796743572 0.4153026162307254 0.4153026163586886
8.98 -1.0131570046044727 0.41553646355878454 0.4155364636869802
8.97 -1.0442780387942439 0.4157719527867411 0.4157719529151695
8.96 -1.0754006050175557 0.41600908951334925 0.4160090896420107
8.95 -1.1065247259293864 0.41624787937278623 0.41624787950168096
8.94 -1.1376504240663352 0.41648832803487146 0.4164883281639998
8.93 -1.168777721847143 0.41673044120528535 0.41673044133464743
8.92 -1.1999066415731987 0.4169742246257913 0.4169742247553875
8.91 -1.2310372054290655 0.4172196840744585 0.41721968420428907
8.9 -1.2621694354829716 0.41746682536588814 0.4174668254959535
8.89 -1.2933033536873217 0.4177156543514401 0.4177156544817404
8.88 -1.3244389818792042 0.41796617691946214 0.41796617704999767
8.87 -1.3555763417808757 0.41821839899552093 0.41821839912629194
8.86 -1.386715455000266 0.41847232654263533 0.41847232667364215
8.85 -1.4178563430314552 0.4187279655615114 0.4187279656927543
8.84 -1.4489990272551776 0.41898532209077893 0.4189853222222581
8.83 -1.4801435289392904 0.41924440220723114 0.419244402338947
8.82 -1.5112898692392664 0.4195052120260653 0.4195052121580179
8.81 -1.5424380691986517 0.4197677577011259 0.4197677578333158
8.8 -1.5735881497495665 0.4200320454251499 0.4200320455575771
8.79 -1.6047401317131562 0.42029808143001357 0.4202980815626785
8.78 -1.6358940358000555 0.42056587198698236 0.4205658721198853
8.77 -1.667049882610876 0.4208354234069619 0.4208354235401031
8.76 -1.6982076926366372 0.4211067420407519 0.4211067421741316
8.75 -1.7293674862592434 0.4213798342793012 0.4213798344129197
8.74 -1.7605292837519437 0.4216547065539669 0.42165470668782445
8.73 -1.7916931052797562 0.4219313653367729 0.4219313654708697
8.72 -1.822858970899949 0.4222098171406729 0.42220981727500945
8.71 -1.8540269005624632 0.4224900685198154 0.422490068654392
8.7 -1.8851969141103646 0.4227721260698098 0.42277212620462634
8.69 -1.9163690312802846 0.42305599642799513 0.4230559965630522
8.68 -1.9475432717028542 0.4233416862737122 0.42334168640900993
8.67 -1.9787196549031296 0.42362920232857637 0.4236292024641152
8.66 -2.0098982003010453 0.42391855135675427 0.4239185514925344
8.65 -2.0410789272118146 0.42420974016524127 0.4242097403012629
8.64 -2.0722618548463734 0.4245027756041425 0.424502775740406
8.63 -2.103447002311802 0.42479766456695645 0.4247976647034618
8.62 -2.134634388611736 0.425094413990859 0.4250944141276069
8.61 -2.165824032646784 0.4253930308569926 0.425393030993983
8.6 -2.19701595321495 0.4256935221907559 0.4256935223279891
8.59 -2.228210169012037 0.4259958950620968 0.4259958951995732
8.58 -2.259406698632057 0.42630015658580755 0.4263001567235275
8.57 -2.2906055605676428 0.4266063139218232 0.4266063140597868
8.56 -2.3218067732104393 0.4269143742755206 0.4269143744137281
8.55 -2.353010354851519 0.4272243448980228 0.4272243450364745
8.54 -2.384216323681767 0.42753623308650357 0.4275362332251998
8.53 -2.415424697792282 0.4278500461844962 0.42785004632343704
8.52 -2.4466354951747715 0.4281657915822033 0.4281657917213893
8.51 -2.4778487337219377 0.42848347671681153 0.42848347685624294
8.5 -2.509064431227867 0.42880310907280667 0.42880310921248355
8.49 -2.54028260538842 0.42912469618229265 0.4291246963222153
8.48 -2.5715032738016035 0.4294482456253134 0.4294482457654822
8.47 -2.602726453967958 0.4297737650301767 0.42977376517059174
8.46 -2.633952163290943 0.43010126207378163 0.43010126221444334
8.45 -2.66518041907729 0.43043074448194857 0.4304307446228571
8.44 -2.696411238537401 0.4307622200297511 0.43076222017090676
8.43 -2.727644638785706 0.4310956965418527 0.4310956966832558
8.42 -2.7588806368410315 0.4314311818928446 0.4314311820344954
8.41 -2.7901192496269687 0.43176868400758706 0.43176868414948566
8.4 -2.821360493972239 0.43210821086155426 0.4321082110037011
8.39 -2.8526043866110493 0.4324497704811807 0.4324497706235761
8.38 -2.8838509441834583 0.43279337094421266 0.4327933710868569
8.37 -2.9151001832357295 0.4331390203800609 0.43313902052295383
8.36 -2.9463521202206837 0.43348672697015633 0.4334867271132986
8.35 -2.9776067714980607 0.433836498948311 0.4338364990917028
8.34 -3.0088641533348537 0.4341883446010796 0.43418834474472107
8.33 -3.0401242819056744 0.43454227226812514 0.4345422724120166
8.32 -3.0713871732930866 0.43489829034258837 0.4348982904867302
8.31 -3.1026528434879537 0.43525640727145976 0.4352564074158521
8.3 -3.133921308389784 0.4356166315559542 0.43561663170059733
8.29 -3.1651925838070594 0.4359789717518906 0.43597897189678475
8.28 -3.196466685457589 0.4363434364700724 0.43634343661521785
8.27 -3.2277436289688275 0.4367100343766741 0.43671003452207113
8.26 -3.259023429878219 0.43707877419362906 0.43707877433927783
8.25 -3.2903061036335246 0.43744966469902125 0.4374496648449221
8.24 -3.321591665593153 0.43782271472748113 0.4378227148736344
8.23 -3.352880131026485 0.4381979331705841 0.43819793331699
8.22 -3.384171515114197 0.4385753289772528 0.43857532912391145
8.21 -3.415465832948593 0.43895491115416296 0.4389549113010746
8.2 -3.4467630995339125 0.4393366887661525 0.4393366889133177
8.190000000000001 -3.47806332978666 0.43972067093663497 0.4397206710840536
8.180000000000001 -3.509366538535919 0.4401068668480152 0.4401068669956878
8.170000000000002 -3.540672740523666 0.4404952857421109 0.4404952858900375
8.16 -3.571981950405086 0.44088593692057476 0.44088593706875584
8.15 -3.6032941827488805 0.44127882974532306 0.4412788298937588
8.14 -3.6346094520375765 0.4416739736389673 0.4416739737876579
8.13 -3.665927772667844 0.44207137808524893 0.44207137823419457
8.120000000000001 -3.6972491589507928 0.44247105262947806 0.44247105277867904
8.110000000000001 -3.728573625112275 0.4428730068789766 0.4428730070284332
8.100000000000001 -3.7599011852931916 0.44327725050352523 0.4432772506532376
8.090000000000002 -3.7912318535497933 0.4436837932358138 0.4436837933857824
8.08 -3.822565643853978 0.4440926448718967 0.4440926450221216
8.07 -3.8539025700935845 0.44450381527164967 0.44450381542213113
8.06 -3.885242646072694 0.4449173143592349 0.4449173145099732
8.05 -3.9165858855119193 0.4453331521235672 0.44533315227456266
8.040000000000001 -3.9479323020486983 0.4457513386187841 0.4457513387700369
8.030000000000001 -3.979281909237573 0.44617188396472196 0.4461718841162324
8.020000000000001 -4.010634720550503 0.44659479834739524 0.44659479849916345
8.010000000000002 -4.041990749377125 0.44702009201947984 0.4470200921715062
8.000000000000002 -4.073350009025054 0.44744777530080176 0.44744777545308634
7.990000000000001 -4.104712512720159 0.4478778585788292 0.44787785873137237
7.980000000000001 -4.1360782736068495 0.44831035230916877 0.4483103524619707
7.970000000000001 -4.1674473047483485 0.44874526701606715 0.44874526716912805
7.960000000000001 -4.198819619126979 0.449182613292917 0.4491826134462373
7.950000000000001 -4.230195229644437 0.44962240180276714 0.44962240195634684
7.940000000000001 -4.2615741491220644 0.45006464327883644 0.45006464343267605
7.930000000000001 -4.292956390301125 0.45050934852503455 0.450509348679134
7.920000000000001 -4.324341965843074 0.45095652841648465 0.4509565285708445
7.910000000000001 -4.3557308883298385 0.4514061939000535 0.4514061940546738
7.900000000000001 -4.387123170264068 0.45185835599488383 0.4518583561497647
7.890000000000001 -4.418518824069412 0.4523130257929334 0.45231302594807526
7.880000000000001 -4.449917862090796 0.4527702144595177 0.45277021461492084
7.870000000000001 -4.481320296594663 0.45322993323385846 0.453229933389523
7.860000000000001 -4.512726139769252 0.4536921934296365 0.45369219358556273
7.8500000000000005 -4.544135403724865 0.45415700643554985 0.45415700659173797
7.840000000000001 -4.575548100494102 0.45462438371587666 0.45462438387232684
7.830000000000001 -4.606964242032142 0.45509433681104333 0.45509433696775586
7.820000000000001 -4.638383840216999 0.45556687733819845 0.4555668774951736
7.8100000000000005 -4.669806906849758 0.4560420169917905 0.45604201714902853
7.800000000000001 -4.701233453654856 0.45651976754415263 0.45651976770165364
7.790000000000001 -4.732663492280309 0.457000140846091 0.4570001410038552
7.780000000000001 -4.764097034297981 0.4574831488274793 0.45748314898550724
7.770000000000001 -4.795534091203824 0.4579688034978597 0.4579688036561512
7.760000000000001 -4.826974674418138 0.45845711694704677 0.45845711710560233
7.750000000000001 -4.858418795285797 0.45894810134573955 0.45894810150455934
7.740000000000001 -4.889866465076517 0.4594417689461377 0.45944176910522205
7.730000000000001 -4.921317694985094 0.45993813208256373 0.4599381322419126
7.720000000000001 -4.9527724961316295 0.46043720317209047 0.4604372033317043
7.710000000000001 -4.984230879561806 0.46093899471517574 0.46093899487505463
7.700000000000001 -5.015692856247089 0.4614435192963006 0.4614435194564448
7.690000000000001 -5.047158437084999 0.46195078958461544 0.46195078974502524
7.680000000000001 -5.078627632899325 0.46246081833459174 0.46246081849526727
7.670000000000001 -5.110100454440385 0.4629736183866781 0.4629736185476196
7.660000000000001 -5.14157691238523 0.4634892026679648 0.46348920282917255
7.650000000000001 -5.173057017337908 0.46400758419285276 0.46400758435432704
7.640000000000001 -5.204540779829679 0.4645287760637296 0.46452877622547045
7.630000000000001 -5.23602821031925 0.465052791471651 0.4650527916336588
7.620000000000001 -5.267519319193009 0.46557964369703014 0.465579643859305
7.610000000000001 -5.2990141167652505 0.466109346110331 0.4661093462728733
7.6000000000000005 -5.330512613278402 0.46664191217277096 0.4666419123355807
7.590000000000001 -5.362014818903252 0.46717735543702726 0.46717735560010476
7.580000000000001 -5.393520743739183 0.46771568954795223 0.46771568971129773
7.570000000000001 -5.425030397814374 0.46825692824329357 0.4682569284069073
7.5600000000000005 -5.4565437910860535 0.4688010853544227 0.4688010855183049
7.550000000000001 -5.488060933440697 0.46934817480706875 0.4693481749712195
7.540000000000001 -5.519581834694257 0.46989821062205994 0.46989821078647953
7.530000000000001 -5.551106504592381 0.47045120691607273 0.4704512070807613
7.520000000000001 -5.582634952810632 0.4710071779023858 0.4710071780673437
7.510000000000001 -5.614167188954697 0.47156613789164376 0.47156613805687114
7.500000000000001 -5.645703222560615 0.4721281012926264 0.4721281014581235
7.490000000000001 -5.677243063094994 0.4726930826130253 0.47269308277879224
7.480000000000001 -5.7087867199552065 0.4732610964602284 0.4732610966262654
7.470000000000001 -5.740334202469612 0.4738321575421112 0.4738321577084187
7.460000000000001 -5.771885519897777 0.4744062806678368 0.47440628083441483
7.450000000000001 -5.803440681430674 0.4749834807486616 0.4749834809155103
7.440000000000001 -5.834999696190899 0.47556377279874995 0.47556377296586944
7.430000000000001 -5.866562573232871 0.47614717193599626 0.47614717210338703
7.420000000000001 -5.898129321543046 0.47673369338285526 0.47673369355051737
7.410000000000001 -5.929699950040121 0.47732335246717894 0.4773233526351126
7.400000000000001 -5.961274467575239 0.47791616462306336 0.47791616479126875
7.390000000000001 -5.992852882932201 0.47851214539170134 0.4785121455601786
7.380000000000001 -6.024435204827644 0.4791113104222451 0.4791113105909946
7.370000000000001 -6.056021441911285 0.47971367547267674 0.47971367564169853
7.360000000000001 -6.087611602766076 0.48031925641068607 0.48031925657998054
7.3500000000000005 -6.119205695908441 0.4809280692145583 0.48092806938412536
7.340000000000001 -6.150803729788452 0.4815401299740687 0.48154013014390873
7.330000000000001 -6.182405712790042 0.4821554548913877 0.4821554550615009
7.320000000000001 -6.214011653231183 0.48277406028199293 0.4827740604523795
7.3100000000000005 -6.245621559364109 0.4833959625755911 0.4833959627462512
7.300000000000001 -6.27723543937549 0.4840211783170484 0.48402117848798215
7.290000000000001 -6.30885330138663 0.4846497241673302 0.4846497243385379
7.280000000000001 -6.3404751534536725 0.48528161690444926 0.48528161707593126
7.270000000000001 -6.372101003567778 0.4859168734244243 0.4859168735961805
7.260000000000001 -6.403730859655314 0.48655551074224535 0.4865555109142761
7.250000000000001 -6.435364729578064 0.48719754599285225 0.4871975461651577
7.240000000000001 -6.4670026211334 0.4878429964321191 0.4878429966046993
7.230000000000001 -6.498644542054476 0.4884918794378506 0.4884918796107059
7.220000000000001 -6.53029050001042 0.4891442125107865 0.48914421268391706
7.210000000000001 -6.561940502606512 0.48980001327561756 0.4898000134490237
7.200000000000001 -6.593594557384377 0.4904592994820101 0.4904592996556918
7.190000000000001 -6.625252671822172 0.4911220890056405 0.49112208917959804
7.180000000000001 -6.656914853334755 0.4917883998492414 0.4917884000234749
7.170000000000001 -6.688581109273892 0.4924582501436561 0.4924582503181657
7.160000000000001 -6.720251446928424 0.4931316581489048 0.4931316583236909
7.150000000000001 -6.751925873524445 0.49380864225526117 0.49380864243032374
7.140000000000001 -6.783604396225493 0.49448922098433834 0.49448922115967775
7.130000000000001 -6.815287022132727 0.49517341299018736 0.4951734131658035
7.120000000000001 -6.846973758285106 0.4958612370604049 0.4958612372362982
7.110000000000001 -6.878664611659564 0.49655271211725355 0.4965527122934242
7.1000000000000005 -6.910359589171185 0.49724785721879095 0.49724785739523897
7.090000000000001 -6.942058697673388 0.4979466915600131 0.4979466917367387
7.080000000000001 -6.973761943958106 0.4986492344740059 0.4986492346510093
7.070000000000001 -7.005469334755936 0.4993555054331106 0.49935550561039194
7.0600000000000005 -7.037180876736341 0.5000655240500994 0.5000655242276589
7.050000000000001 -7.0688965765078215 0.5007793100793639 0.5007793102572016
7.040000000000001 -7.1006164406180625 0.5014968834181134 0.5014968835962297
7.030000000000001 -7.132340475554131 0.5022182641075886 0.5022182642859836
7.020000000000001 -7.164068687742641 0.5029434723342837 0.5029434725129575
7.010000000000001 -7.195801083549912 0.5036725284311832 0.5036725286101358
7.000000000000001 -7.22753766928215 0.5044054528790103 0.5044054530582421
6.990000000000001 -7.25927845118562 0.5051422663074882 0.5051422664869992
6.980000000000001 -7.2910234354467915 0.5058829894966128 0.5058829896764035
6.970000000000001 -7.322772628192538 0.5066276433779411 0.5066276435580113
6.960000000000001 -7.3545260354902755 0.5073762490358888 0.5073762492162389
6.950000000000001 -7.386283663348143 0.5081288277090446 0.5081288278896746
6.940000000000001 -7.418045517715164 0.5088854007914951 0.5088854009724052
6.930000000000001 -7.449811604481406 0.509645989834165 0.5096459900153555
6.920000000000001 -7.481581929478155 0.5104106165461697 0.5104106167276405
6.910000000000001 -7.513356498478061 0.511179302796182 0.5111793029779336
6.900000000000001 -7.545135317195328 0.5119520706138133 0.5119520707958456
6.890000000000001 -7.576918391285834 0.5127289421910081 0.5127289423733212
6.880000000000001 -7.608705726347331 0.513509939883453 0.5135099400660472
6.870000000000001 -7.640497327919585 0.5142950862119999 0.5142950863948754
6.860000000000001 -7.672293201484538 0.5150844038641049 0.5150844040472617
6.8500000000000005 -7.704093352466473 0.5158779156952799 0.5158779158787183
6.840000000000001 -7.735897786232163 0.5166756447305613 0.5166756449142812
6.830000000000001 -7.76770650809103 0.5174776141659914 0.5174776143499933
6.820000000000001 -7.799519523295302 0.5182838473701185 0.5182838475544023
6.8100000000000005 -7.831336837040178 0.5190943678855082 0.5190943680700743
6.800000000000001 -7.863158454463964 0.5199091994302738 0.519909199615122
6.790000000000001 -7.894984380648256 0.5207283658996212 0.520728366084752
6.780000000000001 -7.92681462061806 0.5215518913674092 0.5215518915528223
6.770000000000001 -7.958649179341967 0.5223798000877263 0.5223798002734223
6.760000000000001 -7.99048806173231 0.5232121164964861 0.5232121166824648
6.750000000000001 -8.022331272645289 0.5240488652130348 0.5240488653992966
6.740000000000001 -8.054178816881151 0.5248900710417799 0.5248900712283248
6.730000000000001 -8.086030699184333 0.5257357589738332 0.5257357591606613
6.720000000000001 -8.117886924243596 0.5265859541886718 0.5265859543757834
6.710000000000001 -8.149747496692207 0.5274406820558166 0.5274406822432116
6.700000000000001 -8.18161242110804 0.5282999681365281 0.528299968324207
6.690000000000001 -8.213481702013782 0.5291638381855206 0.5291638383734832
6.680000000000001 -8.245355343877028 0.5300323181526925 0.530032318340939
6.670000000000001 -8.277233351110466 0.5309054341848783 0.5309054343734089
6.660000000000001 -8.309115728071996 0.5317832126276153 0.53178321281643
6.650000000000001 -8.341002479064901 0.5326656800269313 0.5326656802160304
6.640000000000001 -8.372893608337959 0.5335528631311506 0.5335528633205343
6.630000000000001 -8.40478912008564 0.5344447888927191 0.5344447890823874
6.620000000000001 -8.436689018448185 0.5353414844700481 0.535341484660001
6.610000000000001 -8.468593307511805 0.5362429772293791 0.5362429774196168
6.6000000000000005 -8.500501991308793 0.5371492947466668 0.5371492949371895
6.590000000000001 -8.53241507381768 0.5380604648094839 0.5380604650002916
6.580000000000001 -8.564332558963361 0.5389765154189441 0.538976515610037
6.570000000000001 -8.596254450617263 0.5398974747916474 0.5398974749830258
6.5600000000000005 -8.628180752597459 0.5408233713616463 0.5408233715533101
6.550000000000001 -8.66011146866882 0.5417542337824309 0.54175423397438
6.540000000000001 -8.69204660254316 0.5426900909289375 0.5426900911211725
6.530000000000001 -8.723986157879361 0.5436309718995788 0.5436309720920995
6.520000000000001 -8.75593013828353 0.5445769060182933 0.5445769062111
6.510000000000001 -8.78787854730911 0.5455279228366208 0.5455279230297136
6.500000000000001 -8.81983138845706 0.5464840521357965 0.5464840523291754
6.490000000000001 -8.851788665175944 0.5474453239288705 0.5474453241225355
6.480000000000001 -8.88375038086209 0.548411768462848 0.5484117686567994
6.470000000000001 -8.915716538859739 0.5493834162208554 0.5493834164150933
6.460000000000001 -8.94768714246116 0.5503602979243268 0.5503602981188512
6.450000000000001 -8.979662194906792 0.5513424445352172 0.5513424447300284
6.440000000000001 -9.011641699385383 0.5523298872582372 0.5523298874533352
6.430000000000001 -9.043625659034108 0.5533226575431144 0.5533226577384992
6.420000000000001 -9.07561407693872 0.5543207870868777 0.5543207872825495
6.410000000000001 -9.107606956133695 0.5553243078361677 0.5553243080321267
6.400000000000001 -9.139604299602306 0.5563332519895722 0.5563332521858182
6.390000000000001 -9.171606110276837 0.5573476519999865 0.5573476521965197
6.380000000000001 -9.203612391038648 0.558367540577001 0.5583675407738217
6.370000000000001 -9.235623144718334 0.5593929506893143 0.5593929508864224
6.360000000000001 -9.267638374095863 0.5604239155671727 0.5604239157645685
6.3500000000000005 -9.29965808190068 0.5614604687048377 0.561460468902521
6.340000000000001 -9.331682270811871 0.562502643863079 0.5625026440610501
6.330000000000001 -9.363710943458253 0.5635504750716969 0.5635504752699558
6.320000000000001 -9.395744102418535 0.564603996632072 0.5646039968306188
6.3100000000000005 -9.427781750221442 0.5656632431197429 0.565663243318578
6.300000000000001 -9.459823889345808 0.5667282493870133 0.5667282495861362
6.290000000000001 -9.491870522220754 0.5677990505655869 0.5677990507649981
6.280000000000001 -9.523921651225791 0.5688756820692336 0.568875682268933
6.270000000000001 -9.555977278690934 0.5699581795964842 0.569958179796472
6.260000000000001 -9.588037406896845 0.5710465791333551 0.5710465793336312
6.250000000000001 -9.620102038074954 0.5721409169561047 0.5721409171566694
6.240000000000001 -9.652171174407588 0.5732412296340197 0.573241229834873
6.230000000000001 -9.684244818028088 0.5743475540322335 0.5743475542333756
6.220000000000001 -9.716322971020938 0.5754599273145758 0.5754599275160066
6.210000000000001 -9.748405635421891 0.5765783869464549 0.5765783871481746
6.200000000000001 -9.78049281321809 0.577702970697772 0.5777029708997805
6.190000000000001 -9.812584506348186 0.5788337166458689 0.5788337168481663
6.180000000000001 -9.844680716702467 0.5799706631785094 0.5799706633810958
6.170000000000001 -9.876781446122973 0.5811138489968941 0.5811138491997697
6.160000000000001 -9.90888669640363 0.5822633131187093 0.5822633133218741
6.150000000000001 -9.940996469290367 0.5834190948812116 0.5834190950846656
6.140000000000001 -9.973110766481222 0.5845812339443468 0.5845812341480902
6.130000000000001 -10.005229589626492 0.5857497702939051 0.5857497704979379
6.120000000000001 -10.037352940328827 0.5869247442447115 0.5869247444490338
6.110000000000001 -10.069480820143347 0.5881061964438543 0.588106196648466
6.1000000000000005 -10.101613230577794 0.5892941678739496 0.5892941680788509
6.090000000000001 -10.13375017309262 0.5904886998564431 0.590488700061634
6.080000000000001 -10.16589164910111 0.5916898340549519 0.5916898342604323
6.070000000000001 -10.19803765996953 0.5928976124786414 0.5928976126844117
6.0600000000000005 -10.23018820701719 0.5941120774856453 0.5941120776917054
6.050000000000001 -10.262343291516608 0.5953332717865228 0.5953332719928726
6.040000000000001 -10.294502914693618 0.5965612384477557 0.5965612386543954
6.030000000000001 -10.326667077727452 0.5977960208952875 0.597796021102217
6.020000000000001 -10.358835781750932 0.5990376629181032 0.5990376631253229
6.010000000000001 -10.391009027850487 0.6002862086718508 0.6002862088793605
6.000000000000001 -10.423186817066366 0.6015417026825043 0.601541702890304
5.990000000000001 -10.455369150392665 0.6028041898500711 0.6028041900581608
5.980000000000001 -10.487556028777515 0.6040737154523419 0.6040737156607218
5.970000000000001 -10.519747453123161 0.6053503251486846 0.6053503253573548
5.960000000000001 -10.551943424286073 0.6066340649838836 0.606634065192844
5.950000000000001 -10.584143943077066 0.6079249813920229 0.6079249816012735
5.940000000000001 -10.61634901026142 0.6092231212004164 0.6092231214099574
5.930000000000001 -10.648558626558996 0.6105285316335842 0.6105285318434156
5.920000000000001 -10.680772792644326 0.611841260317276 0.6118412605273977
5.910000000000001 -10.71299150914676 0.6131613552825418 0.6131613554929538
5.900000000000001 -10.745214776650544 0.6144888649698512 0.6144888651805537
5.890000000000001 -10.777442595694945 0.6158238382332624 0.6158238384442553
5.880000000000001 -10.809674966774379 0.6171663243446398 0.6171663245559235
5.870000000000001 -10.841911890338496 0.6185163729979232 0.6185163732094972
5.860000000000001 -10.87415336679231 0.6198740343134458 0.6198740345253103
5.8500000000000005 -10.90639939649629 0.6212393588423074 0.6212393590544626
5.840000000000001 -10.938649979766495 0.622612397570797 0.6226123977832426
5.830000000000001 -10.970905116874667 0.6239932019248697 0.623993202137606
5.820000000000001 -11.00316480804834 0.625381823774678 0.6253818239877049
5.8100000000000005 -11.035429053470954 0.6267783154391573 0.6267783156524749
5.800000000000001 -11.06769785328197 0.6281827296906665 0.6281827299042747
5.790000000000001 -11.099971207576964 0.6295951197596847 0.6295951199735836
5.780000000000001 -11.132249116407754 0.631015539339567 0.6310155395537566
5.770000000000001 -11.164531579782484 0.6324440425913541 0.6324440428058343
5.760000000000001 -11.196818597665755 0.6338806841486437 0.6338806843634147
5.750000000000001 -11.229110169978718 0.6353255191225207 0.6353255193375823
5.740000000000001 -11.261406296599183 0.6367786031065457 0.6367786033218981
5.730000000000001 -11.293706977361747 0.6382399921818075 0.6382399923974507
5.720000000000001 -11.326012212057849 0.6397097429220349 0.6397097431379686
5.710000000000001 -11.358322000435932 0.6411879123987723 0.6411879126149966
5.700000000000001 -11.390636342201525 0.6426745581866192 0.6426745584031345
5.690000000000001 -11.422955237017344 0.6441697383685345 0.6441697385853404
5.680000000000001 -11.455278684503403 0.6456735115412046 0.6456735117583012
5.670000000000001 -11.487606684237118 0.647185936820479 0.6471859370378663
5.660000000000001 -11.519939235753416 0.6487070738468743 0.6487070740645524
5.650000000000001 -11.55227633854483 0.6502369827911441 0.6502369830091129
5.640000000000001 -11.584617992061624 0.6517757243599201 0.6517757245781797
5.630000000000001 -11.616964195711866 0.6533233598014222 0.6533233600199724
5.620000000000001 -11.649314948861546 0.6548799509112403 0.6548799511300811
5.610000000000001 -11.681670250834701 0.6564455600381882 0.6564455602573198
5.6000000000000005 -11.714030100913481 0.6580202500902317 0.6580202503096539
5.590000000000001 -11.746394498338276 0.6596040845404888 0.6596040847602016
5.580000000000001 -11.778763442307813 0.6611971274333074 0.6611971276533107
5.570000000000001 -11.81113693197925 0.6627994433904189 0.6627994436107127
5.5600000000000005 -11.843514966468287 0.6644110976171679 0.6644110978377525
5.550000000000001 -11.875897544849275 0.6660321559088239 0.6660321561296989
5.540000000000001 -11.908284666155298 0.6676626846569687 0.6676626848781342
5.530000000000001 -11.94067632937829 0.6693027508559678 0.6693027510774238
5.520000000000001 -11.97307253346913 0.6709524221095231 0.6709524223312695
5.510000000000001 -12.005473277337744 0.672611766637308 0.672611766859345
5.500000000000001 -12.037878559853201 0.6742808532816886 0.674280853504016
5.490000000000001 -12.070288379843817 0.6759597515145297 0.6759597517371475
5.480000000000001 -12.102702736097264 0.6776485314440877 0.6776485316669958
5.470000000000001 -12.135121627360652 0.6793472638219928 0.6793472640451911
5.460000000000001 -12.167545052340644 0.6810560200503195 0.6810560202738081
5.450000000000001 -12.19997300970354 0.6827748721887494 0.6827748724125281
5.440000000000001 -12.232405498075398 0.6845038929618249 0.6845038931858938
5.430000000000001 -12.264842516042114 0.6862431557662976 0.6862431559906566
5.420000000000001 -12.297284062149512 0.6879927346785712 0.6879927349032203
5.410000000000001 -12.329730134903478 0.6897527044622411 0.6897527046871801
5.400000000000001 -12.362180732770033 0.6915231405757312 0.6915231408009602
5.390000000000001 -12.394635854175423 0.6933041191800307 0.6933041194055497
5.380000000000001 -12.427095497506235 0.6950957171465314 0.6950957173723402
5.370000000000001 -12.459559661109484 0.6968980120649674 0.696898012291066
5.360000000000001 -12.492028343292729 0.6987110822514582 0.6987110824778465
5.3500000000000005 -12.524501542324135 0.7005350067566578 0.700535006983336
5.340000000000001 -12.556979256432601 0.7023698653740101 0.7023698656009777
5.330000000000001 -12.589461483807838 0.7042157386481129 0.7042157388753703
5.320000000000001 -12.62194822260048 0.7060727078831933 0.7060727081107402
5.3100000000000005 -12.654439470922163 0.7079408551516926 0.7079408553795291
5.300000000000001 -12.68693522684565 0.7098202633029671 0.7098202635310928
5.290000000000001 -12.719435488404873 0.7117110159721025 0.7117110162005176
5.280000000000001 -12.751940253595098 0.7136131975888461 0.7136131978175504
5.270000000000001 -12.784449520372965 0.7155268933866576 0.7155268936156512
5.260000000000001 -12.816963286656602 0.7174521894118806 0.7174521896411632
5.250000000000001 -12.849481550325724 0.7193891725330361 0.7193891727626076
5.240000000000001 -12.882004309221731 0.7213379304502402 0.7213379306801008
5.230000000000001 -12.914531561147793 0.7232985517047493 0.7232985519348988
5.220000000000001 -12.947063303868934 0.7252711256886321 0.7252711259190703
5.210000000000001 -12.979599535112149 0.7272557426545712 0.727255742885298
5.200000000000001 -13.012140252566486 0.7292524937257987 0.7292524939568141
5.190000000000001 -13.044685453883144 0.7312614709061647 0.7312614711374689
5.180000000000001 -13.077235136675558 0.7332827670903421 0.7332827673219346
5.170000000000001 -13.1097892985195 0.7353164760741692 0.7353164763060502
5.160000000000001 -13.142347936953167 0.7373626925651349 0.737362692797304
5.150000000000001 -13.174911049477286 0.7394215121930036 0.739421512425461
5.140000000000001 -13.207478633555176 0.7414930315205865 0.741493031753332
5.130000000000001 -13.240050686612882 0.7435773480546614 0.743577348287695
5.120000000000001 -13.272627206039237 0.745674560257039 0.7456745604903604
5.110000000000001 -13.30520818918597 0.7477847675557826 0.7477847677893917
5.1000000000000005 -13.337793633367776 0.7499080703565827 0.7499080705904796
5.090000000000001 -13.370383535862446 0.7520445700542864 0.7520445702884708
5.080000000000001 -13.402977893910917 0.7541943690445873 0.7541943692790593
5.070000000000001 -13.435576704717386 0.7563575707358764 0.7563575709706356
5.0600000000000005 -13.468179965449403 0.7585342795612564 0.758534279796303
5.050000000000001 -13.500787673237948 0.7607246009907248 0.7607246012260586
5.040000000000001 -13.533399825177534 0.7629286415435238 0.7629286417791445
5.030000000000001 -13.566016418326301 0.7651465088006645 0.765146509036572
5.020000000000001 -13.598637449706075 0.7673783114176237 0.7673783116538182
5.010000000000001 -13.631262916302502 0.7696241591372212 0.7696241593737023
5.000000000000001 -13.663892815065111 0.7718841628026741 0.771884163039442
4.990000000000001 -13.69652714290742 0.774158434370838 0.774158434607892
4.980000000000001 -13.729165896706993 0.7764470869256307 0.7764470871629714
4.970000000000001 -13.76180907330558 0.7787502346916497 0.7787502349292764
4.960000000000001 -13.794456669509167 0.781067993047977 0.7810679932858898
4.950000000000001 -13.827108682088078 0.7834004785421842 0.783400478780383
4.940000000000001 -13.859765107777049 0.7857478089045326 0.7857478091430171
4.930000000000001 -13.892425943275361 0.7881101030623767 0.7881101033011471
4.920000000000001 -13.925091185246874 0.7904874811547735 0.7904874813938294
4.910000000000001 -13.957760830320153 0.7928800645472986 0.7928800647866399
4.900000000000001 -13.990434875088534 0.7952879758470754 0.7952879760867021
4.890000000000001 -14.02311331611024 0.7977113389180198 0.7977113391579316
4.880000000000001 -14.05579614990843 0.8001502788963022 0.800150279136499
4.870000000000001 -14.088483372971325 0.8026049222060351 0.8026049224465166
4.860000000000001 -14.121174981752265 0.8050753965751825 0.8050753968159488
4.8500000000000005 -14.15387097266981 0.8075618310517036 0.8075618312927545
4.840000000000001 -14.186571342107854 0.8100643560199278 0.810064356261263
4.830000000000001 -14.219276086415652 0.8125831032171671 0.8125831034587867
4.820000000000001 -14.251985201907955 0.815118205750571 0.8151182059924748
4.8100000000000005 -14.284698684865084 0.8176697981142272 0.8176697983564148
4.800000000000001 -14.317416531533018 0.8202380162065104 0.8202380164489818
4.790000000000001 -14.350138738123468 0.8228229973476865 0.8228229975904415
4.780000000000001 -14.382865300813991 0.8254248802977744 0.8254248805408129
4.770000000000001 -14.415596215748042 0.8280438052746695 0.8280438055179911
4.760000000000001 -14.448331479035089 0.8306799139725346 0.8306799142161397
4.750000000000001 -14.481071086750683 0.8333333495804633 0.8333333498243513
4.740000000000001 -14.513815034936545 0.8360042568014168 0.8360042570455875
4.730000000000001 -14.546563319600667 0.8386927818714426 0.838692782115896
4.720000000000001 -14.579315936717371 0.8413990725791796 0.8413990728239156
4.710000000000001 -14.612072882227425 0.8441232782856516 0.8441232785306698
4.700000000000001 -14.644834152038094 0.8468655499443564 0.8468655501896566
4.690000000000001 -14.677599742023263 0.8496260401216561 0.8496260403672383
4.680000000000001 -14.710369648023491 0.8524049030174713 0.8524049032633353
4.670000000000001 -14.74314386584612 0.8552022944862867 0.8552022947324323
4.660000000000001 -14.775922391265325 0.8580183720584724 0.8580183723048995
4.650000000000001 -14.808705220022242 0.8608532949619268 0.8608532952086347
4.640000000000001 -14.841492347825035 0.8637072241440449 0.863707224391034
4.630000000000001 -14.874283770348956 0.8665803222940215 0.8665803225412916
4.620000000000001 -14.907079483236465 0.8694727538654916 0.8694727541130425
4.610000000000001 -14.939879482097306 0.8723846850995134 0.8723846853473445
4.6000000000000005 -14.972683762508565 0.875316284047904 0.8753162842960155
4.590000000000001 -15.005492320014794 0.8782677205969298 0.8782677208453212
4.580000000000001 -15.03830515012806 0.8812391664913608 0.881239166740032
4.570000000000001 -15.071122248328058 0.8842307953588909 0.8842307956078419
4.5600000000000005 -15.10394361006216 0.8872427827349367 0.8872427829841675
4.550000000000001 -15.136769230745536 0.8902753060878176 0.8902753063373272
4.540000000000001 -15.169599105761208 0.8933285448443216 0.8933285450941104
4.530000000000001 -15.202433230460144 0.8964026804156712 0.8964026806657386
4.520000000000001 -15.23527160016135 0.8994978962238883 0.8994978964742345
4.510000000000001 -15.268114210151943 0.9026143777285708 0.9026143779791954
4.500000000000001 -15.300961055687228 0.9057523124540849 0.9057523127049877
4.490000000000001 -15.333812131990774 0.9089118900171828 0.9089118902683637
4.480000000000001 -15.366667434254552 0.9120933021550514 0.9120933024065102
4.470000000000001 -15.399526957638933 0.9152967427538021 0.9152967430055382
4.460000000000001 -15.432390697272837 0.9185224078774072 0.9185224081294205
4.450000000000001 -15.465258648253766 0.9217704957970914 0.921770496049382
4.440000000000001 -15.498130805647943 0.9250412070211905 0.9250412072737578
4.430000000000001 -15.531007164490358 0.928334744325477 0.9283347445783209
4.420000000000001 -15.563887719784812 0.9316513127839718 0.9316513130370923
4.410000000000001 -15.596772466504095 0.9349911198002429 0.9349911200536395
4.400000000000001 -15.629661399589976 0.9383543751392021 0.9383543753928746
4.390000000000001 -15.662554513953335 0.9417412909594111 0.9417412912133596
4.380000000000001 -15.69545180447423 0.9451520818459036 0.9451520821001276
4.370000000000001 -15.728353266001974 0.9485869648435337 0.9485869650980328
4.360000000000001 -15.761258893355217 0.9520461594908597 0.9520461597456336
4.3500000000000005 -15.794168681322063 0.9555298878545756 0.9555298881096244
4.340000000000001 -15.82708262466007 0.9590383745644971 0.9590383748198206
4.330000000000001 -15.860000718096414 0.9625718468491148 0.9625718471047121
4.320000000000001 -15.892922956327922 0.9661305345717213 0.9661305348275927
4.3100000000000005 -15.925849334021164 0.9697146702671315 0.969714670523277
4.300000000000001 -15.958779845812561 0.9733244891789963 0.9733244894354149
4.290000000000001 -15.991714486308393 0.9769602292977263 0.9769602295544182
4.280000000000001 -16.024653250084963 0.9806221313990401 0.980622131656005
4.270000000000001 -16.057596131688623 0.9843104390831413 0.9843104393403792
4.260000000000001 -16.090543125635897 0.9880253988145422 0.9880253990720523
4.250000000000001 -16.123494226413502 0.9917672599625431 0.9917672602203255
4.240000000000001 -16.156449428478464 0.9955362748423818 0.9955362751004361
4.230000000000001 -16.189408726258222 0.999332698757064 0.9993326990153898
4.220000000000001 -16.222372114150655 1.0031567900398883 1.0031567902984857
4.210000000000001 -16.255339586524197 1.0070088100976808 1.007008810356549
4.200000000000001 -16.28831113771791 1.0108890234547476 1.0108890237138868
4.190000000000001 -16.321286762041556 1.0147976977975668 1.0147976980569768
4.180000000000001 -16.35426645377567 1.0187351040202268 1.0187351042799069
4.170000000000001 -16.387250207171668 1.022701516270629 1.0227015165305793
4.160000000000001 -16.420238016451894 1.0266972119974695 1.0266972122576896
4.150000000000001 -16.453229875809722 1.0307224719980141 1.0307224722585033
4.140000000000001 -16.486225779409615 1.0347775804666806 1.034777580727439
4.130000000000001 -16.519225721387222 1.038862825044448 1.0388628253054752
4.120000000000001 -16.55222969584943 1.0429784968691043 1.0429784971304
4.110000000000001 -16.5852376968745 1.047124890626352 1.047124890887916
4.1000000000000005 -16.61824971851207 1.0513023046017869 1.051302304863619
4.090000000000001 -16.65126575478329 1.0555110407337671 1.0555110409958672
4.080000000000001 -16.684285799680868 1.0597514046671925 1.0597514049295598
4.070000000000001 -16.71730984716916 1.0640237058082063 1.0640237060708402
4.0600000000000005 -16.750337891184287 1.0683282573798452 1.0683282576427464
4.050000000000001 -16.783369925634112 1.072665376478649 1.0726653767418164
4.040000000000001 -16.816405944398422 1.0770353841322553 1.0770353843956888
4.030000000000001 -16.84944594132896 1.0814386053579934 1.081438605621693
4.020000000000001 -16.882489910249497 1.0858753692225014 1.0858753694864665
4.010000000000001 -16.91553784495594 1.090346008902385 1.0903460091666153
4.000000000000001 -16.948589739216363 1.0948508617459365 1.094850862010432
3.990000000000001 -16.98164558677112 1.099390269335945 1.0993902696007045
3.980000000000001 -17.014705381332934 1.1039645775536024 1.1039645778186267
3.970000000000001 -17.047769116586935 1.1085741366435482 1.1085741369088362
3.960000000000001 -17.080836786190748 1.1132193012800575 1.1132193015456093
3.950000000000001 -17.113908383774607 1.1179004306344074 1.1179004309002225
3.940000000000001 -17.14698390294139 1.1226178884434412 1.122617888709519
3.930000000000001 -17.1800633372667 1.1273720430793546 1.127372043345695
3.920000000000001 -17.21314668029895 1.1321632676207305 1.1321632678873335
3.910000000000001 -17.246233925559476 1.1369919399248478 1.136991940191713
3.900000000000001 -17.27932506654254 1.1418584427012863 1.141858442968413
3.890000000000001 -17.312420096715467 1.146763163586863 1.1467631638542508
3.880000000000001 -17.345519009518693 1.1517064952219171 1.1517064954895662
3.870000000000001 -17.378621798365852 1.156688835327981 1.1566888355958904
3.8600000000000008 -17.41172845664385 1.1617105867868573 1.1617105870550273
3.850000000000001 -17.44483897771294 1.1667721577211398 1.1667721579895696
3.8400000000000007 -17.477953354906802 1.171873961576201 1.1718739618448906
3.830000000000001 -17.511071581532626 1.1770164172036817 1.1770164174726303
3.8200000000000007 -17.544193650871154 1.1821999489465105 1.1821999492157182
3.810000000000001 -17.5773195561768 1.1874249867254913 1.1874249869949578
3.8000000000000007 -17.610449290677696 1.192691966127484 1.1926919663972084
3.790000000000001 -17.64358284757581 1.1980013284952171 1.1980013287651994
3.7800000000000007 -17.67672022004695 1.2033535210187674 1.203353521289007
3.770000000000001 -17.709861401240886 1.2087489968287386 1.2087489970992356
3.760000000000001 -17.74300638428146 1.2141882150911771 1.2141882153619308
3.750000000000001 -17.77615516226658 1.219671641104264 1.2196716413752742
3.740000000000001 -17.809307728268337 1.2251997463968152 1.2251997466680813
3.730000000000001 -17.842464075333126 1.230773008828637 1.2307730091001585
3.720000000000001 -17.87562419648163 1.2363919126927698 1.2363919129645469
3.710000000000001 -17.908788084708966 1.242056948819665 1.2420569490916968
3.700000000000001 -17.941955732984713 1.2477686146833329 1.247768614955619
3.690000000000001 -17.975127134253047 1.2535274145095114 1.2535274147820517
3.680000000000001 -18.008302281432744 1.2593338593858905 1.259333859658685
3.670000000000001 -18.041481167417313 1.2651884673744462 1.2651884676474938
3.660000000000001 -18.074663785075046 1.2710917636259211 1.2710917638992218
3.650000000000001 -18.107850127249076 1.2770442804965083 1.2770442807700615
3.640000000000001 -18.141040186757518 1.2830465576667784 1.283046557940584
3.630000000000001 -18.174233956393433 1.2890991422629068 1.289099142536964
3.620000000000001 -18.207431428925023 1.2952025889802437 1.2952025892545527
3.6100000000000008 -18.240632597095605 1.3013574602092888 1.301357460483849
3.600000000000001 -18.273837453623774 1.307564326164114 1.3075643264389247
3.5900000000000007 -18.30704599120341 1.3138237650132978 1.3138237652883586
3.580000000000001 -18.34025820250377 1.32013636301342 1.3201363632887304
3.5700000000000007 -18.373474080169586 1.3265027146451798 1.3265027149207396
3.560000000000001 -18.406693616821112 1.3329234227521933 1.3329234230280025
3.5500000000000007 -18.43991680505421 1.3393990986825333 1.3393990989585909
3.540000000000001 -18.473143637440426 1.3459303624330679 1.345930362709374
3.5300000000000007 -18.506374106527055 1.35251784279667 1.3525178430732236
3.520000000000001 -18.539608204837233 1.359162177512355 1.3591621777891565
3.510000000000001 -18.57284592486998 1.3658640134184206 1.3658640136954685
3.500000000000001 -18.60608725910031 1.3726240066086475 1.3726240068859419
3.490000000000001 -18.639332199979286 1.3794428225916453 1.3794428228691862
3.480000000000001 -18.672580739934087 1.386321136453403 1.3863211367311896
3.470000000000001 -18.7058328713681 1.393259633023125 1.3932596333011569
3.460000000000001 -18.739088586660973 1.4002590070424261 1.4002590073207029
3.450000000000001 -18.77234787816871 1.4073199633379658 1.407319963616487
3.440000000000001 -18.805610738223727 1.4144432169976011 1.4144432172763663
3.430000000000001 -18.83887715913495 1.4216294935501346 1.4216294938291436
3.420000000000001 -18.872147133187852 1.428879529148756 1.4288795294280083
3.410000000000001 -18.90542065264456 1.4361940707582446 1.4361940710377392
3.400000000000001 -18.93869770974389 1.4435738763460397 1.4435738766257769
3.390000000000001 -18.97197829670148 1.4510197150772577 1.4510197153572368
3.380000000000001 -19.00526240570981 1.4585323675137563 1.4585323677939768
3.370000000000001 -19.038550028938293 1.4661126258173374 1.4661126260977988
3.3600000000000008 -19.071841158533346 1.4737612939571922 1.473761294237894
3.350000000000001 -19.10513578661848 1.4814791879216858 1.4814791882026275
3.3400000000000007 -19.13843390529434 1.4892671359345873 1.4892671362157688
3.330000000000001 -19.17173550663881 1.497125978675852 1.497125978957273
3.3200000000000007 -19.205040582707074 1.5050565695070683 1.5050565697887277
3.310000000000001 -19.23834912553167 1.5130597747016736 1.5130597749835712
3.3000000000000007 -19.271661127122606 1.5211364736800663 1.5211364739622018
3.290000000000001 -19.30497657946738 1.5292875592497268 1.5292875595320994
3.2800000000000007 -19.338295474531098 1.537513937850468 1.537513938133078
3.270000000000001 -19.37161780425652 1.5458165298049489 1.5458165300877948
3.260000000000001 -19.40494356056416 1.5541962695745677 1.55419626985765
3.250000000000001 -19.438272735352303 1.562654106020886 1.5626541063042036
3.240000000000001 -19.471605320497154 1.5711910026726974 1.5711910029562501
3.230000000000001 -19.504941307852842 1.5798079379989034 1.5798079382826906
3.220000000000001 -19.538280689251543 1.5885059056873234 1.5885059059713447
3.210000000000001 -19.57162345650351 1.5972859149295988 1.5972859152138539
3.200000000000001 -19.60496960139717 1.6061489907123356 1.6061489909968234
3.190000000000001 -19.638319115699208 1.6150961741146483 1.6150961743993688
3.180000000000001 -19.671671991154607 1.6241285226122624 1.624128522897215
3.170000000000001 -19.70502821948674 1.6332471103883432 1.6332471106735276
3.160000000000001 -19.738387792397443 1.6424530286512211 1.6424530289366364
3.150000000000001 -19.771750701567086 1.6517473859591856 1.6517473862448322
3.140000000000001 -19.805116938654624 1.66113130855254 1.6611313088384165
3.130000000000001 -19.83848649529771 1.6706059406930809 1.6706059409791874
3.120000000000001 -19.871859363112723 1.6801724450112199 1.680172445297555
3.1100000000000008 -19.905235533694864 1.68983200286092 1.6898320031474843
3.100000000000001 -19.938614998618245 1.6995858146826692 1.6995858149694618
3.0900000000000007 -19.971997749435914 1.7094351003746802 1.7094351006617006
3.080000000000001 -20.005383777679963 1.719381099672547 1.719381099959794
3.0700000000000007 -20.038773074861595 1.729425072537572 1.729425072825046
3.060000000000001 -20.07216563247117 1.739568299553986 1.7395682998416864
3.0500000000000007 -20.105561441978328 1.749812082335306 1.7498120826232317
3.040000000000001 -20.138960494832006 1.76015774394006 1.7601577442282108
3.0300000000000007 -20.17236278246052 1.7706066292971332 1.770606629585509
3.020000000000001 -20.205768296271696 1.781160105640993 1.7811601059295934
3.010000000000001 -20.239177027652854 1.7918195629570484 1.7918195632458718
3.000000000000001 -20.272588967970922 1.8025864144374162 1.8025864147264634
2.990000000000001 -20.306004108572523 1.8134620969473847 1.8134620972366542
2.980000000000001 -20.33942244078403 1.8244480715028404 1.824448071792332
2.970000000000001 -20.372843955911616 1.8355458237589761 1.8355458240486893
2.960000000000001 -20.406268645241347 1.8467568645105708 1.8467568648005048
2.950000000000001 -20.439696500039272 1.8580827302041618 1.8580827304943164
2.940000000000001 -20.47312751155145 1.8695249834624321 1.8695249837528067
2.930000000000001 -20.506561671004064 1.8810852136211478 1.8810852139117424
2.920000000000001 -20.53999896960345 1.8927650372789884 1.8927650375698015
2.910000000000001 -20.573439398536216 1.9045660988606243 1.904566099151656
2.900000000000001 -20.606882948969265 1.9164900711934152 1.9164900714846644
2.890000000000001 -20.640329612049893 1.928538656098093 1.9285386563895595
2.880000000000001 -20.673779378905866 1.9407135849938317 1.9407135852855155
2.870000000000001 -20.70723224064547 1.9530166195181005 1.95301661981
2.8600000000000008 -20.740688188357584 1.9654495521617117 1.9654495524538274
2.850000000000001 -20.774147213111778 1.978014206919498 1.9780142072118285
2.8400000000000007 -20.807609305958348 1.990712439957049 1.9907124402495942
2.830000000000001 -20.84107445792841 2.003546140293978 2.003546140586737
2.8200000000000007 -20.874542660033956 2.016517230504167 2.016517230797139
2.810000000000001 -20.908013903267936 2.0296276674335014 2.0296276677266873
2.8000000000000007 -20.94148817860433 2.0428794429355657 2.0428794432289643
2.790000000000001 -20.974965476998197 2.0562745846258403 2.05627458491945
2.7800000000000007 -21.008445789385778 2.0698151566549168 2.0698151569487377
2.770000000000001 -21.04192910668454 2.083503260501294 2.083503260795325
2.760000000000001 -21.07541541979327 2.097341035784312 2.0973410360785536
2.750000000000001 -21.108904719592097 2.111330661097819 2.1113306613922704
2.740000000000001 -21.142396996942633 2.1254743548651756 2.125474355159836
2.730000000000001 -21.175892242687983 2.139774376216222 2.1397743765110904
2.720000000000001 -21.20939044765286 2.1542330258868523 2.154233026181929
2.710000000000001 -21.24289160264361 2.168852647141876 2.168852647437159
2.700000000000001 -21.276395698448326 2.1836356267218364 2.1836356270173263
2.690000000000001 -21.3099027258369 2.19858439581453 2.1985843961102263
2.680000000000001 -21.34341267556106 2.2137014310519314 2.2137014313478343
2.670000000000001 -21.376925538354506 2.2289892555333193 2.2289892558294264
2.660000000000001 -21.410441304932935 2.2444504398753615 2.2444504401716734
2.650000000000001 -21.443959965994114 2.260087603290007 2.260087603586522
2.640000000000001 -21.477481512217974 2.2759034146909976 2.275903414987716
2.630000000000001 -21.511005934266645 2.2919005938298955 2.291900594126817
2.620000000000001 -21.544533222784562 2.308081912462517 2.308081912759641
2.6100000000000008 -21.578063368398478 2.3244501955467114 2.3244501958440362
2.600000000000001 -21.611596361717627 2.341008322472445 2.341008322769971
2.5900000000000007 -21.645132193333712 2.3577592283252033 2.357759228622929
2.580000000000001 -21.678670853821 2.374705905183727 2.374705905481653
2.5700000000000007 -21.712212333736392 2.3918514034531744 2.391851403751299
2.560000000000001 -21.745756623619503 2.4091988332347984 2.409198833533121
2.5500000000000007 -21.77930371399273 2.4267513657333017 2.4267513660318234
2.540000000000001 -21.812853595361297 2.4445122347030557 2.4445122350017736
2.5300000000000007 -21.846406258213353 2.4624847379344046 2.4624847382333197
2.520000000000001 -21.879961693020036 2.480672238781343 2.480672239080454
2.510000000000001 -21.91351989023551 2.499078167731883 2.4990781680311893
2.500000000000001 -21.9470808402971 2.5177060240224747 2.517706024321976
2.490000000000001 -21.9806445336253 2.5365593772979076 2.5365593775976034
2.480000000000001 -22.01421096062387 2.5556418693181553 2.5556418696180447
2.470000000000001 -22.047780111679906 2.574957215713692 2.574957216013774
2.460000000000001 -22.081351977163894 2.594509207790856 2.5945092080911305
2.450000000000001 -22.11492654742979 2.6143017143889016 2.6143017146893675
2.440000000000001 -22.148503812815104 2.6343386837904337 2.634338684091091
2.430000000000001 -22.18208376364094 2.6546241456869946 2.6546241459878424
2.420000000000001 -22.21566639021209 2.675162213201612 2.67516221350265
2.410000000000001 -22.249251682817075 2.695957084970229 2.6959570852714556
2.400000000000001 -22.28283963172825 2.717013047283955 2.7170130475853704
2.390000000000001 -22.31643022720184 2.7383344762942023 2.738334476595805
2.380000000000001 -22.35002345947804 2.7599258402828073 2.759925840584598
2.370000000000001 -22.38361931878105 2.7817917019993486 2.781791702301326
2.3600000000000008 -22.417217795319182 2.8039367210679327 2.803936721370096
2.350000000000001 -22.450818879284885 2.8263656564658297 2.826365656768179
2.3400000000000007 -22.48442256085486 2.84908336907641 2.8490833693789437
2.330000000000001 -22.518028830190083 2.872094824318942 2.8720948246216604
2.3200000000000007 -22.551637677435927 2.8954050948579115 2.8954050951608132
2.310000000000001 -22.585249092722165 2.919019363394615 2.9190193636976995
2.3000000000000007 -22.61886306616312 2.9429429255439006 2.942942925847166
2.290000000000001 -22.652479587857645 2.9671811927990324 2.96718119310248
2.2800000000000007 -22.686098647889274 2.9917396955877895 2.9917396958914177
2.270000000000001 -22.719720236326218 3.0166240864229974 3.0166240867268064
2.260000000000001 -22.7533443432215 3.0418401431508753 3.041840143454863
2.250000000000001 -22.78697095861296 3.0673937723006466 3.0673937726048135
2.240000000000001 -22.820600072523398 3.0932910125390816 3.0932910128434266
2.230000000000001 -22.854231674960545 3.1195380382336944 3.119538038538218
2.220000000000001 -22.887865755917236 3.146141163128571 3.1461411634332714
2.210000000000001 -22.9215023053714 3.1731068441368677 3.1731068444417447
2.200000000000001 -22.955141313286195 3.2004416852542654 3.2004416855593174
2.190000000000001 -22.988782769609976 3.2281524415977905 3.228152441903018
2.180000000000001 -23.0224266642765 3.2562460235746236 3.256246023880025
2.170000000000001 -23.056072987204853 3.2847295011856885 3.284729501491264
2.160000000000001 -23.089721728299658 3.3136101084690384 3.313610108774787
2.150000000000001 -23.123372877450993 3.342895248088237 3.342895248394157
2.140000000000001 -23.15702642453461 3.3725924960711846 3.3725924963772775
2.130000000000001 -23.190682359411902 3.4027096067050397 3.4027096070113028
2.120000000000001 -23.22434067193001 3.4332545175931433 3.433254517899577
2.1100000000000008 -23.25800135192184 3.4642353548801106 3.4642353551867133
2.100000000000001 -23.29166438920625 3.495660438651501 3.495660438958273
2.0900000000000007 -23.32532977358799 3.527538288514769 3.5275382888217095
2.080000000000001 -23.358997494857835 3.55987762936849 3.559877629675597
2.0700000000000007 -23.392667542792637 3.592687397367141 3.592687397674416
2.060000000000001 -23.426339907155427 3.625976746089072 3.625976746396512
2.0500000000000007 -23.460014577695404 3.659755052915582 3.6597550532231877
2.040000000000001 -23.493691544148074 3.6940319256294467 3.694031925937217
2.0300000000000007 -23.527370796235324 3.7288172092415115 3.7288172095494474
2.020000000000001 -23.56105232366543 3.7641209930544557 3.7641209933625546
2.010000000000001 -23.59473611613316 3.7999536179731495 3.7999536182814113
2.000000000000001 -23.628422163319854 3.836325684071531 3.8363256843799545
1.9900000000000009 -23.662110454893472 3.873248058426294 3.873248058734878
1.9800000000000009 -23.695800980508658 3.910731883228246 3.9107318835369917
1.9700000000000009 -23.729493729806848 3.948788584182607 3.948788584491512
1.9600000000000009 -23.76318869241627 3.987429879210069 3.987429879519133
1.9500000000000008 -23.79688585795208 4.026667787461021 4.0266677877702435
1.9400000000000008 -23.83058521601638 4.0665146386558435 4.0665146389652245
1.9300000000000008 -23.864286756198315 4.10698308276486 4.106983083074398
1.9200000000000008 -23.897990468074127 4.148086100042107 4.148086100351801
1.9100000000000008 -23.93169634120725 4.189837011427796 4.189837011737646
1.9000000000000008 -23.965404365148306 4.232249489335037 4.232249489645042
1.890000000000001 -23.99911452943526 4.275337568837104 4.275337569147263
1.880000000000001 -24.032826823593464 4.319115659272369 4.319115659582682
1.870000000000001 -24.066541237135667 4.363598556284794 4.363598556595258
1.860000000000001 -24.10025775956215 4.408801454318766 4.408801454629383
1.850000000000001 -24.13397638036077 4.454739959587999 4.4547399598987685
1.840000000000001 -24.167697089007046 4.501430103539135 4.501430103850055
1.830000000000001 -24.201419874964152 4.548888356831755 4.5488883571428245
1.820000000000001 -24.235144727683117 4.597131643857552 4.597131644168771
1.810000000000001 -24.268871636602736 4.64617735782257 4.6461773581339365
1.800000000000001 -24.3026005911498 4.69604337641758 4.696043376729094
1.790000000000001 -24.33633158073901 4.746748078102986 4.746748078414647
1.780000000000001 -24.37006459477317 4.798310359035929 4.798310359347737
1.770000000000001 -24.40379962264317 4.850749650668711 4.8507496509806645
1.760000000000001 -24.4375366537281 4.904085938049124 4.904085938361223
1.7500000000000009 -24.471275677395294 4.9583397788549 4.958339779167142
1.7400000000000009 -24.5050166830004 5.013532323196073 5.013532323508459
1.7300000000000009 -24.538759659887482 5.06968533422092 5.069685334533449
1.7200000000000009 -24.57250459738902 5.12682120956294 5.12682120987561
1.7100000000000009 -24.606251484826036 5.184963003668316 5.184963003981127
1.7000000000000008 -24.640000311508146 5.244134451045458 5.244134451358408
1.6900000000000008 -24.67375106673361 5.30435999048037 5.30435999079346
1.6800000000000008 -24.707503739789423 5.36566479026397 5.3656647905772
1.6700000000000008 -24.741258319951367 5.42807477448001 5.428074774793379
1.6600000000000008 -24.775014796484093 5.4916166504048345 5.491616650718341
1.6500000000000008 -24.808773158641152 5.556317937073057 5.556317937386699
1.640000000000001 -24.84253339566511 5.6222069950662075 5.622206995379987
1.630000000000001 -24.87629549678759 5.689313057584556 5.689313057898469
1.620000000000001 -24.910059451229344 5.757666262865648 5.757666263179696
1.610000000000001 -24.943825248200312 5.827297688016725 5.827297688330907
1.600000000000001 -24.97759287689971 5.898239384331894 5.8982393846462084
1.590000000000001 -25.011362326516068 5.970524414169011 5.970524414483458
1.580000000000001 -25.04513358622732 6.044186889465502 6.044186889780081
1.570000000000001 -25.078906645200867 6.119262011976877 6.1192620122915855
1.560000000000001 -25.112681492593648 6.1957861153265865 6.195786115641426
1.550000000000001 -25.146458117552168 6.273796708960992 6.273796709275961
1.540000000000001 -25.18023650921265 6.353332524108744 6.3533325244238394
1.530000000000001 -25.214016656701002 6.434433561849706 6.43443356216493
1.520000000000001 -25.24779854913296 6.517141143404839 6.51714114372019
1.510000000000001 -25.2815821756141 6.601497962765055 6.601497963080533
1.5000000000000009 -25.315367525239974 6.687548141784259 6.687548142099861
1.4900000000000009 -25.34915458709608 6.775337287869259 6.775337288184987
1.4800000000000009 -25.382943350258035 6.864912554407452 6.864912554723301
1.4700000000000009 -25.416733803791566 6.956322704081721 6.956322704397696
1.4600000000000009 -25.450525936752598 7.049618175231348 7.049618175547445
1.4500000000000008 -25.484319738187356 7.144851151427519 7.144851151743736
1.4400000000000008 -25.518115197132346 7.2420756344426485 7.2420756347589865
1.4300000000000008 -25.55191230261452 7.341347520804071 7.341347521120527
1.4200000000000008 -25.58571104365129 7.442724682134683 7.442724682451261
1.4100000000000008 -25.61951140925061 7.546267049496229 7.546267049812924
1.4000000000000008 -25.653313388411014 7.652036701964684 7.652036702281497
1.390000000000001 -25.687116970121732 7.760097959682253 7.7600979599991815
1.380000000000001 -25.720922143362717 7.870517481646379 7.870517481963424
1.370000000000001 -25.754728897104734 7.983364368513412 7.983364368830571
1.360000000000001 -25.78853722030942 8.098710270712962 8.098710271030239
1.350000000000001 -25.822347101929328 8.216629502188846 8.216629502506235
1.340000000000001 -25.856158530908054 8.33719916010373 8.337199160421232
1.330000000000001 -25.889971496180223 8.46049925086758 8.460499251185194
1.320000000000001 -25.923785986671636 8.5866128228746 8.586612823192324
1.310000000000001 -25.95760199129928 8.715626106359858 8.715626106677693
1.300000000000001 -25.991419498971414 8.847628660815488 8.847628661133434
1.290000000000001 -26.02523849858763 8.982713530436982 8.982713530755035
1.280000000000001 -26.05905897903893 9.120977408103464 9.120977408421624
1.270000000000001 -26.092880929207805 9.262520808431622 9.262520808749892
1.260000000000001 -26.126704337968253 9.407448250481629 9.407448250800007
1.2500000000000009 -26.160529194185916 9.555868450735272 9.555868451053755
1.2400000000000009 -26.19435548671805 9.707894527011621 9.707894527330208
1.2300000000000009 -26.22818320441371 9.863644214034565 9.863644214353254
1.2200000000000009 -26.26201233611373 10.023240091419282 10.023240091738076
1.2100000000000009 -26.295842870650805 10.186809824902188 10.186809825221085
1.2000000000000008 -26.329674796849588 10.354486421700827 10.354486422019825
1.1900000000000008 -26.36350810352673 10.526408500957661 10.526408501276762
1.1800000000000008 -26.397342779490945 10.702720580294608 10.702720580613807
1.1700000000000008 -26.43117881354309 10.883573379584666 10.883573379903968
1.1600000000000008 -26.465016194476235 11.069124143133005 11.069124143452402
1.1500000000000008 -26.498854911075707 11.259536981553785 11.259536981873278
1.140000000000001 -26.532694952119186 11.454983234730797 11.454983235050392
1.130000000000001 -26.56653630637675 11.655641857361212 11.6556418576809
1.120000000000001 -26.600378962610932 11.861699828702545 11.861699829022331
1.110000000000001 -26.634222909576827 12.07335258827514 12.073352588595018
1.100000000000001 -26.668068136022125 12.290804499416216 12.290804499736188
1.090000000000001 -26.701914630687178 12.51426934273904 12.514269343059105
1.080000000000001 -26.735762382305083 12.743970841722486 12.743970842042643
1.070000000000001 -26.769611379601724 12.980143222844438 12.980143223164687
1.060000000000001 -26.803461611295887 13.223031812878306 13.223031813198643
1.050000000000001 -26.837313066099274 13.47289367619743 13.47289367651786
1.040000000000001 -26.87116573271657 13.729998295179646 13.729998295500163
1.030000000000001 -26.90501959984557 13.994628297075607 13.99462829739621
1.0200000000000011 -26.938874656177184 14.267080231002856 14.26708023132355
1.0100000000000011 -26.97273089039551 14.547665399055454 14.547665399376228
1.000000000000001 -27.006588291177916 14.836710745879724 14.836710746200591
0.990000000000001 -27.04044684719515 15.134559811464534 15.134559811785481
0.980000000000001 -27.074306547111288 15.441573752332259 15.441573752653285
0.970000000000001 -27.108167379583932 15.758132436800738 15.758132437121855
0.9600000000000011 -27.142029333264173 16.084635620520565 16.084635620841762
0.9500000000000011 -27.175892396796762 16.42150420908285 16.42150420940413
0.9400000000000011 -27.209756558820036 16.769181615146913 16.769181615468273
0.930000000000001 -27.243621807966143 17.12813521826178 17.128135218583214
0.920000000000001 -27.277488132860956 17.498857936359407 17.498857936680928
0.910000000000001 -27.31135552212427 17.88186991879046 17.88186991911206
0.900000000000001 -27.345223964369787 18.277720371765525 18.277720372087195
0.890000000000001 -27.379093448205197 18.686989528169796 18.68698952849154
0.880000000000001 -27.412963962232283 19.11029077494971 19.11029077527154
0.870000000000001 -27.44683549504693 19.548272952643284 19.548272952965185
0.860000000000001 -27.48070803523923 20.00162284315956 20.00162284348153
0.850000000000001 -27.51458157139354 20.47106786362788 20.471067863949926
0.840000000000001 -27.548456092088543 20.957378986058067 20.95737898638018
0.8300000000000011 -27.5823315858973 21.46137390470603 21.461373905028214
0.8200000000000011 -27.616208041387356 21.9839204754569 21.98392047577916
0.810000000000001 -27.65008544712078 22.525940454255483 22.52594045457782
0.800000000000001 -27.683963791654218 23.088413564673345 23.088413564995744
0.790000000000001 -27.717843063538997 23.672381928151363 23.67238192847383
0.780000000000001 -27.751723251321156 24.27895489435071 24.27895489467324
0.770000000000001 -27.785604343541518 24.90931431344854 24.90931431377114
0.760000000000001 -27.819486328735795 25.564720297201195 25.56472029752386
0.750000000000001 -27.853369195434585 26.246517521253107 26.246517521575836
0.740000000000001 -27.887252932163488 26.95614212759505 26.956142127917847
0.730000000000001 -27.921137527443165 27.695129293385826 27.695129293708682
0.720000000000001 -27.955022969789418 28.465121540685367 28.46512154100829
0.7100000000000011 -27.9889092477132 29.267877871162245 29.26787787148523
0.7000000000000011 -28.02279634972074 30.10528382072269 30.10528382104573
0.6900000000000011 -28.05668426431359 30.97936254148104 30.97936254180414
0.680000000000001 -28.090572979988682 31.892287032811577 31.892287033134735
0.670000000000001 -28.1244624852384 32.846393659695075 32.8463936600183
0.660000000000001 -28.158352768550643 33.84419711556096 33.844197115884235
0.650000000000001 -28.192243818408897 34.88840700875671 34.88840700908005
0.640000000000001 -28.226135623292322 35.9819462771605 35.98194627748389
0.630000000000001 -28.260028171675746 37.127971664896826 37.12797166522027
0.620000000000001 -28.293921452029828 38.32989652934638 38.32989652966987
0.610000000000001 -28.32781545282105 39.59141628652882 39.591416286852365
0.600000000000001 -28.361710162511823 40.91653684952741 40.91653684985102
0.590000000000001 -28.395605569560516 42.309606469176124 42.309606469499776
0.5800000000000011 -28.429501662421565 43.77535145026714 43.77535145059085
0.5700000000000011 -28.46339842954553 45.31891629190438 45.31891629222813
0.560000000000001 -28.497295859379104 46.945908889573 46.9459088898968
0.550000000000001 -28.531193940365295 48.66245154175398 48.66245154207784
0.540000000000001 -28.565092660943346 50.47523862884123 50.47523862916512
0.530000000000001 -28.59899200954893 52.39160198083596 52.39160198115989
0.520000000000001 -28.63289197461414 54.41958512787752 54.4195851282015
0.510000000000001 -28.666792544567592 56.56802784040902 56.568027840733066
0.500000000000001 -28.700693707834464 58.84666262147741 58.84666262180149
0.49000000000000105 -28.734595452836576 61.26622512207263 61.266225122396754
0.48000000000000104 -28.768497767992464 63.838580823719305 63.83858082404347
0.47000000000000103 -28.80240064171743 66.57687078609277 66.57687078641696
0.460000000000001 -28.836304062423615 69.49567981063382 69.49567981095805
0.450000000000001 -28.870208018520053 72.61123104860293 72.61123104892722
0.440000000000001 -28.90411249841279 75.94161191515063 75.94161191547495
0.43000000000000105 -28.938017490504862 79.50703720006213 79.50703720038648
0.42000000000000104 -28.971922983196432 83.33015654276633 83.33015654309072
0.41000000000000103 -29.005828964884824 87.43641503126905 87.43641503159346
0.400000000000001 -29.039735423964572 91.8544776795805 91.85447767990496
0.390000000000001 -29.073642348827562 96.61673105099727 96.61673105132178
0.380000000000001 -29.10754972786302 101.75987847707337 101.7598784773979
0.37000000000000105 -29.1414575494576 107.32564937597715 107.32564937630171
0.36000000000000104 -29.175365801995454 113.36164836899013 113.36164836931471
0.35000000000000103 -29.209274473858297 119.92237659376558 119.92237659409021
0.340000000000001 -29.243183553425485 127.07046631135455 127.07046631167921
0.330000000000001 -29.277093029074067 134.8781812768074 134.8781812771321
0.320000000000001 -29.311002889178837 143.4292503234785 143.42925032380325
0.310000000000001 -29.344913122112427 152.82112149889002 152.82112149921477
0.30000000000000104 -29.378823716245382 163.1677507132353 163.16775071356005
0.29000000000000103 -29.412734659946175 174.60307481730703 174.6030748176318
0.280000000000001 -29.446645941581316 187.28536804365373 187.28536804397854
0.270000000000001 -29.48055754951541 201.40274823835804 201.40274823868285
0.260000000000001 -29.51446947211123 217.18019324111876 217.1801932414436
0.250000000000001 -29.548381697729745 234.8885599915706 234.88855999189545
0.240000000000001 -29.582294214730247 254.85628734645408 254.85628734677903
0.23000000000000098 -29.616207011470337 277.4847356102904 277.4847356106153
0.220000000000001 -29.650120076306077 303.26851411516407 303.26851411548904
0.210000000000001 -29.684033397591993 332.8227404833879 332.8227404837129
0.20000000000000098 -29.717946963681193 366.9200706596384 366.9200706599634
0.190000000000001 -29.751860762925382 406.54171725005136 406.54171725037634
0.180000000000001 -29.785774783674935 452.948837989737 452.948837990062
0.17000000000000098 -29.81968901427902 507.7841487028003 507.7841487031252
0.160000000000001 -29.853603443085586 573.2193214663212 573.2193214666461
0.150000000000001 -29.887518058441508 652.1733575113548 652.1733575116798
0.14000000000000098 -29.92143284869257 748.6438590891486 748.6438590894737
0.130000000000001 -29.95534780218362 868.22318990366 868.223189903985
0.120000000000001 -29.989262907258578 1018.9275941153685 1018.9275941156935
0.110000000000001 -30.023178152260517 1212.576526741247 1212.5765267415723
0.10000000000000099 -30.05709352553179 1467.1827762215687 1467.1827762218938
0.090000000000001 -30.091009015414034 1811.2978665779224 1811.297866578247
0.080000000000001 -30.12492461024834 2292.379819217367 2292.3798192176923
0.07000000000000099 -30.158840298375296 2994.077986058841 2994.077986059166
0.060000000000001004 -30.192756068135232 4075.21293993615 4075.212939936476
0.050000000000001 -30.226671907868475 5868.233679014969 5868.233679015296
0.040000000000001 -30.260587805915996 9169.021856732603 9169.021856732927
0.030000000000001 -30.29450375062107 16300.354332569637 16300.35433256996
0.020000000000001003 -30.32841973033549 36675.58992655899 36675.58992655932
