1e-15 0.18942671112590204 500 7.234973179291102e-48 1e-12 1.0
0.010000000000001 0.18942712227611416 500.1870632363534 7.236571559733833e-09 -2771.9883142417957 0.9999978608151726
0.020000000000001003 0.18942820670743074 500.18018915714447 5.789605860597392e-08 -2738.5010866129987 0.9999914427454278
0.030000000000001 0.1894300094726478 500.16867966508613 1.9539839893323343e-07 -2681.6260168831805 0.9999807462559291
0.040000000000001 0.18943253252793846 500.15254140334946 4.631602684548885e-07 -2601.579815555654 0.9999657715877357
0.050000000000001 0.1894357762215583 500.1317785507703 9.04592634250454e-07 -2498.441940868942 0.9999465191265742
0.060000000000001004 0.1894397406637169 500.10639372332025 1.5630988507988022e-06 -2372.2530641762078 0.999922989376077
0.07000000000000099 0.18944442590812854 500.07638884282613 2.482072757017457e-06 -2223.0391240264685 0.9998951829539258
0.080000000000001 0.18944983199224097 500.04176553468415 3.704896774136205e-06 -2050.819669344561 0.9998631005908549
0.090000000000001 0.18945595894915276 500.00252531709566 5.274940004490204e-06 -1855.6113821881763 0.9998267431302914
0.10000000000000099 0.18946280681188749 499.95866969830723 7.235556331345061e-06 -1637.4297670142612 0.9997861115281782
0.110000000000001 0.1894703756151515 499.91020023021406 9.630082519878811e-06 -1396.2900544083896 0.999741206852864
0.120000000000001 0.18947866539613542 499.85711853970656 1.2501836319451901e-05 -1132.207709269344 0.9996920302850165
0.130000000000001 0.18948767619491022 499.79942634792053 1.589411456729957e-05 -845.1987318105801 0.9996385831175421
0.14000000000000098 0.18949740805463597 499.73712548254946 1.9850191293782845e-05 -535.2798596911907 0.9995808667555088
0.150000000000001 0.18950786102167771 499.67021788598964 2.4413315829335424e-05 -202.4686859223017 0.9995188827160654
0.160000000000001 0.18951903514567242 499.5987056208816 2.9626710913244333e-05 153.21624292489275 0.999452632628357
0.17000000000000098 0.18953093047956907 499.52259087396897 3.553357080440253e-05 531.7553800658271 0.9993821182334375
0.180000000000001 0.18954354707965299 499.44187595883517 4.2177059394171845e-05 933.1281210061039 0.9993073413841743
0.190000000000001 0.18955688500556106 499.35656331787374 4.960030832149458e-05 1357.3127996885014 0.9992283040451502
0.20000000000000098 0.18957094432029106 499.26665552372054 5.7846415090392154e-05 1804.2866461668973 0.9991450082925584
0.210000000000001 0.1895857250902072 499.1721552803016 6.695844118998893e-05 2274.025764659629 0.9990574563140919
0.220000000000001 0.1896012273850434 499.0730654235993 7.697941021719929e-05 2766.5051406331486 0.9989656504088281
0.23000000000000098 0.18961745127790464 498.9693889222103 8.795230600221589e-05 3281.698621962716 0.9988695929871065
0.240000000000001 0.18963439684526748 498.86112887774465 9.992007073693647e-05 3819.5789283995928 0.9987692865704013
0.250000000000001 0.1896520641669795 498.74828852510325 0.00011292560310646685 4380.117626510733 0.9986647337911883
0.260000000000001 0.1896704533262582 498.6308712326606 0.00012701175642383696 4963.2851200219075 0.9985559373928055
0.270000000000001 0.18968956440968948 498.5088805023718 0.00014222133676806674 5569.0506870972895 0.9984429002293087
0.280000000000001 0.18970939750722562 498.3823199698191 0.00015859710112571835 6197.382439467995 0.9983256252653206
0.29000000000000103 0.18972995271218304 498.2511934042082 0.00017618175553607074 6848.247354784162 0.9982041155758749
0.30000000000000104 0.1897512301212399 498.11550470832435 0.0001950179532400523 7521.6112417734585 0.998078374346253
0.310000000000001 0.18977322983443326 497.97525791845334 0.000215148292833067 8217.438782541125 0.9979484048718177
0.320000000000001 0.18979595195515625 497.83045720427333 0.000236615316421849 8935.693486668542 0.9978142105578384
0.330000000000001 0.189819396590155 497.6811068687213 0.00025946150778548 9676.337746133995 0.9976757949193122
0.340000000000001 0.18984356384952542 497.5272113478376 0.00028372929054070394 10439.33280561189 0.9975331615807791
0.35000000000000103 0.18986845384670972 497.3687752105904 0.0003094610263116721 11224.638744419171 0.9973863142761307
0.36000000000000104 0.1898940666984931 497.2058031586833 0.00033669901290425263 12032.214536089963 0.9972352568484141
0.37000000000000105 0.18992040252499987 497.0383000263467 0.0003654854824850363 12862.018012179658 0.9970799932496298
0.380000000000001 0.18994746144968985 496.8662707801149 0.0003958625997651715 13714.005857079963 0.9969205275405242
0.390000000000001 0.18997524359935444 496.6897205185898 0.0004278724601891604 14588.133662337292 0.9967568638903752
0.400000000000001 0.19000374910411255 496.50865447219223 0.0004615570881287463 15484.35586567448 0.9965890065767745
0.41000000000000103 0.19003297809740646 496.32307800290175 0.0004969584350820244 16402.625802884562 0.9964169599854023
0.42000000000000104 0.1900629307159977 496.1329966039854 0.0005341183778779054 17342.895684164323 0.9962407286097966
0.43000000000000105 0.19009360709996248 495.9384158997161 0.0005730787168860618 18305.11661303168 0.9960603170511187
0.440000000000001 0.1901250073926874 495.73934164508097 0.0006138811742324858 19289.238584499642 0.9958757300179107
0.450000000000001 0.1901571317408647 495.53577972548027 0.0006565673920207873 20295.210511256755 0.9956869723258492
0.460000000000001 0.1901899802944877 495.3277361564171 0.0007011789305593605 21322.98017619596 0.9954940488974929
0.47000000000000103 0.1902235532068458 495.11521708317804 0.0007477572665945453 22372.494298036105 0.9952969647620246
0.48000000000000104 0.19025785063451978 494.8982287805054 0.0007963437915499115 23443.6984932796 0.9950957250549877
0.49000000000000105 0.1902928727373765 494.6767776522607 0.0008469798097717905 24536.537275125294 0.994890335018018
0.500000000000001 0.19032861967856393 494.4508702310801 0.0008997065367811813 25650.95411267612 0.9946807999985692
0.510000000000001 0.19036509162450582 494.22051317802186 0.0009545650975321543 26786.891387840362 0.9944671254496327
0.520000000000001 0.19040228874489634 493.9857132822056 0.001011596524676878 27944.29043619258 0.9942493169294535
0.530000000000001 0.19044021121269458 493.7464774604441 0.0010708417568373908 29123.091496160327 0.9940273801012395
0.540000000000001 0.19047885920411894 493.5028127568672 0.0011323416368842429 30323.233764012588 0.9938013207328656
0.550000000000001 0.19051823289864145 493.25472634253816 0.0011961369102221266 31544.655388438 0.9935711446965729
0.560000000000001 0.19055833247898193 493.002225515063 0.0012622682230826203 32787.293485909315 0.9933368579686626
0.5700000000000011 0.1905991581311021 492.7453176981918 0.001330776120824164 34051.08410788304 0.9930984666291837
0.5800000000000011 0.19064071004419944 492.4840104414135 0.001401701046239387 35335.96228231075 0.9928559768616171
0.590000000000001 0.19068298841070125 492.2183114195429 0.0014750833378699081 36641.862005394825 0.992609394952553
0.600000000000001 0.19072599342625815 491.94822843230094 0.001550963228328723 37968.71627958169 0.9923587272913637
0.610000000000001 0.19076972528973787 491.673769403888 0.001629380842630301 39316.45706292969 0.9921039803698716
0.620000000000001 0.19081418420321872 491.3949423825498 0.0017103761965285046 40685.01530734395 0.9918451607820113
0.630000000000001 0.190859370371983 491.11175554013704 0.0017939891948624488 42074.32096779348 0.9915822752234873
0.640000000000001 0.19090528400451034 490.8242171716578 0.001880259629910415 43484.303002082816 0.991315330491426
0.650000000000001 0.19095192531247085 490.53233569482313 0.0019692271797519347 44914.889368808945 0.9910443334840228
0.660000000000001 0.1909992945107182 490.23611964958644 0.002060931406638155 46366.00708854507 0.9907692912001851
0.670000000000001 0.19104739181728267 489.9355776976756 0.0021554117553705993 47837.58213854946 0.9904902107391684
0.680000000000001 0.1910962174533639 489.63071862211905 0.0022527075516884363 49329.53958310612 0.9902070993002098
0.6900000000000011 0.19114577164332372 489.3215513267647 0.0023528580006643646 50841.80348927112 0.9899199641821538
0.7000000000000011 0.19119605461467878 489.008084835793 0.0024559021851092264 52374.296980744584 0.9896288127830761
0.7100000000000011 0.19124706659809307 488.6903282932234 0.0025618790639854575 53926.942248741456 0.9893336525999002
0.720000000000001 0.19129880782737035 488.3682909624141 0.002670827470829483 55499.66052504562 0.9890344912280108
0.730000000000001 0.1913512785394465 488.0419822255559 0.002782786112183164 57092.37209960763 0.9887313363608605
0.740000000000001 0.19140447897438165 487.7114115831595 0.002897793566034406 58704.99638500449 0.9884241957895741
0.750000000000001 0.19145840937535233 487.3765886535366 0.0030158882802670266 60337.45181384036 0.9881130774025462
0.760000000000001 0.19151306998864343 487.0375231722752 0.003137108571119997 61989.65591912079 0.9877979891850348
0.770000000000001 0.19156846106364006 486.6942249917081 0.0032614926216561523 63661.525372840675 0.9874789392187504
0.780000000000001 0.19162458285281941 486.3467040803759 0.003389078480240477 65352.97589542312 0.9871559356814399
0.790000000000001 0.19168143561174228 485.9949705224837 0.0035199040590280697 67063.92237085011 0.9868289868464666
0.800000000000001 0.19173901959904466 485.6390345173519 0.0036540071324618804 68794.27875807545 0.9864981010823847
0.810000000000001 0.1917973350764292 485.27890637886105 0.003791425335780328 70543.95815852388 0.9861632868525101
0.8200000000000011 0.19185638230865654 484.9145965348908 0.003932196163534892 72312.87283913376 0.9858245527144861
0.8300000000000011 0.19191616156353644 484.5461155267531 0.004076356968117777 74100.93416059627 0.9854819073198449
0.840000000000001 0.191976673111919 484.1734740086195 0.0042239449582997446 75908.05265459773 0.9851353594135644
0.850000000000001 0.1920379172276855 483.7966827469428 0.0043749971977782185 77734.138014814 0.9847849178336209
0.860000000000001 0.1920998941877395 483.41575261987305 0.004529550603735737 79579.09910557675 0.9844305915105371
0.870000000000001 0.19216260427199744 483.0306946166678 0.0046876419454088694 81442.8439841894 0.9840723894669259
0.880000000000001 0.19222604776337932 482.6415198370969 0.004849307842667673 83325.27984082258 0.9837103208170297
0.890000000000001 0.1922902249477993 482.2482394908416 0.005014584764605789 85226.31310230165 0.9833443947662561
0.900000000000001 0.19235513611415614 481.85086489688854 0.005183509028141266 87145.84937344771 0.9829746206107082
0.910000000000001 0.19242078155432357 481.44940748291765 0.005356116796628195 89083.79348874913 0.9826010077367113
0.920000000000001 0.19248716156314039 481.04387878468543 0.0055324440784792605 91040.04947803455 0.9822235656203363
0.930000000000001 0.19255427643840067 480.63429044540237 0.005712526725799273 93014.52061567818 0.9818423038269172
0.9400000000000011 0.1926221264808438 480.2206542151053 0.005896400433029784 95007.10940323536 0.9814572320105655
0.9500000000000011 0.19269071199414428 479.8029819500245 0.0060841007356048655 97017.71757258502 0.9810683599136809
0.9600000000000011 0.1927600332849015 479.3812856119456 0.0062756630086181295 99046.24615646027 0.9806756973664574
0.970000000000001 0.1928300906626295 478.9555772675664 0.006471122465501086 101092.59542689346 0.9802792542863855
0.980000000000001 0.19290088443974648 478.5258690878487 0.0066705141567129055 103156.66484769886 0.9798790406777499
0.990000000000001 0.1929724149315643 478.0921733473649 0.006873872968441674 105238.35328683264 0.979475066631125
1.000000000000001 0.1930446824562777 477.65450242363977 0.007081233621317219 107337.55882661701 0.9790673423228647
1.0100000000000011 0.19311768733495366 477.21286879648744 0.007292630669135585 109454.17886559592 0.9786558780145892
1.0200000000000011 0.1931914298915204 476.7672850473433 0.007508098497595232 111588.11009747708 0.9782406840526678
1.030000000000001 0.19326591045275657 476.3177638585913 0.007727671323045035 113739.24854355352 0.9778217708676987
1.040000000000001 0.19334112934827993 475.8643180128863 0.007951383191244166 115907.48955011177 0.9773991489739836
1.050000000000001 0.19341708691053633 475.40696039247194 0.008179267976133915 118092.72780116237 0.976972828969
1.060000000000001 0.19349378347478824 474.9457039784938 0.008411359378621542 120294.85730892028 0.9765428215328692
1.070000000000001 0.1935712193791034 474.4805618503079 0.008647690925376213 122513.771437492 0.976109137427821
1.080000000000001 0.19364939496434333 474.01154718478483 0.008888295967637103 124749.36294646727 0.9756717874976548
1.090000000000001 0.19372831057415152 473.53867325560924 0.009133207680033738 127001.52391291398 0.9752307826671966
1.100000000000001 0.1938079665549418 473.061953432575 0.009382459059418617 129270.14584933908 0.9747861339417537
1.110000000000001 0.1938883632558865 472.58140118087624 0.009636082923712212 131555.11960598023 0.9743378524065652
1.120000000000001 0.19396950102890426 472.0970300603934 0.0098941119107604 133856.33549980618 0.973885949226249
1.130000000000001 0.19405138022864818 471.60885372497603 0.010156578477204381 136173.68317263035 0.9734304356442461
1.140000000000001 0.19413400121249352 471.11688592172044 0.010423514897363158 138507.051739358 0.9729713229822607
1.1500000000000008 0.19421736434052533 470.6211404902439 0.010694953262128624 140856.32974901848 0.9725086226396984
1.1600000000000008 0.1943014699755261 470.12163136195437 0.010970925477873348 143221.40515070484 0.9720423460930996
1.1700000000000008 0.19438631848296326 469.6183725593166 0.011251463265371076 145602.16536221313 0.9715725048955711
1.1800000000000008 0.1944719102309764 469.11137819511373 0.011536598158730035 147998.49727420966 0.9710991106762137
1.1900000000000008 0.19455824559036466 468.6006624717057 0.011826361504339099 150410.28720880064 0.970622175139547
1.2000000000000008 0.19464532493457384 468.0862396802829 0.012120784459826839 152837.42098029764 0.9701417100649312
1.2100000000000009 0.19473314863968336 467.5681242001172 0.012419897993033552 155279.78390962392 0.9696577273059863
1.2200000000000009 0.19482171708439322 467.0463304978081 0.012723732880996296 157737.2607838152 0.9691702387900073
1.2300000000000009 0.19491103065001086 466.5208731265261 0.013032319708946987 160209.73589857 0.9686792565173777
1.2400000000000009 0.19500108972043778 465.9917667252518 0.01334568886932361 162697.09310096753 0.9681847925609792
1.2500000000000009 0.19509189468215615 465.45902601801214 0.013663870560794603 165199.21573063024 0.9676868590655993
1.260000000000001 0.19518344592421533 464.9226658131124 0.013986894787296445 167715.98667760708 0.9671854682473355
1.270000000000001 0.1952757438382182 464.3827010023656 0.014314791357084494 170247.28832134156 0.9666806323929973
1.280000000000001 0.19536878881830738 463.8391465603176 0.014647589881797141 172793.00266516054 0.9661723638595051
1.290000000000001 0.19546258126115154 463.29201754346985 0.014985319775533306 175353.01126042503 0.9656606750732871
1.300000000000001 0.19555712156593125 462.7413290894982 0.015328010253943319 177927.1952171624 0.9651455785296728
1.310000000000001 0.195652410134325 462.1870964164688 0.01567569033333323 180515.43524442796 0.9646270867922839
1.320000000000001 0.19574844737049504 461.6293348220509 0.016028388829782608 183117.61164575507 0.9641052124924245
1.330000000000001 0.19584523368107312 461.0680596827265 0.016386134358275812 185733.6043179026 0.963579968328466
1.340000000000001 0.19594276947514597 460.50328645299714 0.016748955331846848 188363.29277249885 0.963051367065232
1.350000000000001 0.19604105516424092 459.9350306645875 0.017116879960737783 191006.5561519452 0.9625194215333793
1.360000000000001 0.1961400911623112 459.3633079256462 0.01748993625157079 193663.2732214849 0.9619841446287779
1.370000000000001 0.19623987788572134 458.78813391994424 0.017868152006533834 196333.32245237468 0.9614455493118873
1.380000000000001 0.19634041575323216 458.20952440606993 0.01825155482258005 199016.58185715458 0.9609036486071317
1.390000000000001 0.19644170518598597 457.6274952166216 0.01864017209064082 201712.9291999255 0.9603584556022726
1.4000000000000008 0.1965437466074915 457.04206225739756 0.01903403099485263 204422.24186144027 0.9598099834477793
1.4100000000000008 0.19664654044360869 456.4532415065836 0.019433158511797652 207144.3969577626 0.9592582453561971
1.4200000000000008 0.19675008712253347 455.8610490139378 0.019837581409758154 209879.27129345687 0.9587032546015135
1.4300000000000008 0.19685438707478237 455.26550089997306 0.020247326247984736 212626.74131689622 0.9581450245185235
1.4400000000000008 0.196959440733177 454.66661335513703 0.02066241937597841 215386.6832472213 0.9575835685021907
1.4500000000000008 0.19706524853282859 454.0644026389899 0.021082886932786545 218158.97304499286 0.9570189000070091
1.4600000000000009 0.1971718109111221 453.4588850793801 0.02150875484631273 220943.48632847832 0.9564510325463603
1.4700000000000009 0.19727912830770053 452.8500770716172 0.02194004883264053 223740.0985403324 0.9558799796918722
1.4800000000000009 0.19738720116444905 452.2379950776434 0.022376794395371193 226548.68481717393 0.9553057550727724
1.4900000000000009 0.19749602992547885 451.62265562520247 0.022819016824975297 229369.1200730987 0.9547283723752424
1.5000000000000009 0.1976056150371111 451.00407530700676 0.023266741198158383 232201.27901242924 0.9541478453417693
1.510000000000001 0.19771595694786068 450.3822707799025 0.023719992377240557 235045.03609120348 0.9535641877704958
1.520000000000001 0.1978270561084198 449.75725876403294 0.024178795009550117 237900.26559232338 0.9529774135145685
1.530000000000001 0.19793891297164168 449.1290560419997 0.024643173526831166 240766.84162521135 0.9523875364814853
1.540000000000001 0.19805152799252382 448.4976794580227 0.025113152144665266 243644.63801605825 0.9517945706324407
1.550000000000001 0.19816490162819145 447.8631459170976 0.025588754861907117 246533.5285184446 0.9511985299816696
1.560000000000001 0.1982790343378807 447.2254723841528 0.026070005460134302 249433.38663950018 0.9505994285957907
1.570000000000001 0.1983939265829217 446.58467588320366 0.02655692750311106 252344.0857992006 0.9499972805931471
1.580000000000001 0.19850957882672174 445.940773496506 0.027049544336266128 255265.4991931464 0.9493921001431469
1.590000000000001 0.19862599153474797 445.29378236370786 0.02754787908618465 258197.49991219956 0.9487839014656018
1.600000000000001 0.19874316517451032 444.643719681 0.028051954660114158 261139.96092169193 0.9481726988300644
1.610000000000001 0.1988611002155442 443.9906027002648 0.028561793745484603 264092.7550766283 0.9475585065551656
1.620000000000001 0.19897979712939304 443.3344487282243 0.029077418809442493 267055.75510580145 0.946941339007949
1.630000000000001 0.19909925638959078 442.6752751255868 0.029598852098399075 270028.8336535684 0.9463212106032055
1.640000000000001 0.19921947847164426 442.01309930619226 0.030126115637592606 273011.8632408899 0.945698135802807
1.6500000000000008 0.19934046385301554 441.34793873615695 0.030659231230664684 276004.7163598906 0.9450721291150381
1.6600000000000008 0.199462213013104 440.6798109330167 0.03119822045925065 279007.2653726047 0.9444432050939281
1.6700000000000008 0.19958472643322836 440.0087334648696 0.03174310468258406 282019.382635241 0.9438113783385811
1.6800000000000008 0.19970800459660878 439.33472394951735 0.03229390503711519 285040.940408257 0.9431766634925058
1.6900000000000008 0.19983204798834858 438.6578000536064 0.03285064243614363 288071.8109586102 0.9425390752429449
1.7000000000000008 0.19995685709541605 437.97797949176766 0.033413337569464845 291111.86645974015 0.9418986283202025
1.7100000000000009 0.2000824324066261 437.2952800257559 0.03398201090303088 294160.97906470066 0.9412553374969725
1.7200000000000009 0.20020877441262172 436.60971946358876 0.03455668267862497 297219.02099005604 0.940609217587665
1.7300000000000009 0.20033588360585555 435.9213156586845 0.03513737291355022 300285.86435957183 0.9399602834477324
1.7400000000000009 0.20046376048057107 435.23008650899976 0.035724101400332275 303361.38134376705 0.9393085499729958
1.7500000000000009 0.20059240553278396 434.5360499561669 0.036316887706435944 306445.4440863475 0.93865403209897
1.760000000000001 0.20072181926026308 433.8392239846306 0.03691575117399583 309537.9248570967 0.9379967448001877
1.770000000000001 0.20085200216251164 433.13962662078444 0.03752071091956084 312638.69581038225 0.937336703089525
1.780000000000001 0.200982954740748 432.43727593210696 0.038131785833852724 315747.6292377038 0.9366739220175246
1.790000000000001 0.20111467749788658 431.73219002629787 0.038748994581538417 318864.59747473744 0.9360084166717201
1.800000000000001 0.20124717093851852 431.02438705041385 0.03937235560101633 321989.4728666092 0.9353402021759587
1.810000000000001 0.2013804355688923 430.31388519000427 0.04000188710421651 325122.1278846398 0.9346692936897256
1.820000000000001 0.20151447189689425 429.600702668247 0.04063760707641461 328262.4350118172 0.9339957064074658
1.830000000000001 0.20164928043202898 428.8848577450842 0.041279533276059724 331410.26691697806 0.9333194555579081
1.840000000000001 0.2017848616853997 428.1663687163584 0.04192768323461597 334565.4962129168 0.9326405564033873
1.850000000000001 0.20192121616968833 427.4452539129484 0.04258207425641789 337727.9957929946 0.9319590242391673
1.860000000000001 0.20205834439913578 426.72153169990554 0.043242723418539526 340897.6385436833 0.9312748743927639
1.870000000000001 0.20219624688952176 425.9952204755906 0.043909647570677286 344074.2975117485 0.9305881222232675
1.880000000000001 0.20233492415814486 425.2663386708104 0.04458286333504644 347257.84585506143 0.9298987831206663
1.890000000000001 0.20247437672380222 424.5349047479553 0.045262387106291276 350448.1568794114 0.9292068725051694
1.9000000000000008 0.20261460510676935 423.80093720013696 0.04594823505140888 353645.10398767516 0.9285124058265298
1.9100000000000008 0.20275560982877966 423.0644545503268 0.046640423109686524 356848.56085885636 0.9278153985633684
1.9200000000000008 0.202897391413004 422.3254753504948 0.04733896699265256 360058.40125250386 0.9271158662224972
1.9300000000000008 0.20303995038403008 421.58401818074907 0.04804388218404086 363274.4991187639 0.9264138243382443
1.9400000000000008 0.20318328726784177 420.8401016484761 0.048755183939768756 366496.72858035006 0.9257092884717774
1.9500000000000008 0.20332740259179827 420.0937443874819 0.04947288728792835 369724.96389523946 0.9250022742104294
1.9600000000000009 0.20347229688461332 419.34496505713366 0.05019700702879132 372959.07962186576 0.9242927971670234
1.9700000000000009 0.20361797067633416 418.59378234150273 0.05092755773482702 376198.95046285284 0.9235808729791987
1.9800000000000009 0.2037644244983205 417.84021494850793 0.051664553750733914 379444.4513152737 0.922866517308737
1.9900000000000009 0.20391165888322324 417.08428160906055 0.05240800919348435 382695.4573338931 0.9221497458408898
2.000000000000001 0.2040596743649633 416.32600107620976 0.05315793795238248 385951.84396569023 0.9214305742837056
2.010000000000001 0.20420847147871027 415.56539212428964 0.05391435368913542 389213.48678707384 0.9207090183673577
2.020000000000001 0.20435805076086083 414.802473548067 0.05467726983793758 392480.26167333795 0.9199850938434746
2.0300000000000007 0.20450841274901735 414.0372641618906 0.05544669960556806 395752.04468240135 0.9192588164844682
2.040000000000001 0.2046595579819661 413.26978279884173 0.056222655971501126 399028.71229329985 0.9185302020828652
2.0500000000000007 0.20481148699965562 412.5000483098859 0.057005151688029644 402310.1410391004 0.917799266450638
2.060000000000001 0.20496420034317475 411.72807956302614 0.057794199280401554 405596.2079144152 0.9170660254185374
2.0700000000000007 0.20511769855473083 410.9538954424575 0.05858981104696918 408886.79009545676 0.9163304948354255
2.080000000000001 0.2052719821776276 410.17751484772333 0.059391999059351414 412181.76512570976 0.9155926905676096
2.0900000000000007 0.2054270517562431 409.3989566928729 0.060200775162608744 415481.01076198835 0.9148526284981777
2.100000000000001 0.20558290783600744 408.6182399056208 0.06101615097543098 418784.40512473055 0.9141103245263348
2.1100000000000008 0.20573955096338056 407.8353834265078 0.06183813789033768 422091.8265808281 0.9133657945667394
2.120000000000001 0.20589698168582973 407.0504062080638 0.06266674707389128 425403.15394072916 0.912619054548843
2.130000000000001 0.20605520055180718 406.263327213972 0.06350198946692272 428718.26622223895 0.9118701204162284
2.140000000000001 0.20621420811072744 405.4741654182354 0.06434387578476966 432037.0428628637 0.9111190081259519
2.150000000000001 0.2063740049129447 404.68293980434487 0.06519241651752718 435359.36359932093 0.9103657336478842
2.160000000000001 0.20653459150973008 403.88966936444956 0.06604762193031082 438685.1085391628 0.9096103129640539
2.170000000000001 0.20669596845324872 403.0943730985286 0.06690950206353201 442014.1580960401 0.9088527620679929
2.180000000000001 0.20685813629653696 402.29707001356553 0.06777806673318586 445346.393073649 0.9080930969640815
2.190000000000001 0.20702109559347917 401.4977791227246 0.06865332553115103 448681.69474967476 0.9073313336668962
2.200000000000001 0.20718484689878475 400.69651944452886 0.06953528782550192 452019.94462408335 0.9065674882005589
2.210000000000001 0.20734939076796488 399.8933100020411 0.07042396276083286 455361.02466865507 0.9058015765980865
2.220000000000001 0.20751472775730925 399.08816982204655 0.07131935925859442 458704.817167677 0.9050336149007435
2.230000000000001 0.20768085842386275 398.28111793423784 0.07222148601744159 462051.20489843434 0.9042636191573953
2.240000000000001 0.20784778332540185 397.4721733704028 0.07313035151359398 465400.0709602753 0.9034916054238629
2.250000000000001 0.20801550302041127 396.66135516361413 0.0740459640012078 468751.2989552161 0.9027175897622799
2.260000000000001 0.20818401806806017 395.8486823474218 0.07496833151275964 472104.7727949763 0.901941588240451
2.270000000000001 0.20835332902817855 395.0341739550479 0.07589746185944193 475460.3769361418 0.9011636169312116
2.2800000000000007 0.20852343646123336 394.21784901858393 0.07683336263157006 478817.99611582304 0.9003836919117902
2.290000000000001 0.20869434092830477 393.399726568191 0.07777604119900107 482177.5156440814 0.8996018292631717
2.3000000000000007 0.20886604299106204 392.5798256313021 0.07872550471156382 485538.82118442876 0.8988180450694626
2.310000000000001 0.20903854321173956 391.7581652318278 0.0796817600995006 488901.7988693491 0.8980323554172592
2.3200000000000007 0.20921184215311273 390.93476438936386 0.08064481407392007 492266.33528945665 0.8972447763950159
2.330000000000001 0.20938594037847374 390.1096421184026 0.08161467312726152 495632.3174814491 0.8964553240924166
2.3400000000000007 0.20956083845160728 389.28281742754604 0.08259134353377028 498999.6329752105 0.895664014599748
2.350000000000001 0.20973653693676614 388.45430931872284 0.08357483134998434 502368.16976276954 0.8948708640072746
2.3600000000000008 0.20991303639864684 387.6241367864075 0.08456514241523194 505737.8162815652 0.8940758884046158
2.370000000000001 0.21009033740236502 386.7923188168431 0.08556228235214024 509108.46144524775 0.8932791038801254
2.380000000000001 0.2102684405134309 385.95887438726635 0.08656625656715472 512479.9947463219 0.8924805265202724
2.390000000000001 0.2104473462977246 385.1238224651366 0.08757707025106967 515852.3060360356 0.8916801724090249
2.400000000000001 0.21062705532147127 384.28718200736705 0.08859472837956917 519225.2857129908 0.8908780576272355
2.410000000000001 0.21080756815121637 383.44897195955986 0.08961923571377887 522598.8247964356 0.8900741982520296
2.420000000000001 0.21098888535380078 382.6092112552439 0.0906505968008284 525972.8146316048 0.8892686103561948
2.430000000000001 0.2111710074963357 381.767918815116 0.09168881597442417 529347.1471705132 0.8884613100075738
2.440000000000001 0.21135393514617762 380.92511354628556 0.09273389735543269 532721.7148531071 0.8876523132684588
2.450000000000001 0.21153766887090328 380.08081434152217 0.0937858448524742 536096.410667109 0.8868416361949888
2.460000000000001 0.2117222092382844 379.235040078507 0.09484466216252656 539471.1281616504 0.8860292948365486
2.470000000000001 0.21190755681626228 378.3878096190871 0.09591035277153938 542845.7612909381 0.8852153052351708
2.480000000000001 0.2120937121729227 377.5391418085337 0.0969829199550582 546220.2046572651 0.8843996834249401
2.490000000000001 0.21228067587647023 376.6890554748037 0.09806236677885868 549594.3533810421 0.8835824454313999
2.500000000000001 0.21246844849520294 375.8375694278044 0.09914869609959077 552968.1030848167 0.8827636072709609
2.510000000000001 0.2126570305974867 374.9847024586624 0.10024191056543269 556341.3500308583 0.8819431849503142
2.520000000000001 0.21284642275172963 374.1304733389957 0.10134201261675466 559713.990975784 0.8811211944658441
2.5300000000000007 0.21303662552635635 373.2749008201897 0.10244900448679238 563085.923189566 0.8802976518030456
2.540000000000001 0.2132276394897822 372.41800363267646 0.10356288820233003 566457.0445821785 0.8794725729359438
2.5500000000000007 0.21341946521038746 371.55980048521815 0.10468366558439282 569827.2536233702 0.8786459738265162
2.560000000000001 0.21361210325649138 370.70031006419396 0.10581133824894887 573196.4493663057 0.8778178704241166
2.5700000000000007 0.21380555419632624 369.83955103289105 0.10694590760762056 576564.5313369995 0.8769882786649039
2.580000000000001 0.21399981859801132 368.9775420307991 0.108087374868405 579931.3997617896 0.8761572144712713
2.5900000000000007 0.21419489702952677 368.1143016729087 0.10923574103640372 583296.955404204 0.8753246937512792
2.600000000000001 0.21439079005868747 367.249848549014 0.11039100691456138 586661.0996239561 0.8744907323980916
2.6100000000000008 0.21458749825311682 366.3842012230189 0.11155317310441347 590023.734297625 0.8736553462894142
2.620000000000001 0.2147850221802204 365.5173782322474 0.1127222400068429 593384.7620144853 0.8728185512869359
2.630000000000001 0.21498336240715965 364.64939808675786 0.11389820782284539 596744.0859108951 0.8719803632357728
2.640000000000001 0.21518251950082548 363.78027926866156 0.1150810765543035 600101.6097217969 0.8711407979639157
2.650000000000001 0.21538249402781173 362.910040231445 0.11627084600476935 603457.2377257185 0.8702998712816798
2.660000000000001 0.21558328655438874 362.0386993992965 0.11746751578025583 606810.8749291962 0.869457598981158
2.670000000000001 0.21578489764647665 361.1662751664368 0.11867108529003617 610162.426837039 0.8686139968356765
2.680000000000001 0.21598732786961886 360.29278589645406 0.11988155374745199 613511.799636058 0.8677690805992542
2.690000000000001 0.21619057778895523 359.4182499216429 0.1210989201707294 616858.9001639463 0.8669228660060637
2.700000000000001 0.21639464796919541 358.54268554234756 0.12232318338380342 620203.6357579029 0.8660753687698977
2.710000000000001 0.21659953897459197 357.66611102630964 0.12355434201715032 623545.914499985 0.8652266045836357
2.720000000000001 0.21680525136891354 356.78854460801995 0.12479239450862804 626885.6450306086 0.8643765891187161
2.730000000000001 0.21701178571541793 355.91000448807455 0.12603733910432435 630222.7366321677 0.8635253380246097
2.740000000000001 0.21721914257682506 355.0305088325354 0.12728917385941288 633557.0992312087 0.8626728669282979
2.750000000000001 0.21742732251529004 354.1500757722953 0.12854789663901675 636888.6433575375 0.8618191914337523
2.760000000000001 0.21763632609237607 353.268723402447 0.12981350511907988 640217.2801908768 0.8609643271214189
2.770000000000001 0.21784615386902723 352.38646978165735 0.13108599678724564 643542.921588755 0.860108289547705
2.7800000000000007 0.21805680640554143 351.5033329315453 0.13236536894374304 646865.480036452 0.8592510942444694
2.790000000000001 0.21826828426154307 350.6193308360645 0.1336516187022801 650184.8686129042 0.8583927567185152
2.8000000000000007 0.21848058799595588 349.7344814408907 0.13494474299094447 653501.0010966839 0.8575332924510871
2.810000000000001 0.2186937181669755 348.8488026528136 0.13624473855311117 656813.7918670044 0.8566727168973709
2.8200000000000007 0.2189076753320422 347.96231233913306 0.13755160194835725 660123.1560405409 0.8558110454859965
2.830000000000001 0.21912246004781338 347.07502832706007 0.13886532955338346 663429.0092478836 0.854948293618545
2.8400000000000007 0.2193380728701362 346.1869684031223 0.14018591756294266 666731.2679110613 0.854084476669058
2.850000000000001 0.21955451435402004 345.29815031257436 0.14151336199077497 670029.8490522152 0.853219609983551
2.8600000000000008 0.21977178505360898 344.4085917588126 0.14284765867054955 673324.6703504781 0.8523537088795299
2.870000000000001 0.21998988552215423 343.51831040279455 0.14418880325681285 676615.6501156412 0.8514867886455112
2.880000000000001 0.22020881631198647 342.6273238624635 0.14553679122594335 679902.7073834102 0.850618864540545
2.890000000000001 0.22042857797448823 341.73564971217723 0.14689161787711255 683185.7617736508 0.8497499517937421
2.900000000000001 0.22064917106006618 340.84330548214166 0.14825327833325225 686464.733648339 0.848880065603804
2.910000000000001 0.2208705961181234 339.9503086578496 0.14962176754202794 689739.543991264 0.8480092211385567
2.920000000000001 0.22109285369703163 339.05667667952383 0.15099708027681813 693010.1144672408 0.847137433534488
2.930000000000001 0.22131594434410337 338.16242694156546 0.15237921113769984 696276.3674063829 0.8462647178962881
2.940000000000001 0.22153986860556416 337.26757679200665 0.15376815455243958 699538.2258119452 0.8453910892963936
2.950000000000001 0.22176462702652464 336.3721435319684 0.15516390477749048 702795.6133306536 0.8445165627745357
2.960000000000001 0.22199022015095266 335.4761444151234 0.15656645589899462 706048.4543346472 0.8436411533372905
2.970000000000001 0.2222166485216453 334.57959664716327 0.15797580183379129 709296.6738317728 0.8427648759576349
2.980000000000001 0.22244391268020097 333.68251738527135 0.1593919363304304 712540.1975409195 0.8418877455745044
2.990000000000001 0.22267201316699137 332.78492373759985 0.1608148529701914 715778.9517647892 0.841009777092355
3.000000000000001 0.22290095052113346 331.88683276275214 0.16224454516810746 719012.8635755609 0.8401309853807291
3.010000000000001 0.22313072528046138 330.98826146927007 0.16368100617399453 722241.8607399483 0.8392513852738237
3.020000000000001 0.22336133798149846 330.08922681512615 0.1651242290734858 725465.8715980866 0.8383709915700648
3.0300000000000007 0.22359278915942898 329.18974570722077 0.16657420678907098 728684.8251749341 0.8374898190316823
3.040000000000001 0.22382507934807017 328.28983500088435 0.16803093208114023 731898.6513307769 0.8366078823842906
3.0500000000000007 0.22405820907984392 327.38951149938464 0.16949439754903314 735107.2804482183 0.8357251963164728
3.060000000000001 0.22429217888574868 326.48879195343875 0.17096459563209226 738310.643618562 0.834841775479367
3.0700000000000007 0.2245269892953313 325.5876930607306 0.17244151861072107 741508.672658004 0.8339576344862583
3.080000000000001 0.22476264083665867 324.68623146543314 0.1739251586074465 744701.3000249701 0.833072787912173
3.0900000000000007 0.22499913403628963 323.7844237577357 0.17541550758798585 747888.4588566577 0.8321872502934773
3.100000000000001 0.22523646941924658 322.8822864733764 0.17691255736231795 751070.0830172199 0.8313010361274794
3.1100000000000008 0.2254746475089873 321.9798360931797 0.17841629958575836 754246.1070286507 0.8304141598720353
3.120000000000001 0.2257136688273766 321.07708904259914 0.17992672576003882 757416.4659877694 0.8295266359451582
3.130000000000001 0.22595353389465803 320.1740616912648 0.18144382723439054 760581.0958866948 0.8286384787246324
3.140000000000001 0.22619424322942555 319.2707703525362 0.18296759520663142 763739.9331856493 0.8277497025476297
3.150000000000001 0.22643579734859523 318.3672312830604 0.18449802072425697 766892.9151690941 0.8268603217103309
3.160000000000001 0.2266781967673768 317.46346068233476 0.18603509468553506 770039.9797299925 0.8259703504675497
3.170000000000001 0.2269214419992454 316.5594746922754 0.187578807840604 773181.0654551391 0.8250798030323618
3.180000000000001 0.2271655335559132 315.6552893967904 0.18912915079257436 776316.1116248661 0.8241886935757362
3.190000000000001 0.22741047194730094 314.7509208213584 0.19068611399863408 779445.0581622971 0.8232970362261718
3.200000000000001 0.22765625768150957 313.8463849326121 0.19224968777115672 782567.8457563666 0.8224048450693369
3.210000000000001 0.2279028912647919 312.9416976379273 0.19381986227881312 785684.4156764537 0.8215121341477127
3.220000000000001 0.22815037320152423 312.0368747850165 0.19539662754768602 788794.7098854001 0.8206189174602405
3.230000000000001 0.2283987039941778 311.1319321615285 0.19697997346238783 791898.6711153382 0.8197252089619729
3.240000000000001 0.22864788414329057 310.2268854946523 0.198569889767181 794996.2426452234 0.8188310225637285
3.250000000000001 0.22889791414743865 309.3217504507271 0.20016636606710164 798087.3685149212 0.8179363721317516
3.260000000000001 0.229148794503208 308.41654263485646 0.20176939182908538 801171.9933744303 0.8170412714873732
3.270000000000001 0.22940052570516595 307.5112775905285 0.20337895638309617 804250.0626319145 0.8161457344066787
3.2800000000000007 0.22965310824583285 306.60597079924094 0.2049950489232576 807321.522251328 0.8152497746201773
3.290000000000001 0.2299065426156536 305.7006376801313 0.20661765850898636 810386.3189937477 0.8143534058124767
3.3000000000000007 0.23016082930296933 304.79529358961247 0.20824677406612843 813444.4002464014 0.8134566416219605
3.310000000000001 0.2304159687939889 303.8899538210132 0.2098823843880972 816495.7140308071 0.81255949564047
3.3200000000000007 0.23067196157276057 302.9846336042241 0.21152447813701383 819540.2090796379 0.8116619814129901
3.330000000000001 0.23092880812114366 302.0793481053486 0.21317304384484978 822577.8347608288 0.8107641124373381
3.3400000000000007 0.23118650891878006 301.1741124263592 0.2148280699145711 825608.5410914432 0.8098659021638577
3.350000000000001 0.23144506444306592 300.2689416047591 0.21648954462128475 828632.2788636521 0.8089673639951152
3.3600000000000008 0.23170447516912332 299.36385061324853 0.21815745611338666 831648.9993740139 0.8080685112856014
3.370000000000001 0.2319647415697719 298.4588543593968 0.21983179241371137 834658.6546919831 0.8071693573414358
3.380000000000001 0.23222586411550047 297.5539676853194 0.2215125414206834 837661.1975242146 0.806269915420075
3.390000000000001 0.2324878432744388 296.6492053673598 0.22319969090947006 840656.5812635381 0.8053701987300261
3.400000000000001 0.23275067951232925 295.74458211577746 0.22489322853313565 843644.759909489 0.8044702204305622
3.410000000000001 0.23301437329249847 294.84011257443996 0.226593141823797 846625.6880578953 0.8035699936314427
3.420000000000001 0.23327892507582915 293.93581132052094 0.22829941819378025 849599.3211360832 0.8026695313926379
3.430000000000001 0.23354433532073177 293.031692864203 0.23001204493677876 852565.6150676947 0.801768846724056
3.440000000000001 0.23381060448311636 292.12777164838593 0.2317310092290121 855524.526535208 0.8008679525852758
3.450000000000001 0.23407773301636434 291.2240620483998 0.23345629813038588 858476.0127811402 0.7999668618852811
3.460000000000001 0.23434572137130022 290.3205783717236 0.2351878985856526 861420.0317340583 0.7990655874822016
3.470000000000001 0.23461456999616354 289.4173348577088 0.2369257974255732 864356.5419840704 0.7981641421830544
3.480000000000001 0.23488427933658068 288.514345677308 0.2386699813680794 867285.502752513 0.7972625387434928
3.490000000000001 0.23515484983553678 287.61162493280887 0.24042043701943647 870206.8738958879 0.7963607898675558
3.500000000000001 0.23542628193334755 286.7091866575733 0.24217715087540664 873120.6159117336 0.7954589082074236
3.510000000000001 0.2356985760676314 285.80704481578147 0.24394010932241303 876026.6899281247 0.7945569063631761
3.520000000000001 0.2359717326732812 284.9052133021811 0.24570929863870372 878925.0577379867 0.7936547968825551
3.5300000000000007 0.23624575218243646 284.00370594184193 0.24748470499551625 881815.6817343854 0.7927525922607308
3.540000000000001 0.2365206350244552 283.1025364899151 0.2492663144582422 884698.524977555 0.7918503049400711
3.5500000000000007 0.23679638162588615 282.20171863139797 0.25105411298759195 887573.5511397416 0.7909479473099168
3.560000000000001 0.2370729924104408 281.3012659809035 0.2528480864407594 890440.724485942 0.7900455317063575
3.5700000000000007 0.23735046779896551 280.4011920824353 0.25464822057258657 893300.0099438286 0.7891430704120144
3.580000000000001 0.23762880820941373 279.5015104091671 0.25645450103672807 896151.373066329 0.7882405756558253
3.5900000000000007 0.23790801405681816 278.6022343632282 0.25826691338681546 898994.7800195393 0.7873380596128329
3.600000000000001 0.23818808575326306 277.70337727549276 0.26008544307762105 901830.1976083999 0.7864355344039783
3.6100000000000008 0.23846902370785644 276.8049524053751 0.2619100754662215 904657.5932197138 0.7855330120958974
3.620000000000001 0.23875082832670255 275.90697294062966 0.2637407958131609 907476.9348416025 0.7846305047007212
3.630000000000001 0.2390335000128741 275.0094519971559 0.26557758928361297 910288.1911300253 0.78372802417588
3.640000000000001 0.23931703916638475 274.11240261880835 0.2674204409485431 913091.331260846 0.782825582423911
3.650000000000001 0.23960144618416157 273.2158377772115 0.26926933578586953 915886.3250929575 0.7819231912922702
3.660000000000001 0.23988672146001758 272.3197703715798 0.2711242586816234 918673.1430953145 0.7810208625731476
3.670000000000001 0.24017286538462426 271.4242132285426 0.27298519443110814 921451.7562746248 0.7801186080032867
3.680000000000001 0.24045987834548416 270.5291791019738 0.27485212774005824 924222.136274028 0.7792164392638065
3.690000000000001 0.24074776072690357 269.63468067282673 0.27672504322579616 926984.2553124197 0.7783143679800284
3.700000000000001 0.24103651290996528 268.7407305489739 0.278603925418389 929738.0862110251 0.777412405721307
3.710000000000001 0.24132613527250124 267.8473412650514 0.2804887587618034 932483.6024246061 0.7765105640008632
3.720000000000001 0.24161662818906546 266.95452528230857 0.28237952761505924 935220.7779180208 0.7756088542756221
3.730000000000001 0.24190799203090685 266.0622949884621 0.2842762162533824 937949.587261464 0.7747072879460544
3.740000000000001 0.24220022716594217 265.1706626975554 0.2861788088693555 940670.0056389811 0.7738058763560215
3.750000000000001 0.242493333958729 264.2796406498224 0.2880872895740676 943382.0088010377 0.7729046307926236
3.760000000000001 0.24278731277043877 263.38924101155663 0.29000164239826215 946085.573034084 0.7720035624860525
3.770000000000001 0.2430821639588299 262.4994758749847 0.29192185129348336 948780.6752596317 0.7711026826094474
3.7800000000000007 0.24337788787822093 261.6103572581446 0.2938479001332207 951467.292888171 0.770202002278754
3.790000000000001 0.2436744848794638 260.72189710476914 0.2957797727140518 954145.4039743922 0.7693015325525883
3.8000000000000007 0.24397195530991708 259.83410728417374 0.2977174527567836 956814.9871179734 0.768401284432103
3.810000000000001 0.2442702995134194 258.9469995911491 0.29966092390759097 959476.021468244 0.7675012688608578
3.8200000000000007 0.2445695178302628 258.06058574585853 0.3016101697391542 962128.4867230469 0.7666014967246937
3.830000000000001 0.24486961059716628 257.1748773937401 0.30356517375179376 964772.3631279833 0.7657019788516101
3.8400000000000007 0.24517057814724935 256.28988610541325 0.3055259193746031 967407.6315097429 0.764802726011646
3.850000000000001 0.24547242081000564 255.4056233765904 0.30749238996657946 970034.2732808647 0.7639037489167647
3.8600000000000008 0.24577513891127664 254.52210062799267 0.30946456881775214 972652.270258857 0.7630050582207419
3.870000000000001 0.24607873277322542 253.6393292052707 0.31144243915030845 975261.6048608021 0.7621066645190575
3.880000000000001 0.24638320271431055 252.75732037892993 0.31342598411971745 977862.2601677481 0.7612085783487904
3.890000000000001 0.24668854904925996 251.8760853442602 0.315415186815851 980454.2196643281 0.7603108101885176
3.900000000000001 0.246994772089045 250.99563522127025 0.3174100302641025 983037.4673459455 0.7594133704582163
3.910000000000001 0.24730187214085447 250.11598105462662 0.3194104974265028 985611.9878921171 0.7585162695191692
3.920000000000001 0.2476098495080688 249.23713381359693 0.32141657120283346 988177.766355664 0.7576195176738736
3.930000000000001 0.2479187044902343 248.35910439199782 0.32342823443173757 990734.7883482946 0.7567231251659546
3.940000000000001 0.2482284373830374 247.48190360814726 0.32544546989182743 993283.0400415262 0.7558271021800804
3.950000000000001 0.2485390484782792 246.60554220482138 0.3274682603027895 995822.5081543474 0.7549314588418815
3.960000000000001 0.24885053806384982 245.73003084921564 0.3294965883264866 998353.1797589279 0.7540362052178742
3.970000000000001 0.249162906423703 244.8553801329104 0.33153043656805675 1000875.0425686274 0.753141351315386
3.980000000000001 0.2494761538378308 243.98160057184094 0.33356978757700945 1003388.0847600503 0.7522469070824855
3.990000000000001 0.24979028058223832 243.10870260627175 0.33561462384831847 1005892.2951347925 0.7513528824079154
4.000000000000001 0.2501052869289185 242.23669660077522 0.3376649278235117 1008387.6627605448 0.7504592871210283
4.010000000000001 0.250421173145827 241.36559284421455 0.3397206818917577 1010874.1773542503 0.7495661309917264
4.020000000000001 0.2507379394968574 240.49540154973099 0.34178186839094904 1013351.8291512753 0.7486734237304045
4.030000000000001 0.2510555862418161 239.62613285473532 0.3438484696087823 1015820.6087616442 0.7477811749878955
4.040000000000001 0.25137411363639767 238.7577968209036 0.3459204677838346 1018280.5073426347 0.7468893943554211
4.050000000000001 0.2516935219321599 237.89040343417705 0.3479978451066369 1020731.5165476814 0.7459980913645429
4.0600000000000005 0.2520138113764995 237.02396260476613 0.3500805837207434 1023173.6284540782 0.7451072754871192
4.070000000000001 0.2523349822126273 236.15848416715886 0.352168665723798 1025606.835668523 0.744216956135264
4.080000000000001 0.2526570346795441 235.29397788013318 0.35426207316859654 1028031.1312753325 0.7433271426613093
4.090000000000001 0.25297996901201614 234.43045342677343 0.3563607880641459 1030446.5087603304 0.7424378443577703
4.1000000000000005 0.25330378544055093 233.56792041449089 0.35846479237671897 1032852.962128406 0.7415490704573149
4.110000000000001 0.2536284841913732 232.70638837504842 0.3605740680309062 1035250.4858115729 0.7406608301327346
4.120000000000001 0.25395406548640076 231.84586676458915 0.36268859691066313 1037639.074771658 0.7397731324969203
4.130000000000001 0.2542805295432207 230.98636496366905 0.3648083608603541 1040018.7243443319 0.73888598660284
4.140000000000001 0.2546078765750656 230.1278922772936 0.3669333416857922 1042389.4303461636 0.7379994014435198
4.150000000000001 0.2549361067907897 229.27045793495833 0.3690635211552751 1044751.1890192077 0.7371133859520291
4.160000000000001 0.2552652203948454 228.4140710906933 0.37119888100061676 1047103.9970787335 0.7362279490014669
4.170000000000001 0.2555952175872597 227.55874082311155 0.3733394029181756 1049447.8516344323 0.7353430994049532
4.180000000000001 0.255926098563611 226.70447613546116 0.3754850685698779 1051782.7502969622 0.7344588459156217
4.190000000000001 0.2562578635150055 225.85128595568153 0.37763585958423757 1054108.6910711166 0.7335751972266171
4.200000000000001 0.25659051262805443 224.99917913646314 0.3797917575573715 1056425.672368422 0.7326921619710938
4.210000000000001 0.25692404608485075 224.14816445531127 0.38195274405401064 1058733.693102594 0.7318097487222188
4.220000000000001 0.25725846406294633 223.29825061461344 0.384118800608507 1061032.7524983594 0.7309279659931773
4.230000000000001 0.2575937667353291 222.4494462417105 0.38628990872583613 1063322.850285285 0.7300468222371808
4.240000000000001 0.2579299542704002 221.6017598889715 0.3884660498825953 1065603.98658761 0.7291663258474782
4.250000000000001 0.2582670268319519 220.75520003387223 0.3906472055279975 1067876.1618860944 0.7282864851573707
4.260000000000001 0.25860498457914455 219.9097750790774 0.3928333570848603 1070139.3771809125 0.7274073084402282
4.270000000000001 0.2589438276664845 219.06549335252635 0.39502448595059125 1072393.633774593 0.7265288039095097
4.280000000000001 0.2592835562438019 218.2223631075224 0.3972205734981679 1074638.9334164774 0.7256509797187859
4.290000000000001 0.25962417045622854 217.38039252282584 0.39942160107711366 1076875.278199099 0.724773843961765
4.300000000000001 0.259965670444176 216.53958970275028 0.4016275500144687 1079102.6707172503 0.7238974046723209
4.3100000000000005 0.26030805634331355 215.6999626772626 0.40383840161575685 1081321.113842336 0.7230216698245249
4.320000000000001 0.2606513282845466 214.86151940208634 0.4060541371659471 1083530.610887372 0.722146647332679
4.330000000000001 0.26099548639399517 214.02426775880866 0.408274737930411 1085731.16552847 0.7212723450513535
4.340000000000001 0.26134053079297215 213.18821555499034 0.4105001851558746 1087922.7818476253 0.7203987707754259
4.3500000000000005 0.26168646159796216 212.35337052427963 0.4127304600713664 1090105.4642501574 0.7195259322401233
4.360000000000001 0.26203327892060024 211.51974032652905 0.41496554388915974 1092279.2175554063 0.7186538371210671
4.370000000000001 0.2623809828676509 210.68733254791582 0.4172054178057111 1094444.0469170762 0.7177824930343211
4.380000000000001 0.2627295735409869 209.85615470106535 0.41945006300259263 1096599.9579059687 0.716911907536441
4.390000000000001 0.26307905103756873 209.0262142251781 0.42169946064742053 1098746.9564060206 0.7160420881245277
4.400000000000001 0.26342941544942367 208.19751848615965 0.423953591894778 1100885.0486507968 0.7151730422362829
4.410000000000001 0.26378066686362533 207.37007477675397 0.4262124378871333 1103014.2412723654 0.7143047772500664
4.420000000000001 0.26413280536227324 206.5438903166798 0.4284759797557531 1105134.5412205048 0.7134373004849577
4.430000000000001 0.2644858310224725 205.71897225277033 0.4307441986216102 1107245.9557767455 0.7125706192008181
4.440000000000001 0.26483974391631365 204.8953276591158 0.43301707559628666 1109348.492627889 0.7117047405983575
4.450000000000001 0.2651945441108528 204.07296353720923 0.4352945917828718 1111442.1597130327 0.7108396718192018
4.460000000000001 0.2655502316680915 203.25188681609535 0.4375767282768545 1113526.9653938408 0.7099754199459636
4.470000000000001 0.26590680664495714 202.43210435252226 0.43986346616701133 1115602.9182862625 0.709111992002316
4.480000000000001 0.2662642690932834 201.6136229310964 0.4421547865362884 1117670.0273895406 0.7082493949530673
4.490000000000001 0.2666226190597906 200.79644926444013 0.4444506704626789 1119728.3019979273 0.7073876357042399
4.500000000000001 0.26698185658606677 199.98058999335262 0.44675109902009474 1121777.7517178413 0.7065267211031498
4.510000000000001 0.267341981708548 199.16605168697328 0.44905605327923337 1123818.386498555 0.7056666579384901
4.520000000000001 0.26770299445849977 198.35284084294824 0.4513655143084391 1125850.2166224048 0.7048074529404162
4.530000000000001 0.26806489486199797 197.54096388759962 0.4536794631745591 1127873.2526206234 0.7039491127806325
4.540000000000001 0.2684276829399101 196.73042717609763 0.45599788094379423 1129887.505383774 0.7030916440724833
4.550000000000001 0.2687913587078768 195.92123699263541 0.4583207486825442 1131892.986059631 0.7022350533710437
4.5600000000000005 0.2691559221762933 195.1133995506066 0.4606480474582477 1133889.7061514002 0.701379347173215
4.570000000000001 0.2695213733502912 194.30692099278562 0.462979758340217 1135877.677410508 0.7005245319178214
4.580000000000001 0.26988771222972036 193.50180739151068 0.46531586240046685 1137856.9118996053 0.6996706139857075
4.590000000000001 0.2702549388091308 192.69806474886934 0.4676563407145385 1139827.4219720082 0.6988175996998413
4.6000000000000005 0.270623053077755 191.8956989968868 0.4700011743623177 1141789.2202713555 0.6979654953254157
4.610000000000001 0.27099205501949014 191.09471599771666 0.47235034442884766 1143742.3197252355 0.6971143070699555
4.620000000000001 0.27136194461288055 190.2951215438343 0.47470383200513616 1145686.7335233036 0.6962640410834238
4.630000000000001 0.27173272183110037 189.4969213582328 0.4770616181889574 1147622.4751451053 0.6954147034583322
4.640000000000001 0.27210438664193626 188.70012109462132 0.47942368408564817 1149549.5583550036 0.694566300229853
4.650000000000001 0.27247693900777054 187.90472633762585 0.4817900108088985 1151467.9971584885 0.6937188373759324
4.660000000000001 0.272850378885564 187.11074260299253 0.48416057948153685 1153377.8058085402 0.692872320817407
4.670000000000001 0.27322470622683936 186.3181753377934 0.48653537123630963 1155278.998870436 0.6920267564181213
4.680000000000001 0.2735999209776645 185.52702992063433 0.4889143672166551 1157171.5911541136 0.6911821499850485
4.690000000000001 0.2739760230786362 184.7373116618654 0.49129754857747165 1159055.597708993 0.6903385072684118
4.700000000000001 0.27435301246486377 183.94902580379355 0.4936848964858807 1160931.033841877 0.6894958339618087
4.710000000000001 0.27473088906595283 183.16217752089761 0.49607639212198357 1162797.9150880852 0.6886541357023371
4.720000000000001 0.2751096528059896 182.3767719200454 0.498472016679613 1164656.2572916457 0.6878134180707232
4.730000000000001 0.27548930360352486 181.59281404071314 0.5008717513670791 1166506.0764744724 0.6869736865914509
4.740000000000001 0.27586984137155846 180.8103088552071 0.503275577407909 1168347.3889181372 0.6861349467328937
4.750000000000001 0.2762512660175238 180.0292612688872 0.5056834760415818 1170180.2111378266 0.6852972039074487
4.760000000000001 0.27663357744327255 179.24967612039305 0.5080954285242573 1172004.559901612 0.6844604634716716
4.770000000000001 0.27701677554505943 178.47155818187161 0.5105114161294986 1173820.4521736186 0.6836247307264136
4.780000000000001 0.2774008602135274 177.69491215920746 0.5129314201489897 1175627.9051512068 0.6827900109169615
4.790000000000001 0.2777858313336926 176.91974269225466 0.5153554218932475 1177426.9362614036 0.6819563092331773
4.800000000000001 0.27817168878493 176.1460543550708 0.5177834026923269 1179217.5631590341 0.6811236308096418
4.8100000000000005 0.27855843244095857 175.37385165615294 0.520215343896522 1180999.8036999835 0.6802919807257981
4.820000000000001 0.2789460621698273 174.60313903867564 0.5226512268770599 1182773.6759588544 0.6794613640060987
4.830000000000001 0.2793345778339009 173.83392088073066 0.5250910330267893 1184539.1982201822 0.678631785620152
4.840000000000001 0.2797239792898458 173.06620149556872 0.5275347437608641 1186296.3889865212 0.6778032504828728
4.8500000000000005 0.2801142663886164 172.29998513184302 0.5299823405174201 1188045.2669234974 0.6769757634546326
4.860000000000001 0.28050543897544145 171.53527597385454 0.5324338047582469 1189785.8509343944 0.6761493293414128
4.870000000000001 0.2808974968898104 170.77207814179926 0.534889117969453 1191518.160119732 0.6753239528949588
4.880000000000001 0.28129043996546055 170.01039569201697 0.5373482616621267 1193242.213739319 0.6744996388129363
4.890000000000001 0.28168426803036334 169.25023261724198 0.5398112173729892 1194958.0312726258 0.6736763917390882
4.900000000000001 0.28207898090671185 168.49159284685524 0.542277966665044 1196665.6323978128 0.672854216263394
4.910000000000001 0.28247457841090784 167.73448024713852 0.5447484911282191 1198365.036949943 0.6720331169222302
4.920000000000001 0.2828710603535492 166.97889862152985 0.5472227723800038 1200056.2649551188 0.6712130981985327
4.930000000000001 0.2832684265394175 166.22485171088076 0.5497007920660802 1201739.3366302345 0.67039416452196
4.940000000000001 0.28366667676746554 165.47234319371506 0.5521825318609485 1203414.272331063 0.6695763202690581
4.950000000000001 0.2840658108308058 164.72137668648918 0.554667973468546 1205081.0926308408 0.668759569763428
4.960000000000001 0.2844658285166978 163.97195574385398 0.5571570986228619 1206739.818254617 0.667943917275892
4.970000000000001 0.2848667296065371 163.22408385891805 0.5596498890885446 1208390.4700779372 0.6671293670246642
4.980000000000001 0.2852685138758431 162.47776446351247 0.5621463266615045 1210033.0691746233 0.6663159231755208
4.990000000000001 0.28567118109424827 161.7330009284571 0.5646463931695103 1211667.6367619156 0.6655035898419721
5.000000000000001 0.28607473102548636 160.98979656382804 0.5671500704727797 1213294.1941824565 0.6646923710854358
5.010000000000001 0.2864791634273818 160.24815461922665 0.5696573404645646 1214912.7629704527 0.6638822709154117
5.020000000000001 0.28688447805183864 159.5080782840499 0.5721681850717306 1216523.3648172615 0.6630732932896584
5.030000000000001 0.28729067464483 158.7695706877619 0.5746825862553301 1218126.0215567371 0.662265442114369
5.040000000000001 0.2876977529463875 158.03263490016687 0.5772005260111701 1219720.7551500956 0.6614587212443513
5.050000000000001 0.28810571269059104 157.29727393168324 0.5797219863703748 1221307.5877206684 0.660653134483207
5.0600000000000005 0.28851455360555855 156.563490733619 0.5822469493999413 1222886.5415414255 0.6598486855835117
5.070000000000001 0.28892427541343607 155.8312881984483 0.5847753972032904 1224457.638999741 0.6590453782469987
5.080000000000001 0.289334877830388 155.10066916008924 0.587307311920812 1226020.9026206818 0.6582432161247413
5.090000000000001 0.28974636056658765 154.37163639418262 0.5898426757304033 1227576.355062545 0.6574422028173377
5.1000000000000005 0.2901587233262075 153.644192618372 0.592381470848003 1229124.0191510047 0.6566423418750962
5.110000000000001 0.2905719658074103 152.91834049258478 0.5949236795281189 1230663.917785093 0.6558436367982226
5.120000000000001 0.2909860877023398 152.19408261931432 0.5974692840643497 1232196.0740229518 0.6550460910370075
5.130000000000001 0.29140108869711195 151.4714215439031 0.600018266789902 1233720.5110225806 0.6542497079920158
5.140000000000001 0.2918169684718063 150.7503597548268 0.6025706100781003 1235237.2520858923 0.6534544910142763
5.150000000000001 0.29223372670045744 150.03089968397956 0.6051262963428926 1236746.3206054256 0.6526604434054727
5.160000000000001 0.2926513630510465 149.31304370695997 0.6076853080393496 1238247.7400987607 0.6518675684181356
5.170000000000001 0.2930698771854933 148.5967941433581 0.6102476276641584 1239741.5342047943 0.6510758692558363
5.180000000000001 0.2934892687596483 147.8821532570433 0.612813237756111 1241227.726646993 0.6502853490733793
5.190000000000001 0.29390953742328474 147.1691232564532 0.6153821208965862 1242706.3412859559 0.6494960109769989
5.200000000000001 0.29433068282009106 146.45770629488294 0.6179542597100273 1244177.4020881671 0.6487078580245542
5.210000000000001 0.2947527045876636 145.74790447077592 0.6205296368644125 1245640.9330633848 0.647920893225726
5.220000000000001 0.2951756023574993 145.0397198280148 0.6231082350717217 1247096.9583853665 0.6471351195422147
5.230000000000001 0.29559937575498857 144.3331543562135 0.6256900370883957 1248545.502287464 0.6463505398879391
5.240000000000001 0.2960240243994087 143.62820999100984 0.6282750257157911 1249986.58910853 0.6455671571292354
5.250000000000001 0.296449547903917 142.92488861435905 0.6308631838006298 1251420.243269966 0.644784974085058
5.260000000000001 0.29687594587554417 142.22319205482773 0.6334544942354419 1252846.4893092 0.64400399352718
5.270000000000001 0.2973032179151883 141.52312208788865 0.6360489399590039 1254265.3518144335 0.6432242181803962
5.280000000000001 0.29773136361760866 140.82468043621608 0.6386465039567715 1255676.855492546 0.642445650722725
5.290000000000001 0.2981603825714196 140.12786876998175 0.6412471692613061 1257081.0250953801 0.6416682937856115
5.300000000000001 0.29859027435908486 139.43268870715144 0.6438509189526967 1258477.88548275 0.6408921499541336
5.3100000000000005 0.2990210385569123 138.73914181378208 0.6464577361589761 1259867.4615672843 0.6401172217672044
5.320000000000001 0.29945267473504805 138.04722960431934 0.6490676040565307 1261249.7783811002 0.6393435117177804
5.330000000000001 0.29988518245747164 137.3569535418958 0.651680505870507 1262624.8609719556 0.6385710222530661
5.340000000000001 0.30031856128199086 136.66831503862957 0.6542964248752101 1263992.7344917723 0.6377997557747217
5.3500000000000005 0.30075281076023697 135.98131545592338 0.6569153443944991 1265353.4241523303 0.6370297146390713
5.360000000000001 0.30118793043766 135.29595610476406 0.6595372478021753 1266706.9552440778 0.6362609011573107
5.370000000000001 0.30162391985352444 134.6122382460225 0.6621621185223665 1268053.353083261 0.6354933175957163
5.380000000000001 0.30206077854090474 133.93016309075395 0.6647899400299052 1269392.643094779 0.6347269661758548
5.390000000000001 0.30249850602668144 133.2497318004986 0.6674206958507012 1270724.8507352185 0.633961849074794
5.400000000000001 0.3029371018315371 132.57094548758272 0.6700543695621095 1272050.0015283693 0.6331979684253126
5.410000000000001 0.3033765654699527 131.8938052154199 0.6726909447932929 1273368.1210333337 0.6324353263161122
5.420000000000001 0.30381689645020393 131.2183119988126 0.675330405225579 1274679.2348830202 0.6316739247920291
5.430000000000001 0.3042580942743581 130.54446680425414 0.6779727345928116 1275983.3687619928 0.6309137658542459
5.440000000000001 0.30470015843827086 129.8722705502308 0.6806179166816984 1277280.5483924898 0.6301548514605053
5.450000000000001 0.30514308843158305 129.2017241075241 0.6832659353321512 1278570.7995450962 0.6293971835253233
5.460000000000001 0.3055868837377181 128.5328282995133 0.685916774437623 1279854.1480354539 0.6286407639202023
5.470000000000001 0.30603154383387926 127.86558390247832 0.6885704179454388 1281130.6197248993 0.627885594473846
5.480000000000001 0.3064770681910475 127.19999164590239 0.6912268498571215 1282400.2405283856 0.6271316769723743
5.490000000000001 0.30692345627397877 126.53605221277518 0.6938860542287124 1283663.0363656678 0.6263790131595373
5.500000000000001 0.3073707075412023 125.87376623989589 0.6965480151710876 1284919.0332143377 0.6256276047369324
5.510000000000001 0.30781882144501865 125.21313431817646 0.6992127168502676 1286168.2570906444 0.6248774533642188
5.520000000000001 0.3082677974314979 124.55415699294481 0.7018801434877238 1287410.734038127 0.6241285606593348
5.530000000000001 0.3087176349404782 123.89683476424823 0.704550279360678 1288646.4901229278 0.6233809281987133
5.540000000000001 0.30916833340556454 123.24116808715665 0.7072231088023989 1289875.5514567527 0.6226345575174999
5.550000000000001 0.30961989225412734 122.58715737206607 0.7098986162024914 1291097.9441585927 0.6218894501097696
5.5600000000000005 0.3100723109073018 121.93480298500182 0.712576786007183 1292313.6944014556 0.621145607428744
5.570000000000001 0.31052558877998687 121.28410524792193 0.7152576027196037 1293522.8283478783 0.6204030308870105
5.580000000000001 0.3109797252808448 120.6350644390203 0.7179410509000619 1294725.3722157138 0.6196617218567384
5.590000000000001 0.3114347198123006 119.98768079302994 0.7206271151663147 1295921.3522108756 0.6189216816698992
5.6000000000000005 0.31189057177054186 119.34195450152598 0.7233157801938342 1297110.7945599125 0.6181829116184843
5.610000000000001 0.31234728054551875 118.69788571322863 0.726007030716068 1298293.7255368147 0.6174454129547238
5.620000000000001 0.312804845520944 118.05547453430603 0.728700851524695 1299470.1714097282 0.6167091868913057
5.630000000000001 0.31326326607429333 117.41472102867688 0.7313972274698773 1300640.1584535802 0.6159742346015956
5.640000000000001 0.31372254157680585 116.7756252183129 0.7340961434605062 1301803.712961873 0.6152405572198555
5.650000000000001 0.3141826713934847 116.13818708354117 0.7367975844644439 1302960.861232271 0.6145081558414638
5.660000000000001 0.3146436548830981 115.50240656334616 0.7395015355087603 1304111.6295964688 0.6137770315231346
5.670000000000001 0.31510549139818 114.86828355567158 0.7422079816799656 1305256.044353329 0.6130471852831387
5.680000000000001 0.3155681802850317 114.235817917722 0.7449169081242374 1306394.1318304837 0.6123186181015221
5.690000000000001 0.3160317208837229 113.60500946626414 0.7476283000476437 1307525.9183558698 0.6115913309203274
5.700000000000001 0.31649611252809334 112.97585797792787 0.7503421427163611 1308651.430236803 0.6108653246438129
5.710000000000001 0.3169613545457547 112.34836318950705 0.7530584214568883 1309770.6938128613 0.6101406001386742
5.720000000000001 0.3174274462580922 111.72252479825981 0.7557771216562548 1310883.7354060644 0.6094171582342636
5.730000000000001 0.31789438698026706 111.09834246220869 0.7584982287622257 1311990.5813337965 0.6086949997228106
5.740000000000001 0.3183621760212184 110.4758158004403 0.7612217282835013 1313091.2579301705 0.6079741253596428
5.750000000000001 0.318830812683666 109.85494439340471 0.7639476057899125 1314185.7914719633 0.607254535863406
5.760000000000001 0.31930029626411255 109.23572778321433 0.7666758469126115 1315274.2083041244 0.6065362319162853
5.770000000000001 0.31977062605284684 108.61816547394245 0.7694064373442582 1316356.5346835747 0.605819214164224
5.780000000000001 0.3202418013339464 108.00225693192138 0.772139362839202 1317432.7969017103 0.6051034832171465
5.790000000000001 0.32071382138528093 107.38800158604005 0.7748746092136597 1318503.0212364853 0.6043890396491765
5.800000000000001 0.32118668547851525 106.77539882804125 0.7776121623458878 1319567.2339351764 0.6036758839988587
5.8100000000000005 0.32166039287911313 106.16444801281834 0.780352008176352 1320625.4612541883 0.6029640167693788
5.820000000000001 0.32213494284634075 105.5551484587115 0.7830941327078911 1321677.7294071852 0.6022534384287839
5.830000000000001 0.3226103346332706 104.94749944780344 0.7858385220058773 1322724.0646128887 0.6015441494102018
5.840000000000001 0.32308656748678544 104.34150022621459 0.788585162198372 1323764.4930574272 0.600836150112063
5.8500000000000005 0.32356364064758253 103.73715000439782 0.7913340394762772 1324799.0409026667 0.6001294408983188
5.860000000000001 0.3240415533501779 103.13444795743249 0.7940851400934826 1325827.7343150505 0.599424022098662
5.870000000000001 0.324520304822911 102.53339322531804 0.7968384503670093 1326850.5994081406 0.5987198940087468
5.880000000000001 0.3249998942879491 101.93398491326693 0.799593956677148 1327867.6622829635 0.5980170568904082
5.890000000000001 0.32548032096129254 101.33622209199702 0.8023516454675945 1328878.9490163699 0.5973155109718814
5.900000000000001 0.3259615840527793 100.74010379802331 0.8051115032455796 1329884.4856648187 0.596615256448021
5.910000000000001 0.32644368276609065 100.14562903394909 0.807873516581996 1330884.2982374518 0.5959162934805207
5.920000000000001 0.32692661629875613 99.5527967687564 0.8106376721115212 1331878.4127386974 0.595218622198131
5.930000000000001 0.32741038384215926 98.96160593809586 0.8134039565327348 1332866.8551302426 0.5945222426968797
5.940000000000001 0.32789498458154315 98.37205544457586 0.8161723566082342 1333849.6513425983 0.5938271550402887
5.950000000000001 0.3283804176960164 97.78414415805105 0.8189428591647442 1334826.8272606947 0.5931333592595932
5.960000000000001 0.3288666823585591 97.19787091591009 0.8217154510932239 1335798.4087752325 0.5924408553539596
5.970000000000001 0.329353777736029 96.61323452336276 0.8244901193489689 1336764.42169963 0.5917496432907032
5.980000000000001 0.3298417029891678 96.03023375372632 0.8272668509517103 1337724.8918404747 0.5910597230055057
5.990000000000001 0.33033045727260785 95.4488673487111 0.8300456329857092 1338679.8449568856 0.5903710944026328
6.000000000000001 0.33082003973487856 94.86913401870545 0.832826452599848 1339629.3067607796 0.5896837573551509
6.010000000000001 0.3313104495184134 94.2910324430598 0.8356092970077169 1340573.3029397093 0.5889977117051437
6.020000000000001 0.33180168575955676 93.71456127037003 0.8383941534876979 1341511.8591395763 0.5883129572639293
6.030000000000001 0.3322937475885713 93.13971911876001 0.8411810093830437 1342445.0009482768 0.5876294938122752
6.040000000000001 0.332786634129645 92.56650457616345 0.8439698521019544 1343372.753932613 0.5869473211006152
6.050000000000001 0.33328034450089883 91.99491620060479 0.8467606691176487 1344295.143611088 0.5862664388492641
6.0600000000000005 0.33377487781439436 91.42495252047938 0.8495534479684327 1345212.1954505849 0.5855868467486331
6.070000000000001 0.33427023317614135 90.85661203483276 0.8523481762577649 1346123.934875161 0.5849085444594445
6.080000000000001 0.33476640968610594 90.28989321363922 0.8551448416543174 1347030.3872747088 0.5842315316129465
6.090000000000001 0.3352634064382185 89.72479449807932 0.8579434318920328 1347931.5779687478 0.5835558078111265
6.1000000000000005 0.3357612225203821 89.16131430081674 0.8607439347701792 1348827.5322583686 0.5828813726269251
6.110000000000001 0.3362598570144808 88.59945100627412 0.8635463381533999 1349718.2753737401 0.58220822560445
6.120000000000001 0.3367593089963882 88.03920297090808 0.8663506299717608 1350603.8324973462 0.5815363662591876
6.130000000000001 0.3372595775359761 87.48056852348331 0.8691567982207938 1351484.228782596 0.5808657940782166
6.140000000000001 0.3377606616971235 86.92354596534585 0.8719648309615369 1352359.4892990077 0.5801965085204195
6.150000000000001 0.33826256053772547 86.36813357069528 0.8747747163205704 1353229.6390887615 0.5795285090166945
6.160000000000001 0.33876527310970245 85.81432958685616 0.8775864424900508 1354094.703130432 0.5788617949701662
6.170000000000001 0.3392687984590094 85.26213223454846 0.8803999977277404 1354954.706346468 0.5781963657563972
6.180000000000001 0.33977313562564543 84.71153970815702 0.8832153703570336 1355809.6736181527 0.5775322207235976
6.190000000000001 0.34027828364366314 84.16255017600011 0.8860325487669802 1356659.6297535107 0.5768693591928352
6.200000000000001 0.3407842415411787 83.615161780597 0.8888515214123058 1357504.5995206414 0.5762077804582451
6.210000000000001 0.3412910083403815 83.06937263893461 0.8916722768134279 1358344.6076168825 0.5755474837872379
6.220000000000001 0.34179858305754435 82.52518084273308 0.8944948035564694 1359179.678691444 0.5748884684207092
6.230000000000001 0.3423069647030335 81.98258445871045 0.8973190902932694 1360009.8373382683 0.5742307335732464
6.240000000000001 0.3428161522813192 81.44158152884629 0.9001451257413898 1360835.1080754134 0.5735742784333369
6.250000000000001 0.34332614479098583 80.90217007064435 0.9029728986841195 1361655.5153757012 0.5729191021635748
6.260000000000001 0.34383694122474295 80.36434807739418 0.9058023979704748 1362471.0836443426 0.5722652039008673
6.270000000000001 0.34434854056943565 79.82811351843178 0.9086336125151981 1363281.8372307597 0.5716125827566406
6.280000000000001 0.34486094180605575 79.29346433939911 0.9114665312987518 1364087.8004254082 0.5709612378170451
6.290000000000001 0.34537414390975263 78.76039846250268 0.9143011433673099 1364888.9974490977 0.5703111681431606
6.300000000000001 0.3458881458498445 78.22891378677105 0.9171374378327477 1365685.4524542827 0.5696623727712002
6.3100000000000005 0.34640294658982973 77.69900818831127 0.9199754038726263 1366477.1895421927 0.5690148507127143
6.320000000000001 0.34691854508739817 77.17067952056428 0.9228150307301762 1367264.2327389326 0.5683686009547936
6.330000000000001 0.34743494029444283 76.64392561455924 0.9256563077142768 1368046.606014202 0.5677236224602717
6.340000000000001 0.34795213115707163 76.11874427916679 0.9284992241994332 1368824.3332643008 0.5670799141679277
6.3500000000000005 0.3484701166156192 75.59513330135123 0.9313437696257512 1369597.438322711 0.5664374749926864
6.360000000000001 0.34898889560465884 75.07309044642159 0.9341899334989073 1370365.9449580107 0.5657963038258205
6.370000000000001 0.3495084670530146 74.55261345828167 0.9370377053901183 1371129.8768704266 0.5651563995351503
6.380000000000001 0.3500288298837736 74.03370005967894 0.9398870749361063 1371889.257692739 0.564517760965243
6.390000000000001 0.35054998301429846 73.5163479524523 0.9427380318390621 1372644.1109847839 0.5638803869376128
6.400000000000001 0.3510719253562397 73.00055481777886 0.9455905658666052 1373394.460241536 0.5632442762509182
6.410000000000001 0.3515946558155484 72.48631831641943 0.9484446668517412 1374140.3288844647 0.5626094276811606
6.420000000000001 0.3521181732924888 71.97363608896303 0.9513003246928173 1374881.7402743567 0.5619758399818817
6.430000000000001 0.35264247668165155 71.46250575607021 0.9541575293534739 1375618.7176969869 0.5613435118843593
6.440000000000001 0.35316756487196643 70.95292491871527 0.9570162708625943 1376351.2843619818 0.560712442097804
6.450000000000001 0.35369343674671555 70.44489115842728 0.9598765393142523 1377079.4634049595 0.5600826293095539
6.460000000000001 0.35422009118354664 69.93840203753005 0.9627383248676562 1377803.2779030951 0.55945407218527
6.470000000000001 0.3547475270544864 69.43345509938091 0.9656016177470909 1378522.7508511394 0.5588267693691298
6.480000000000001 0.355275743225954 68.93004786860828 0.9684664082418571 1379237.9051743331 0.5582007194840206
6.490000000000001 0.35580473855877476 68.42817785134824 0.9713326867062091 1379948.7637232658 0.5575759211317326
6.500000000000001 0.3563345119081937 67.92784253547973 0.9742004435592885 1380655.3492753317 0.5569523728931502
6.510000000000001 0.3568650621238897 67.42903939085876 0.9770696692850566 1381357.6845438594 0.5563300733284451
6.520000000000001 0.3573963880499892 66.93176586955143 0.9799403544322242 1382055.7921402492 0.5557090209772644
6.530000000000001 0.35792848852508047 66.43601940606561 0.9828124896141791 1382749.6946405256 0.5550892143589229
6.540000000000001 0.35846136238222776 65.94179741758172 0.9856860655089108 1383439.414507755 0.5544706519725913
6.550000000000001 0.3589950084489855 65.44909730418209 0.9885610728589336 1384124.974149373 0.5538533322974852
6.5600000000000005 0.35952942554741296 64.95791644907924 0.9914375024712064 1384806.395899038 0.5532372537930532
6.570000000000001 0.3600646124940886 64.46825221884295 0.9943153452170518 1385483.7020047656 0.5526224148991636
6.580000000000001 0.36060056810012486 63.98010196362621 0.9971945920320711 1386156.9146425372 0.5520088140362913
6.590000000000001 0.3611372911711829 63.49346301738986 1.0000752339160583 1386826.0559094308 0.5513964496057039
6.6000000000000005 0.3616747805074873 63.00833269812608 1.0029572619329126 1387491.1478227524 0.5507853199896464
6.610000000000001 0.3622130349038414 62.52470830808075 1.0058406672105458 1388152.2123297108 0.550175423551526
6.620000000000001 0.362752053149642 62.04258713397448 1.0087254409407913 1388809.2713026607 0.5495667586360954
6.630000000000001 0.3632918340288948 61.56196644722256 1.0116115743793086 1389462.3465200942 0.548959323569636
6.640000000000001 0.36383237632022974 61.0828435041536 1.014499058845486 1390111.459698164 0.5483531166601402
6.650000000000001 0.36437367879691623 60.60521554622704 1.0173878857223428 1390756.632469498 0.5477481361974927
6.660000000000001 0.3649157402268787 60.12907980024939 1.0202780464564267 1391397.8863793272 0.5471443804536515
6.670000000000001 0.36545855937271243 59.65443347858928 1.0231695325577117 1392035.242907022 0.5465418476828281
6.680000000000001 0.36600213499169887 59.181273779391304 1.0260623355994933 1392668.7234476937 0.545940536121666
6.690000000000001 0.36654646583582173 58.70959788678861 1.0289564472182808 1393298.349307203 0.5453404439894203
6.700000000000001 0.36709155065178295 58.2394029711143 1.0318518591136892 1393924.1417231236 0.5447415694881348
6.710000000000001 0.36763738818101843 57.77068618911163 1.0347485630483275 1394546.121855132 0.5441439108028191
6.720000000000001 0.3681839771597144 57.3034446841429 1.037646550847687 1395164.3107707254 0.5435474661016256
6.730000000000001 0.36873131631882344 56.83767558639723 1.0405458144000266 1395778.7294669843 0.5429522335360242
6.740000000000001 0.3692794043840809 56.373376013097015 1.0434463456562555 1396389.3988543549 0.542358211240977
6.750000000000001 0.3698282400760212 55.9105430687032 1.046348136629816 1396996.3397708444 0.5417653973351138
6.760000000000001 0.37037782210999437 55.44917384511933 1.0492511793965635 1397599.5729626378 0.541173789920903
6.770000000000001 0.37092814919618255 54.989265421894345 1.0521554660946448 1398199.119105531 0.5405833870848262
6.780000000000001 0.3714792200396168 54.53081486642416 1.0550609889243743 1398794.9987834676 0.5399941868975489
6.790000000000001 0.37203103334019366 54.073819234152005 1.057967740148109 1399387.2325065543 0.5394061874140914
6.800000000000001 0.37258358779269213 53.618275568767544 1.0608757120901218 1399975.840705276 0.5388193866739992
6.8100000000000005 0.3731368820867905 53.16418090240475 1.0637848971364732 1400560.8437199134 0.5382337827015127
6.820000000000001 0.37369091490708356 52.71153225583856 1.066695287734881 1401142.2618120792 0.537649373505735
6.830000000000001 0.37424568493309934 52.26032663868026 1.0696068763945885 1401720.115166541 0.5370661570808006
6.840000000000001 0.3748011908393166 51.810561049571696 1.0725196556862315 1402294.4238726734 0.5364841314060416
6.8500000000000005 0.37535743129518206 51.36223247637818 1.075433618241703 1402865.2079626592 0.5359032944461546
6.860000000000001 0.37591440496512757 50.91533789638025 1.078348756754017 1403432.4873592146 0.5353236441513658
6.870000000000001 0.37647211050858775 50.46987427646409 1.0812650639771708 1403996.2819158125 0.5347451784575962
6.880000000000001 0.37703054658001733 50.0258385733108 1.0841825327260053 1404556.6114045146 0.5341678952866242
6.890000000000001 0.3775897118289088 49.5832277335844 1.087101155876064 1405113.495514102 0.5335917925462504
6.900000000000001 0.3781496048998102 49.1420386941186 1.0900209263634506 1405666.9538444334 0.5330168681304586
6.910000000000001 0.37871022443234253 48.702268382102325 1.092941837184686 1406217.005926546 0.5324431199195776
6.920000000000001 0.37927156906121795 48.26391371526406 1.095863881396562 1406763.6711899734 0.531870545780442
6.930000000000001 0.37983363741625736 47.826971602054876 1.0987870521159955 1407306.968996565 0.5312991435665526
6.940000000000001 0.38039642812240854 47.3914389418303 1.10171134251988 1407846.9186168443 0.5307289111182345
6.950000000000001 0.38095993979976417 46.957312625030944 1.1046367458449367 1408383.5392486528 0.5301598462627957
6.960000000000001 0.38152417106357983 46.52458953336184 1.107563255387564 1408916.8499954208 0.529591946814685
6.970000000000001 0.3820891205242923 46.093266539970635 1.1104908645036853 1409446.869884086 0.5290252105756484
6.980000000000001 0.3826547867875376 45.663340509624504 1.1134195666085958 1409973.6178542397 0.5284596353348849
6.990000000000001 0.3832211684541697 45.23480829888585 1.1163493551768082 1410497.1127708936 0.5278952188692014
7.000000000000001 0.3837882641202784 44.80766675628678 1.1192802237418973 1411017.3734065974 0.5273319589431675
7.010000000000001 0.38435607237720815 44.381912722502335 1.1222121658963427 1411534.4184579083 0.5267698533092682
7.020000000000001 0.3849245918115764 43.957543030522565 1.125145175291371 1412048.2665371138 0.5262088997080572
7.030000000000001 0.3854938210052922 43.534554505823294 1.1280792456367967 1412558.936172882 0.5256490958683082
7.040000000000001 0.38606375853557484 43.11294396653572 1.1310143707008613 1413066.4458078456 0.5250904395071665
7.050000000000001 0.3866344029749725 42.69270822361477 1.1339505443100721 1413570.8138050875 0.5245329283302986
7.0600000000000005 0.38720575289138104 42.27384408100631 1.1368877603490402 1414072.0584472064 0.5239765600320414
7.070000000000001 0.3877778068480629 41.856348335813 1.1398260127603155 1414570.1979291576 0.5234213322955519
7.080000000000001 0.3883505634036658 41.44021777845909 1.1427652955442231 1415065.2503654505 0.5228672427929536
7.090000000000001 0.38892402111224184 41.025449192853905 1.1457056027586972 1415557.2337885797 0.5223142891854846
7.1000000000000005 0.38949817852326635 40.61203935655414 1.1486469285191137 1416046.1661500712 0.5217624691236427
7.110000000000001 0.390073034181657 40.19998504092501 1.1515892669981231 1416532.0653133378 0.5212117802473311
7.120000000000001 0.39064858662779295 39.78928301130008 1.1545326124254816 1417014.9490654762 0.5206622201860036
7.130000000000001 0.39122483439753386 39.37993002714001 1.1574769590878804 1417494.8351052045 0.5201137865588072
7.140000000000001 0.3918017760222392 38.97192284219006 1.1604223013287762 1417971.7410502674 0.5195664769747254
7.150000000000001 0.39237941002878746 38.565258204636336 1.1633686335482187 1418445.6844412151 0.5190202890327203
7.160000000000001 0.39295773493959546 38.15993285726093 1.1663159502026785 1418916.6827345514 0.5184752203218741
7.170000000000001 0.3935367492726377 37.755943537595826 1.1692642458048734 1419384.753299331 0.5179312684215286
7.180000000000001 0.3941164515414658 37.35328697807562 1.172213514923594 1419849.9134279252 0.5173884309014259
7.190000000000001 0.39469684025522783 36.95195990618907 1.1751637521835285 1420312.1803275766 0.5168467053218466
7.200000000000001 0.3952779139186879 36.551959044629406 1.1781149522650873 1420771.5711295982 0.5163060892337477
7.210000000000001 0.3958596710322457 36.15328111144355 1.1810671099042251 1421228.102874886 0.5157665801789
7.220000000000001 0.39644211009195596 35.75592282018007 1.184020219892264 1421681.7925278351 0.5152281756900245
7.230000000000001 0.3970252295895483 35.35988088003601 1.186974277075715 1422132.65696861 0.5146908732909277
7.240000000000001 0.3976090280124465 34.96515199600254 1.1899292763560987 1422580.7130032391 0.5141546704966363
7.250000000000001 0.39819350384378877 34.5717328690094 1.1928852126897653 1423025.9773495514 0.5136195648135314
7.260000000000001 0.3987786555624469 34.17962019606825 1.1958420810877144 1423468.4666396258 0.5130855537394815
7.270000000000001 0.39936448164304644 33.788810670414776 1.1987998766154129 1423908.1974386075 0.5125526347639745
7.280000000000001 0.3999509805559864 33.39930098164968 1.2017585943926135 1424345.186217591 0.5120208053682495
7.290000000000001 0.40053815076745897 33.01108781587853 1.204718229593172 1424779.4493735183 0.5114900630254273
7.300000000000001 0.40112599073946964 32.6241678558504 1.2076787774448638 1425211.0032200383 0.5109604052006405
7.3100000000000005 0.401714498929857 32.23853778109542 1.2106402332292001 1425639.8639954827 0.5104318293511619
7.320000000000001 0.4023036737923127 31.85419426806111 1.2136025922812426 1426066.047846626 0.5099043329265338
7.330000000000001 0.4028935137764014 31.471133990247676 1.2165658499894192 1426489.5708505788 0.5093779133686942
7.340000000000001 0.403484017327581 31.08935361834204 1.2195300017953374 1426910.4490018734 0.5088525681121048
7.3500000000000005 0.4040751828872223 30.708849820350835 1.2224950431935988 1427328.6982147207 0.5083282945838754
7.360000000000001 0.4046670088926294 30.329619261732212 1.225460969731611 1427744.3343210386 0.5078050902038899
7.370000000000001 0.40525949377705983 29.951658605526532 1.228427777009401 1428157.3730750913 0.5072829523849303
7.380000000000001 0.4058526359697444 29.574964512485952 1.2313954606794268 1428567.8301510997 0.5067618785328001
7.390000000000001 0.4064464338959077 29.19953364120285 1.2343640164463896 1428975.7211479277 0.5062418660464466
7.400000000000001 0.40704088597678795 28.825362648237178 1.2373334400670435 1429381.0615774428 0.5057229123180832
7.410000000000001 0.40763599062965755 28.452448188242656 1.240303727350007 1429783.8668789852 0.5052050147333103
7.420000000000001 0.40823174626784303 28.080786914091895 1.2432748741555733 1430184.1524134392 0.5046881706712352
7.430000000000001 0.40882815130074546 27.710375477000394 1.2462468763955186 1430581.9334625318 0.504172377504592
7.440000000000001 0.40942520413386074 27.341210526649434 1.2492197300329126 1430977.2252238116 0.5036576325998601
7.450000000000001 0.4100229031687998 26.97328871130788 1.252193431081927 1431370.042824914 0.5031439333173817
7.460000000000001 0.41062124680330897 26.60660667795289 1.2551679756076433 1431760.401309361 0.5026312770114795
7.470000000000001 0.4112202334312903 26.241161072389534 1.2581433597258613 1432148.315645571 0.5021196610305724
7.480000000000001 0.41181986144282207 25.87694853936932 1.261119579602907 1432533.8007249997 0.5016090827172911
7.490000000000001 0.4124201292241788 25.513965722707646 1.2640966314554394 1432916.8713572198 0.5010995394085932
7.500000000000001 0.4130210351578521 25.152209265400174 1.267074511550257 1433297.5422803941 0.5005910284358767
7.510000000000001 0.41362257762257065 24.791675809738127 1.2700532162041056 1433675.828154594 0.5000835471250932
7.520000000000001 0.4142247549933209 24.432361997422525 1.2730327417834837 1434051.7435625838 0.49957709279686036
7.530000000000001 0.4148275656413673 24.074264469677345 1.2760130847044489 1434425.3030028746 0.49907166276657344
7.540000000000001 0.41543100793427296 23.717379867361633 1.2789942414324234 1434796.5209120128 0.498567254344516
7.550000000000001 0.4160350802359199 23.36170483108055 1.2819762084819994 1435165.4116391982 0.4980638648359701
7.5600000000000005 0.41663978090652964 23.007236001295386 1.2849589824167449 1435531.9894612592 0.4975614915413257
7.570000000000001 0.4172451083026836 22.653970018432485 1.2879425598490075 1435896.2685811312 0.49706013175618835
7.580000000000001 0.4178510607773435 22.301903522991182 1.2909269374397205 1436258.2631219043 0.49655978277148805
7.590000000000001 0.4184576366798722 21.951033155650666 1.2939121118982064 1436617.9871341127 0.4960604418735851
7.6000000000000005 0.41906483435605363 21.60135555737582 1.2968980799819816 1436975.4545964233 0.49556210634437703
7.610000000000001 0.4196726521481138 21.252867369522026 1.2998848384965604 1437330.6794043866 0.49506477346140354
7.620000000000001 0.420281088394741 20.905565233938965 1.3028723842952592 1437683.6753873166 0.4945684404979518
7.630000000000001 0.4208901414311065 20.559445793073372 1.305860714279 1438034.45629472 0.49407310472315946
7.640000000000001 0.4214998095888849 20.21450569007079 1.3088498253961138 1438383.0358034708 0.49357876340211837
7.650000000000001 0.4221100911962747 19.870741568876323 1.311839714642145 1438729.4275185724 0.4930854137959768
7.660000000000001 0.4227209845780189 19.52815007433436 1.3148303790596536 1439073.6449683276 0.49259305316204116
7.670000000000001 0.4233324880554253 19.186727852287312 1.3178218157380193 1439415.7016060362 0.4921016787538769
7.680000000000001 0.4239445999463872 18.84647154967336 1.3208140218132443 1439755.61081623 0.49161128782140817
7.690000000000001 0.42455731856540396 18.507377814623197 1.3238069944677564 1440093.385907947 0.491121877611018
7.700000000000001 0.42517064222360124 18.16944329655579 1.3268007309302121 1440429.0401216503 0.490633445365646
7.710000000000001 0.42578456922875174 17.832664646273166 1.3297952284752994 1440762.586619412 0.4901459883248873
7.720000000000001 0.4263990978852956 17.4970385160542 1.3327904844235405 1441094.0384943897 0.4896595037250886
7.730000000000001 0.427014226494361 17.162561559747466 1.335786496141095 1441423.4087635225 0.4891739887994455
7.740000000000001 0.42762995335378445 16.82923043286309 1.3387832610395622 1441750.7103752322 0.48868944077809784
7.750000000000001 0.4282462767581315 16.497041792663644 1.3417807765757848 1442075.9562084929 0.48820585688822427
7.760000000000001 0.428863194998717 16.165992298254107 1.34477904025165 1442399.1590691125 0.4877232343541372
7.770000000000001 0.42948070636362584 15.836078610670842 1.347778049613894 1442720.3316870048 0.4872415703973757
7.780000000000001 0.43009880913773313 15.507297392969647 1.3507778022539039 1443039.4867306366 0.4867608622367985
7.790000000000001 0.43071750160272476 15.179645310312852 1.3537782958075204 1443356.6367904355 0.4862811070886759
7.800000000000001 0.43133678203711795 14.853119030055481 1.356779527954841 1443671.7943905347 0.48580230216678144
7.8100000000000005 0.4319566487162814 14.527715221830489 1.3597814964200226 1443984.9719814237 0.4853244446824818
7.820000000000001 0.4325770999124561 14.203430557633054 1.3627841989710845 1444296.1819480977 0.48484753184482776
7.830000000000001 0.43319813389477524 13.880261711903962 1.3657876334197114 1444605.4366055585 0.48437156086064215
7.840000000000001 0.43381974892928504 13.558205361612071 1.3687917976210568 1444912.7481954647 0.4838965289346092
7.8500000000000005 0.43444194327896496 13.23725818633585 1.3717966894735454 1445218.1288930005 0.48342243326936185
7.860000000000001 0.4350647152037479 12.91741686834403 1.374802306918677 1445521.5908046053 0.4829492710655692
7.870000000000001 0.4356880629605408 12.598678092675334 1.3778086479408296 1445823.1459668237 0.48247703952202203
7.880000000000001 0.43631198480324485 12.281038547217316 1.3808157105670626 1446122.806353193 0.4820057358357197
7.890000000000001 0.43693647898277566 11.964494922784317 1.383823492866921 1446420.5838629755 0.48153535720195406
7.900000000000001 0.43756154374708384 11.649043913194513 1.3868319929522388 1446716.490330785 0.48106590081439393
7.910000000000001 0.43818717734117496 11.334682215346099 1.3898412089769425 1447010.537522377 0.48059736386516894
7.920000000000001 0.43881337800713005 11.021406529292586 1.3928511391368557 1447302.7371381533 0.4801297435449522
7.930000000000001 0.4394401439841256 10.709213558317222 1.3958617816695027 1447593.1008087674 0.47966303704304236
7.940000000000001 0.4400674735084541 10.398100009006559 1.3988731348539136 1447881.640102386 0.4791972415474457
7.950000000000001 0.4406953648135437 10.088062591323142 1.4018851970104282 1448168.3665167275 0.47873235424495586
7.960000000000001 0.44132381612997895 9.779098018677356 1.404897966500501 1448453.2914860307 0.4782683723212353
7.970000000000001 0.4419528256855205 9.471203007998403 1.4079114417265057 1448736.4263786466 0.47780529296089347
7.980000000000001 0.4425823917051255 9.16437427980445 1.4109256211315406 1449017.7824955028 0.47734311334756674
7.990000000000001 0.4432125124109674 8.858608558271921 1.4139405031992343 1449297.371073257 0.4768818306639957
8.000000000000002 0.44384318602245626 8.553902571303961 1.4169560864535504 1449575.2032843374 0.4764214420921028
8.010000000000002 0.4444744107562587 8.250253050598063 1.4199723694585942 1449851.2902334468 0.47596194481306964
8.020000000000001 0.4451061848263179 7.947656731712871 1.422989350818418 1450125.6429652357 0.47550333600741224
8.030000000000001 0.4457385064438736 7.6461103541341595 1.4260070291768274 1450398.2724578145 0.47504561285505753
8.040000000000001 0.44637137381748193 7.34561066134 1.4290254032171883 1450669.1896247363 0.47458877253541687
8.05 0.4470047851530356 7.0461544008651105 1.4320444716622331 1450938.4053156588 0.4741328122274615
8.06 0.44763873865378345 6.747738324364403 1.4350642332738683 1451205.9303208555 0.47367772910979544
8.07 0.44827323252035056 6.450359187675728 1.438084686852981 1451471.775360856 0.4732235203607281
8.08 0.448908264950758 6.154013750881826 1.4411058312392477 1451735.9511002426 0.47277018315834674
8.090000000000002 0.4495438341404426 5.858698778371481 1.4441276653109412 1451998.468134771 0.4723177146805886
8.100000000000001 0.45017993828227676 5.5644110388998955 1.4471501879847386 1452259.3370028676 0.4718661121053105
8.110000000000001 0.4508165755665882 5.271147305648282 1.450173398215531 1452518.5681772 0.4714153726103607
8.120000000000001 0.45145374418117956 4.978904356282676 1.453197294996231 1452776.1720709081 0.47096549337364757
8.13 0.4520914423113481 4.687678973011985 1.4562218773575828 1453032.1590350375 0.4705164715732084
8.14 0.45272966813990545 4.397467942645262 1.4592471443679709 1453286.5393601807 0.4700683043872791
8.15 0.453368419847197 4.108268056648232 1.4622730951332306 1453539.323273234 0.46962098899436033
8.16 0.45400769561112153 3.8200761111990467 1.465299728796457 1453790.5209442272 0.46917452257328607
8.170000000000002 0.45464749360715084 3.5328889072433065 1.4683270445378171 1454040.1424809557 0.46872890230328934
8.180000000000001 0.4552878120083491 3.2467032505483227 1.4713550415743593 1454288.1979303302 0.46828412536406816
8.190000000000001 0.45592864898539237 2.9615159517566463 1.4743837191598246 1454534.6972808803 0.46784018893585133
8.2 0.4565700027065879 2.6773238264388626 1.477413076584459 1454779.6504597473 0.46739709019946296
8.21 0.45721187133789354 2.394123695145653 1.480443113174825 1455023.0673371782 0.4669548263363861
8.22 0.45785425304293714 2.1119123834591313 1.4834738282936135 1455264.9577225333 0.4665133945288269
8.23 0.45849714598303576 1.8306867220434635 1.486505221339457 1455505.3313673583 0.46607279195977713
8.24 0.4591405483172149 1.5504435466947684 1.489537291746742 1455744.1979654173 0.4656330158130766
8.25 0.4597844582022278 1.2711796983903119 1.4925700389854235 1455981.5671499409 0.46519406327347457
8.26 0.46042887379257436 0.9928920233369938 1.495603462560838 1456217.4484975114 0.46475593152669137
8.27 0.46107379324052056 0.7155773730191362 1.4986375620135184 1456451.851528233 0.4643186177594788
8.28 0.4617192146961173 0.4392326042455755 1.5016723369190075 1456684.7857033252 0.4638821191596795
8.29 0.4623651363072196 0.1638545791960665 1.5047077868876744 1456916.2604255432 0.46344643291628695
8.3 0.4630115562195054 -0.1105598345330005 1.5077439115645292 1457146.2850450238 0.4630115562195042
