5 0.2391552943533235 5.440000000000001 0.13843986913179696 0.07522769046760598 -3.014545497285387e-05 -0.06000947513740947
10 0.2442410922059077 7.330000000000001 0.3412402614426655 0.13761689029251392 -6.714588780439144e-05 -0.11498954468369547
15 0.24932570894942024 8.59 0.5532435431770706 0.19038759102411623 -9.268548944886991e-05 -0.16593076573772025
20 0.2544091920337218 9.51 0.7561033618965802 0.23502610362969853 -0.0001381264008045309 -0.21280654198247734
25 0.25949158581513126 10.22 0.9450443615874814 0.2733485333835336 -0.00015769341223733727 -0.256321613094489
30 0.2645729318315768 10.8 1.1227517843124628 0.30730911859365395 -0.00017731715494057775 -0.29770228705801266
35 0.269653269047064 11.26 1.280902978258567 0.3362740027935784 -0.00022548275087973997 -0.335560831514928
40 0.2747326340695411 11.65 1.4278489191948824 0.3623028750050653 -0.0002300688121191561 -0.37175077232592585
45 0.2798110613456166 11.98 1.5621627317816473 0.38546495804269054 -0.0003271042992781267 -0.4058622022898588
50 0.2848885833350646 12.26 1.684636160496637 0.4061917486248038 -0.00029976475455298503 -0.43824579092808047
55 0.2899652306676255 12.5 1.7960379684368788 0.4247378350037636 -0.00036858689649888355 -0.46876731796572396
60 0.29504103228424794 12.71 1.8990249304032136 0.44167270819368043 -0.00037180842348718814 -0.4980761003864088
65 0.3001160155646189 12.89 1.9918137572171775 0.4567843950632868 -0.0005137259914770128 -0.5255204328254792
70 0.30519020644257394 13.05 2.078569403517349 0.4708357892339117 -0.0004100445664842701 -0.552294263549156
75 0.310263629510766 13.19 2.1576805012035547 0.4835682628957768 -0.0004470448872685129 -0.5776100565669505
80 0.31533630811579105 13.31 2.22855082231687 0.49494841262812467 -0.0006360576155251101 -0.6011870801749059
85 0.32040826444481085 13.43 2.300704229877276 0.5064076140234153 -0.000600726546361542 -0.6256790269217447
90 0.32547951960458604 13.52 2.359229906997479 0.5158328807194948 -0.0007204149956935232 -0.6471109220165305
95 0.3305500936937143 13.61 2.4182267553373227 0.525235830696824 -0.0007634890977831165 -0.6689037339836842
100 0.3356200058687762 13.69 2.4728722885027503 0.5339661030121086 -0.0007235834240712262 -0.6899295146520853
105 0.34068927440500385 13.76 2.522521846087296 0.5419159713788155 -0.0008509451909890552 -0.7097984595263844
110 0.3457579167520174 13.83 2.572676031318919 0.5498932248214802 -0.0007212944327779388 -0.7301117725009459
115 0.35082594958511 13.88 2.612550414533346 0.5564045365015605 -0.000851109219844541 -0.7478697349143253
120 0.35589338885250926 13.93 2.6524469045709416 0.5628737963696729 -0.000894498305211805 -0.7657708751448711
125 0.36096024981899294 13.98 2.6920747087079957 0.569239967420886 -0.0010316803062651106 -0.7836189705813102
130 0.36602654710619825 14.02 2.726823372969121 0.574942539390135 -0.000982980748350095 -0.8004369265327795
135 0.37109229472992483 14.06 2.7615115450144603 0.5805999459764309 -0.0008344103018311647 -0.8173410796613297
140 0.3761575061347018 14.09 2.790389770607106 0.5854223875903051 -0.0010730831109095598 -0.8323582354996644
145 0.3812221942258598 14.13 2.824410503932981 0.5908824685360003 -0.0011194466555792869 -0.8492698443083236
150 0.3862863713993243 14.15 2.84799236296744 0.5949737826402102 -0.0011650383674006047 -0.8632860503598476
155 0.3913500495693265 14.18 2.8767035496248425 0.5997003840237838 -0.0010031782272212151 -0.8787486350470711
160 0.3964132401942044 14.2 2.8992972974180913 0.6035591731313509 -0.0014715235525498075 -0.8922963689862877
165 0.40147595430045485 14.22 2.9223738005531414 0.607507463605494 -0.001306280076714698 -0.906269434627393
170 0.4065382025051788 14.24 2.944734850712759 0.6112961428244885 -0.001574573889854222 -0.9198461598722906
175 0.41159999503704714 14.26 2.967548959796144 0.6151681129964506 -0.00117874237096519 -0.9338193482164036
180 0.4166613417559081 14.27 2.984234487636224 0.6181934802410126 -0.0014512157359216737 -0.9454813020188096
185 0.42172225217113846 14.29 3.005906142373534 0.621811336586203 -0.0017325231522603067 -0.9591826549649745
190 0.42678273545883855 14.3 3.0227693781045546 0.6248624468098195 -0.0013145680063738573 -0.9714465967472606
195 0.43184280047795714 14.31 3.0387588030604737 0.6277287860766588 -0.001599944507821503 -0.9831832375703128
200 0.4369024557854269 14.32 3.0549360721953476 0.6306298987161215 -0.0014070921108192886 -0.9951016191552118
205 0.4419617096503841 14.33 3.0706851594471307 0.6334386345228664 -0.0014540855132483333 -1.0067877018163285
210 0.4470205700675388 14.34 3.086219273143986 0.6361991379260185 -0.0015015551996007803 -1.0183812718073053
215 0.4520790447697566 14.35 3.101163280470245 0.6388342330533853 -0.0020588204319385533 -1.0291004184177257
220 0.4571371412399092 14.35 3.110834270362903 0.6408264401228583 -0.0023723497034365106 -1.0387843617231372
225 0.46219486672204335 14.36 3.1261276874583284 0.6435284055503743 -0.001908039083699999 -1.0504555814164265
230 0.467252228231917 14.36 3.1355761708412495 0.645473421254843 -0.0019601880992985554 -1.0601160718749796
235 0.47230923256694496 14.37 3.150109804609139 0.6480139763855225 -0.002013717403778262 -1.0712271238297708
240 0.4773658863155945 14.37 3.159175071197892 0.6498788064433756 -0.002066709701499513 -1.080685156270851
245 0.4824221958662674 14.37 3.1680560011555032 0.6517057163267748 -0.0021201095766822885 -1.0900399022261762
250 0.48747816741570227 14.37 3.1769221821881373 0.6535295921859288 -0.0018926148018421698 -1.0994687510722372
255 0.49253380697692917 14.38 3.190410827582958 0.6558479615540537 -0.002514321073052332 -1.109866030034174
260 0.4975891203868038 14.38 3.199246272467098 0.6576642506872862 -0.00170586691280446 -1.1199300498316003
265 0.50264411331315 14.38 3.207123193688677 0.6592834975509911 -0.0023386916970020996 -1.1280694972341436
270 0.5076987912615336 14.38 3.2148513294132477 0.660872158803565 -0.002987257787564442 -1.136603522279765
275 0.5127531595816915 14.38 3.2227329095820383 0.6624923634000502 -0.003050622436554036 -1.1453843020204602
280 0.517807223473637 14.38 3.23104629372994 0.6642013332919144 -0.0018975879242150524 -1.154732305425109
285 0.52286098799346 14.38 3.238329303589986 0.6656984906891353 -0.0025623981615130716 -1.1629967584221923
290 0.5279144580588441 14.38 3.2451972443503307 0.6671103229550002 -0.0038665168282132475 -1.1708554724379747
295 0.5329676384543106 14.38 3.2527737352291006 0.6686678108044062 -0.0033077536424368126 -1.1795987896852176
300 0.5380205338362146 14.37 3.2546452142105733 0.6695181177172943 -0.003371863005074264 -1.1862703306884637
305 0.5430731487374983 14.37 3.261935727000318 0.6710178604170121 -0.0027908403635882113 -1.1948246826556022
310 0.5481254875722231 14.37 3.268825393221338 0.6724351443470261 -0.002849091215073132 -1.202979255827496
315 0.5531775546398885 14.37 3.275332266197499 0.6737736832846047 -0.0035694710586881783 -1.210744925022668
320 0.5582293541295512 14.37 3.2822274763976766 0.6751921076751747 -0.0029666207369742643 -1.2190425017593005
325 0.5632808901237574 14.36 3.2834673127143588 0.6759175234284189 -0.0030247848769786576 -1.2252601171665667
330 0.5683321666022941 14.36 3.2893846579902526 0.6771356373863882 -0.004453572848501596 -1.2324920729009974
335 0.5733831874457753 14.36 3.2961569036845653 0.6785297367032973 -0.0031443119835024534 -1.2408354984616452
340 0.5784339564390667 14.36 3.302566106676721 0.6798491019355422 -0.0025047985893027038 -1.2487995942275243
345 0.5834844772745604 14.35 3.3028985772628974 0.6803913527374507 -0.003971509321097941 -1.25410218003078
350 0.5885347535553078 14.35 3.3093150393567363 0.681713132750276 -0.002609900966517726 -1.2621940696234324
355 0.593584788798016 14.35 3.3145036225053794 0.6827819718395531 -0.0048314908162263494 -1.2687891679160863
360 0.5986345864359176 14.34 3.31565737278555 0.6834959461824994 -0.0027162510162146553 -1.2752772876539538
365 0.6036841498215181 14.34 3.3215259836061968 0.6847057128304522 -0.002032605710762176 -1.2828498167342466
370 0.608733482229228 14.34 3.3264495733112605 0.6857206710199499 -0.004316054895918827 -1.2892507754537945
375 0.6137825868578866 14.33 3.326871700956642 0.6862862709982835 -0.0036317515759606107 -1.2949406554990912
380 0.618831466833181 14.33 3.3320450482064183 0.6873534588888196 -0.004455318085745844 -1.3017600410109353
385 0.6238801252099667 14.32 3.3324858710412926 0.6879244532987701 -0.0029880413805755427 -1.307563844127239
390 0.6289285649744948 14.32 3.3370925937287477 0.6888754182267253 -0.005371726515678234 -1.3137219105074154
395 0.6339767890465484 14.32 3.3427945053264008 0.6900524628025655 -0.0030998012892975743 -1.3213990492593153
400 0.6390248002814976 14.31 3.342199633738179 0.6904117947101737 -0.004737381707867461 -1.3259370085091688
405 0.644072601472269 14.31 3.347527672904205 0.6915124294675259 -0.0032115355725378316 -1.333209992818022
410 0.6491201953512422 14.3 3.3469754007900034 0.691881839712609 -0.004073719869883512 -1.3378758737036271
415 0.6541675845920715 14.3 3.3517688639777226 0.6928727373834227 -0.00413844052102596 -1.3445073531011975
420 0.6592147718114367 14.3 3.356307147364528 0.6938108846605311 -0.005025172642616029 -1.350829927907492
425 0.6642617595707301 14.29 3.3562517306676867 0.694284942948459 -0.002609155171636805 -1.3563005961971066
430 0.6693085503776758 14.29 3.360643686468607 0.6951934769403558 -0.003496453285408805 -1.3625027587648901
435 0.6743551466878931 14.28 3.359749146032081 0.6954951300319875 -0.004398020625505542 -1.3668597522622068
440 0.6794015509063981 14.28 3.3641792835221698 0.6964122041693134 -0.0044642281014012995 -1.3731937099959632
445 0.6844477653890523 14.28 3.3683757718021057 0.697280911038509 -0.005390430959392579 -1.3792341596006714
450 0.6894937924439568 14.27 3.367623368564745 0.6976136824968484 -0.004596216547696204 -1.3838935277178963
455 0.6945396343327981 14.27 3.371853822532687 0.6984900342286833 -0.004663244931670424 -1.390060010034302
460 0.6995852932721431 14.26 3.3708147745917327 0.6987644659748425 -0.004729279069898953 -1.3943644077537602
465 0.7046307714346901 14.26 3.3749197248458658 0.6996154155416369 -0.004796844866065174 -1.4004219059093923
470 0.709676070950474 14.25 3.373917559161099 0.6998984806103259 -0.003965610499638416 -1.4048406706457823
475 0.7147211939080302 14.25 3.3774475615280415 0.700630757925895 -0.0067423073302860575 -1.4101129130987309
480 0.7197661423555183 14.25 3.3818234722867686 0.7015385137431654 -0.00408684006615567 -1.4166901203165918
485 0.7248109183018049 14.24 3.380206215209737 0.7016954415467781 -0.005987827925102676 -1.4202725349271499
490 0.7298555237175129 14.24 3.3840212512671815 0.7024874031137381 -0.006064324133147816 -1.426074541300537
495 0.7348999605360311 14.23 3.3828817317355457 0.702744351028823 -0.004268060477720905 -1.4304354589689603
500 0.7399442306544931 14.23 3.386304021706633 0.7034552818669313 -0.006216792225294511 -1.4357026025990207
