5 0.2391552943533235 5.440000000000001 0.13843987077535805 0.07522769136071072 3.014540478769481e-05 -0.06000946346551854
10 0.2442410922059077 7.330000000000001 0.34124371138976345 0.13761828160252315 6.40794729545033e-05 -0.11499208698696706
15 0.24932570894942024 8.585 0.5522997927281172 0.19017351307964692 9.258701530424661e-05 -0.16572814709638822
20 0.2544091920337218 9.505 0.7549597890970899 0.23479408296214407 0.00013140105434495186 -0.2125774997590304
25 0.25949158581513126 10.22 0.9450443721334233 0.2733485364338854 0.00015769335062421077 -0.2563216054899407
30 0.2645729318315768 10.795 1.1212426359742171 0.3070381959367747 0.0001842541919004452 -0.29739409440373465
35 0.269653269047064 11.26 1.280902992265573 0.33627400647082173 0.00022548268304054556 -0.33556082550434124
40 0.2747326340695411 11.65 1.427809922648495 0.36229298000799565 0.00024519139202723047 -0.3717271955144655
45 0.2798110613456166 11.98 1.5622031423825307 0.38547492939219014 0.00031150526702843355 -0.40588668534205535
50 0.2848885833350646 12.26 1.684594883472289 0.40618179609790744 0.0003158401724517144 -0.43822061000093093
55 0.2899652306676255 12.5 1.7960379875177712 0.4247378395161276 0.00036858681563524376 -0.46876731460467264
60 0.29504103228424794 12.71 1.8989828605133463 0.4416629236343028 0.0003888370074961337 -0.4980500512259253
65 0.3001160155646189 12.89 1.99189799361058 0.4568037130692315 0.00047871540262329245 -0.5255729752865932
70 0.30519020644257394 13.05 2.0784855663782578 0.47081679851583197 0.00044600865232718876 -0.5522414871731121
75 0.310263629510766 13.19 2.15759729363143 0.4835496148424206 0.0004839624821809933 -0.5775572317943293
80 0.31533630811579105 13.315 2.230901135671608 0.49528434657382253 0.0005984035175580211 -0.6018234393497345
85 0.32040826444481085 13.425 2.2983973836029152 0.506088271563053 0.0006004483736251855 -0.6251595029297707
90 0.32547951960458604 13.52 2.3593100721907256 0.5158504084061537 0.0006806905139099771 -0.6470672596743248
95 0.3305500936937143 13.61 2.4183057144221403 0.52525298051142 0.0007227570553238308 -0.6689554097986926
100 0.3356200058687762 13.69 2.4728723138483892 0.5339661084849799 0.0007235833147916028 -0.6899295156545746
105 0.34068927440500385 13.76 2.522598062780613 0.5419323450896947 0.0008083057877583092 -0.7098489921958099
110 0.3457579167520174 13.825 2.5701551790034887 0.5495530901101437 0.0007645643676525267 -0.7294752832181268
115 0.35082594958511 13.88 2.6125504410788487 0.5564045421550545 0.0008511091163873875 -0.7478697370544551
120 0.35589338885250926 13.93 2.6524469314650525 0.5628738020768523 0.0008944981849388758 -0.7657708776327781
125 0.36096024981899294 13.975 2.689645097244027 0.5689297052476304 0.000984949852386525 -0.7828633664111901
130 0.36602654710619825 14.02 2.7268234005172314 0.5749425451985716 0.0009829806063806294 -0.8004369296942776
135 0.37109229472992483 14.06 2.7613768081466765 0.580571617933299 0.0009311329533207326 -0.817249385591505
140 0.3761575061347018 14.09 2.7903897986577957 0.5854223934753259 0.0010730829641319012 -0.8323582393050856
145 0.3812221942258598 14.125 2.821857236661989 0.5905572836011036 0.0011190699683937752 -0.8486103298815869
150 0.3862863713993243 14.15 2.847992391478433 0.5949737885964387 0.0011650382273668478 -0.8632860547390913
155 0.3913500495693265 14.175 2.8740081342748742 0.5993498127355623 0.0011072100350620478 -0.877747973125741
160 0.3964132401942044 14.2 2.8994181979311637 0.6035843415105185 0.001365266144654471 -0.8923789547798252
165 0.40147595430045485 14.22 2.922373829636302 0.6075074696513453 0.0013062799186191307 -0.9062694398246603
170 0.4065382025051788 14.24 2.9448505385811337 0.611320158415465 0.0014645028420264654 -0.919924950579006
175 0.41159999503704714 14.255 2.964834909369726 0.6148210701308391 0.001290381339647682 -0.9327338648475856
180 0.4166613417559081 14.27 2.9842345172425824 0.618193486374062 0.001451215519641103 -0.9454813080059921
185 0.42172225217113846 14.285 3.0034027555163028 0.6215109415829788 0.0016163045811373822 -0.9585337230198088
190 0.42678273545883855 14.3 3.022663525703822 0.6248405651569876 0.0014322656854597587 -0.9713755139482401
195 0.43184280047795714 14.31 3.0387588329598767 0.6277287922531003 0.0015999443178849912 -0.9831832442017997
200 0.4369024557854269 14.32 3.0548347182831814 0.6306089762464353 0.0015286026048454962 -0.9950343518204207
205 0.4419617096503841 14.33 3.07058596287107 0.6334181716813745 0.0015775022771794375 -1.0067223354315584
210 0.4470205700675388 14.335 3.08349211979808 0.6358586653667322 0.0016264227325076734 -1.0175646757042054
215 0.4520790447697566 14.345 3.0986253323544313 0.6385339058445189 0.0019310276931277226 -1.0284371862581843
220 0.4571371412399092 14.35 3.111020647655354 0.6408648335204041 0.0021140675163894788 -1.0389718012654836
225 0.46219486672204335 14.355 3.1234906127979554 0.6432095098033238 0.0019075682776831615 -1.0496869533020279
230 0.467252228231917 14.36 3.135576201320712 0.6454734275291867 0.0019601878348534585 -1.0601160799505822
235 0.47230923256694496 14.365 3.1474693170527215 0.6476961616015747 0.0020132370199204353 -1.070448324503156
240 0.4773658863155945 14.365 3.156534063330943 0.6495615336763673 0.0020662243093715754 -1.0799018797217912
245 0.4824221958662674 14.37 3.1680560317320428 0.6517057226167221 0.002120109360989946 -1.0900399107996004
250 0.48747816741570227 14.37 3.176840010126801 0.653512688443673 0.002033185065156217 -1.099380965217987
255 0.49253380697692917 14.375 3.187847347970969 0.65554892863675 0.0023713408581567796 -1.1091559090000556
260 0.4975891203868038 14.375 3.196444109796208 0.6573167667384922 0.0019941273968490476 -1.1184740587419966
265 0.50264411331315 14.375 3.2044787787362754 0.6589690160593275 0.0023381840842733844 -1.1272642178787953
270 0.5076987912615336 14.375 3.212358755204299 0.660589454420212 0.002690350522415284 -1.1359627480005412
275 0.5127531595816915 14.375 3.2202373765301346 0.6622096141096567 0.0027499003891855024 -1.1447378580771808
280 0.517807223473637 14.375 3.2282559916041556 0.6638585621134784 0.0022010746093164783 -1.1537505632647556
285 0.52286098799346 14.375 3.2356850023701638 0.6653862638874003 0.002561873996153568 -1.162176102865198
290 0.5279144580588441 14.375 3.2428343113559723 0.666856447787242 0.003242716199249045 -1.1703542298506846
295 0.5329676384543106 14.375 3.2502676798439083 0.6683850456831011 0.0029917745794765054 -1.1789307052043962
300 0.5380205338362146 14.37 3.254780530532737 0.6695459538479164 0.0030526052366032035 -1.1864283027523845
305 0.5430731487374983 14.37 3.261935757739989 0.6710178667405174 0.002790840054849655 -1.1948246929383637
310 0.5481254875722231 14.37 3.268825423783521 0.6724351506340202 0.002849090921400305 -1.2029792662207472
315 0.5531775546398885 14.365 3.2728194363754715 0.6734911044471716 0.0032382372194154256 -1.2100575798686604
320 0.5582293541295512 14.365 3.279587166128403 0.6748837892177526 0.002966070250961205 -1.2181986626664603
325 0.5632808901237574 14.36 3.283467343371173 0.6759175297392715 0.003024784531181185 -1.225260127901588
330 0.5683321666022941 14.36 3.2896269886073397 0.6771855223083175 0.0037693434516344274 -1.2327891790617227
335 0.5733831874457753 14.355 3.2935198917967097 0.6782230452206867 0.0031437507816872183 -1.2399832324869946
340 0.5784339564390667 14.355 3.2998129674847436 0.6795189563119095 0.002853959366680168 -1.247798760757461
345 0.5834844772745604 14.35 3.30301337579853 0.6804150010357936 0.003617966162445094 -1.2542462408990571
350 0.5885347535553078 14.345 3.3065689207951277 0.6813848534360024 0.002966672865864742 -1.261191275434289
355 0.593584788798016 14.345 3.312092416490217 0.6825230805211792 0.004108597303999774 -1.268208872587212
360 0.5986345864359176 14.34 3.3155486176684494 0.6834735271948577 0.00308121175344404 -1.2751375765874524
365 0.6036841498215181 14.335 3.3186824748885395 0.684358165117275 0.0027695659487784034 -1.2817054158991132
370 0.608733482229228 14.335 3.323925735873316 0.6854393979540782 0.003942787566540167 -1.2885177170001272
375 0.6137825868578866 14.33 3.3268717312344442 0.6862862772441631 0.003631751234441657 -1.2949406670980754
380 0.618831466833181 14.325 3.329520876219002 0.6870724903433916 0.004074429017550623 -1.3010200184549319
385 0.6238801252099667 14.32 3.332385967493738 0.6879038302275873 0.0033720448949249807 -1.3074308087042081
390 0.6289285649744948 14.32 3.3372894734679672 0.688916060075546 0.004596088150747678 -1.3139857614611639
395 0.6339767890465484 14.315 3.340075854896714 0.689732080528383 0.0034908231033897404 -1.320387271596543
400 0.6390248002814976 14.31 3.342294952053107 0.6904314850028221 0.004341852960980911 -1.3260664232243644
405 0.644072601472269 14.305 3.344815385108546 0.69119364834217 0.0036101675646317056 -1.3321968444731553
410 0.6491201953512422 14.3 3.346975430671325 0.6918818458896318 0.00407371945526469 -1.3378758858146527
415 0.6541675845920715 14.3 3.3517688935922454 0.6928727435052933 0.0041384402911912406 -1.3445073652281576
420 0.6592147718114367 14.295 3.3537816958199453 0.6935313204946445 0.004613901020503366 -1.3500637175096677
425 0.6642617595707301 14.29 3.35607631480172 0.6942486558626657 0.0034380915919097602 -1.3560538758949023
430 0.6693085503776758 14.285 3.357945974130284 0.694878554111108 0.0039141104753434445 -1.3614860524106003
435 0.6743551466878931 14.28 3.3597491755355122 0.6954951361394354 0.004398020115409357 -1.3668597646456773
440 0.6794015509063981 14.28 3.3641793129708324 0.6964122102654238 0.004464227693046944 -1.3731937224555206
445 0.6844477653890523 14.275 3.365851086457762 0.6970023292750002 0.004960108664083972 -1.3784535550009718
450 0.6894937924439568 14.27 3.367623397912512 0.6976136885763299 0.004596216039559753 -1.3838935402613664
455 0.6945396343327981 14.265 3.369249981108116 0.6981952778061109 0.004662613853925814 -1.3891571758551033
460 0.6995852932721431 14.26 3.370814803583794 0.69876447198485 0.004729278670001821 -1.3943644203393537
465 0.7046307714346901 14.255 3.3723192269540108 0.699321540429188 0.004796208709630319 -1.399516097155453
470 0.709676070950474 14.25 3.3738411200238416 0.6998826237806649 0.0044143432844409485 -1.4047268990427455
475 0.7147211939080302 14.25 3.3775984434287203 0.700662057449723 0.005837229750485085 -1.4103387361884607
480 0.7197661423555183 14.245 3.3791529775845213 0.7012305818331458 0.004542544079058495 -1.415667713955076
485 0.7248109183018049 14.24 3.380279461493794 0.7017106467089371 0.005527674699292597 -1.4203834722878832
490 0.7298555237175129 14.235 3.3815004242356816 0.7022106685333678 0.00559971662281555 -1.425271402453177
495 0.7348999605360311 14.23 3.3828106893020338 0.7027295929991924 0.004735827404718967 -1.4303264972935013
500 0.7399442306544931 14.225 3.3837844806227424 0.7031789601797449 0.005744566905669257 -1.4348950195304564
