1e-15 0.1895294519016866 500 7.234973179291102e-48 -1459021.0838598371 1.0
0.010000000000001 0.18952986327492882 500.18717514545864 7.236571720088057e-09 -1461794.985634276 0.9999978608151252
0.020000000000001003 0.18953094829465 500.1803390464965 5.7896067499100985e-08 -1461762.0463977063 0.9999914427441133
0.030000000000001 0.18953275203814063 500.16885063444016 1.9539843708322656e-07 -1461705.4644528695 0.9999807462521699
0.040000000000001 0.1895352764626524 500.15272614833503 4.631603704951437e-07 -1461625.5974651019 0.9999657715801947
0.050000000000001 0.18953852191664186 500.1319727585768 9.045928494223202e-07 -1461522.568840273 0.9999465191138529
0.060000000000001004 0.1895424885103847 500.1065944129487 1.5630992428096442e-06 -1461396.4388166703 0.9999229893567635
0.07000000000000099 0.1895471762976257 500.07659374375436 2.482073403411156e-06 -1461247.2437697302 0.9998951829266287
0.080000000000001 0.18955258531583047 500.0419728005872 3.704897765246978e-06 -1461075.0094857852 0.9998631005542324
0.090000000000001 0.18955871559810944 500.00273337536845 5.274941442019019e-06 -1460879.7566674615 0.9998267430830754
0.10000000000000099 0.18956556717749481 499.9588771633373 7.235558326582839e-06 -1460661.5035725855 0.9997861114691975
0.110000000000001 0.18957314008869952 499.91040584985905 9.630085191592463e-06 -1460420.2673940416 0.999741206781066
0.120000000000001 0.18958143436891933 499.85732116046785 1.2501839791444438e-05 -1460156.0650455577 0.9996920301994876
0.130000000000001 0.18959045005822922 499.7996248913052 1.589411896565251e-05 -1459868.913625678 0.9996385830175277
0.14000000000000098 0.18960018719979235 499.7373189284622 1.9850196743787157e-05 -1459558.8307425026 0.9995808666404329
0.150000000000001 0.1896106458399761 499.6704052607242 2.4413322452115903e-05 -1459225.8346701115 0.9995188825855491
0.160000000000001 0.1896218260284191 499.59888598822465 2.962671882208132e-05 -1458869.944510153 0.9994526324822376
0.17000000000000098 0.18963372781807125 499.52276332847043 3.5533580100754224e-05 -1458491.1802660618 0.9993821180717862
0.180000000000001 0.18964635126521842 499.44203962062596 4.217707016339992e-05 -1458089.5629172123 0.9993073412073151
0.190000000000001 0.1896596964294974 499.3567173286111 4.960032062829546e-05 -1457665.1144488275 0.9992283038536774
0.20000000000000098 0.18967376337390535 499.26679904337215 5.7846428973935985e-05 -1457217.8579139002 0.9991450080873544
0.210000000000001 0.18968855216480546 499.1722874845628 6.695845665876811e-05 -1456747.817438084 0.9990574560963449
0.220000000000001 0.18970406287193003 499.073185501797 7.697942724358817e-05 -1456255.0182402339 0.9989656501800496
0.23000000000000098 0.18972029556838219 498.96949607558446 8.795232451674318e-05 -1455739.4866443977 0.9988695927491485
0.240000000000001 0.18973725033063604 498.8612223180272 9.992009062227179e-05 -1455201.2500904007 0.998769286325474
0.250000000000001 0.18975492723853635 498.74836747333404 0.00011292562419112276 -1454640.337174375 0.9986647335418769
0.260000000000001 0.1897733263752974 498.6309349181931 0.00012701177847558766 -1454056.7775892643 0.9985559371420876
0.270000000000001 0.18979244782750138 498.5089281620334 0.0001422213594870848 -1453450.6021897057 0.9984428999805712
0.280000000000001 0.18981229168509653 498.3823508471973 0.0001585971241374305 -1452821.8429675214 0.9983256250223767
0.29000000000000103 0.1898328580413948 498.25120674904133 0.00017618177838373404 -1452170.5330343782 0.9982041153429804
0.30000000000000104 0.18985414699306946 498.11549977597815 0.00019501797537705174 -1451496.7066673283 0.9980783741281243
0.310000000000001 0.1898761586401523 497.9752339694701 0.00021514831361493564 -1450800.3992859065 0.9979484046736475
0.320000000000001 0.1898988930860308 497.8304135039814 0.00023661533509801165 -1450081.6474325005 0.9978142103853129
0.330000000000001 0.189922350437445 497.6810426868963 0.00025946152349072196 -1449340.488802466 0.9976757947786278
0.340000000000001 0.18994653080448426 497.52712595840705 0.0002837293022863654 -1448576.9622275247 0.9975331614786583
0.35000000000000103 0.18997143430058397 497.3686678913759 0.00030946103297656974 -1447791.1076633567 0.9973863142198394
0.36000000000000104 0.18999706104252195 497.2056731911744 0.00033669901322532907 -1446982.966206434 0.9972352568457776
0.37000000000000105 0.19002341115041485 497.0381466955029 0.0003654854750477392 -1446152.5800890774 0.9970799933090494
0.380000000000001 0.19005048474771433 496.86609337419117 0.00039586258299356285 -1445299.9926747074 0.9969205276709929
0.390000000000001 0.1900782819612032 496.6895183289831 0.0004278724323357572 -1444425.2484408757 0.9967568641014951
0.400000000000001 0.19010680292099136 496.5084267933064 0.00046155704726409425 -1443528.3929915926 0.9965890068787719
0.41000000000000103 0.1901360477605117 496.32282413202785 0.0004969583790840053 -1442609.4730380187 0.9964169603891445
0.42000000000000104 0.19016601661651586 496.1327158411964 0.00053411830442078 -1441668.536423457 0.996240729126808
0.43000000000000105 0.19019670962906976 495.93810754777377 0.0005730786234292482 -1440705.6320884638 0.9960603176935963
0.440000000000001 0.19022812694154922 495.7390050093537 0.0006138810580090759 -1439720.8100718444 0.9958757307987405
0.450000000000001 0.1902602687006353 495.53541411387056 0.0006565672500258021 -1438714.1215234713 0.9956869732586222
0.460000000000001 0.1902931350563096 495.32734087929754 0.000701178759537745 -1437685.6187086194 0.9954940499965206
0.47000000000000103 0.1903267261618494 495.1147914533351 0.0007477570630289051 -1436635.3549567428 0.995296966042355
0.48000000000000104 0.19036104217382277 494.8977721130898 0.0007963435516479915 -1435563.3846783587 0.9950957265324212
0.49000000000000105 0.19039608325208351 494.67628926474407 0.0008469795294536983 -1434469.763409249 0.9948903367091227
0.500000000000001 0.19043184955976597 494.4503494432172 0.000899706211666355 -1433354.5477170146 0.9946808019206967
0.510000000000001 0.19046834126327977 494.2199593118175 0.0009545647229260774 -1432217.7952646262 0.9944671276209339
0.520000000000001 0.19050555853230444 493.9851256618862 0.0010115960955575417 -1431059.5647653036 0.9942493193688937
0.530000000000001 0.1905435015397839 493.745855412433 0.0010708412678415071 -1429879.9160056638 0.994027382828614
0.540000000000001 0.19058217046192083 493.5021556097639 0.0011323410822932061 -1428678.9098393095 0.993801323768815
0.550000000000001 0.19062156547817105 493.25403342710075 0.0011961362839477292 -1427456.6081861593 0.9935711480625986
0.560000000000001 0.1906616867712376 493.0014961641932 0.0012622675186525218 -1426213.0739305115 0.9933368616871415
0.5700000000000011 0.19070253452706482 492.7445512469232 0.0013307753313671143 -1424948.3710828712 0.9930984707233842
0.5800000000000011 0.19074410893483232 492.48320622690187 0.0014017001644702075 -1423662.5646372873 0.9928559813557133
0.590000000000001 0.19078641018694883 492.2174687810589 0.0014750823560742295 -1422355.7206668167 0.9926093998716404
0.600000000000001 0.19082943847904593 491.94734671122495 0.0015509621383474844 -1421027.9062073817 0.9923587326614741
0.610000000000001 0.19087319400997163 491.67284794370636 0.0016293796358440092 -1419679.1893397507 0.9921039862179876
0.620000000000001 0.19091767698178388 491.39398052885326 0.0017103748638412563 -1418309.6391382066 0.9918451671360814
0.630000000000001 0.19096288759974409 491.11075264062043 0.0017939877266857172 -1416919.325722996 0.9915822821124405
0.640000000000001 0.19100882607231026 490.82317257612107 0.0018802580161466028 -1415508.3201356404 0.9913153379451867
0.650000000000001 0.19105549261113025 490.53124875517403 0.001969225409777694 -1414076.6944602942 0.9910443415335253
0.660000000000001 0.19110288743103485 490.23498971984384 0.002060929469287478 -1412624.5217467397 0.9907692998773879
0.670000000000001 0.19115101075003071 489.93440413397434 0.0021554096389176784 -1411151.876041776 0.9904902200770693
0.680000000000001 0.1911998627892932 489.6295007827154 0.0022527052438302965 -1409658.8323384072 0.9902071093328594
0.6900000000000011 0.1912494437731592 489.3202885720432 0.002352855488503272 -1408145.466612593 0.9899199749446705
0.7000000000000011 0.19129975392911963 489.0067765282736 0.002455899455134872 -1406611.855760323 0.9896288243116603
0.7100000000000011 0.19135079348781206 488.68897379756953 0.002561876102056918 -1405058.0776588493 0.989333664931848
0.720000000000001 0.1914025626830131 488.36688964544163 0.002670824262156962 -1403484.2111235403 0.9890345044017282
0.730000000000001 0.19145506175163063 488.04053345624243 0.002782782641309515 -1401890.3358982578 0.9887313504158781
0.740000000000001 0.19150829093369612 487.7099147326544 0.002897789816816437 -1400276.5326558214 0.98842421076656
0.750000000000001 0.1915622504723566 487.37504309517163 0.0030158842358565916 -1398642.8829591505 0.9881130933433203
0.760000000000001 0.19161694061386664 487.03592828157537 0.0031371042139448726 -1396989.4693119617 0.9877980061325828
0.770000000000001 0.19167236160758028 486.6925801464031 0.0032614879334007035 -1395316.375090916 0.9874789572172371
0.780000000000001 0.19172851370594274 486.3450086604119 0.003389073441826115 -1393623.6846485354 0.987155954776223
0.790000000000001 0.191785397164482 485.9932239100357 0.0035198986505934993 -1391911.4831277332 0.9868290070841099
0.800000000000001 0.19184301224180045 485.6372360968359 0.0036540013333431444 -1390179.8566467187 0.9864981225106721
0.810000000000001 0.19190135919956616 485.2770555369472 0.0037914191244906455 -1388428.892095532 0.9861633095204584
0.8200000000000011 0.19196043830250434 484.91269266051626 0.003932189517744296 -1386658.6773111015 0.9858245766723586
0.8300000000000011 0.19202024981838842 484.5441580111353 0.004076349864632553 -1384869.3009449532 0.9854819326191643
0.840000000000001 0.19208079401803121 484.17146224526977 0.00422393737304167 -1383060.8525336313 0.985135386107126
0.850000000000001 0.19214207117527585 483.7946161316799 0.0043749891057636055 -1381233.4223869578 0.9847849459755057
0.860000000000001 0.19220408156698662 483.41363055083707 0.004529541979054283 -1379387.1017323646 0.9844306211561246
0.870000000000001 0.19226682547303983 483.0285164943342 0.004687632761202314 -1377521.9825736007 0.9840724206729068
0.880000000000001 0.19233030317631433 482.6392850642906 0.004849298071108266 -1375638.157743078 0.9837103536414189
0.890000000000001 0.19239451496268214 482.24594747275125 0.005014574376874572 -1373735.7208737985 0.983344429268405
0.900000000000001 0.19245946112099882 481.8485150410806 0.005183497994406164 -1371814.766387012 0.9829746568513176
0.910000000000001 0.1925251419430938 481.446999199351 0.005356105086021928 -1369875.3895461634 0.9826010457778437
0.920000000000001 0.1925915577237606 481.0414114857258 0.0055324316590770715 -1367917.6863064202 0.982223605525428
0.930000000000001 0.1926587087607469 480.6317635458367 0.005712513564596477 -1365941.7535131222 0.9818423456607909
0.9400000000000011 0.1927265953547445 480.2180671321563 0.005896386495919138 -1363947.688652516 0.9814572758394424
0.9500000000000011 0.19279521780937933 479.80033410336523 0.006084085987353766 -1361935.5900699538 0.9810684058051928
0.9600000000000011 0.19286457643120097 479.37857642371404 0.006275647412845634 -1359905.5568201982 0.9806757453896587
0.970000000000001 0.19293467152967256 478.9528061623799 0.006471105984654765 -1357857.6886690094 0.9802793045117646
0.980000000000001 0.19300550341716013 478.52303549281845 0.006670496752045525 -1355792.0861221638 0.9798790931772419
0.990000000000001 0.19307707240892222 478.0892766921105 0.006873854599987711 -1353708.850443104 0.9794751214781225
1.000000000000001 0.193149378823099 477.6515421403038 0.007081214247869211 -1351608.0836158819 0.9790673995922301
1.0100000000000011 0.19322242298070164 477.20984431974966 0.007292610248220319 -1349489.8882563068 0.9786559377826655
1.0200000000000011 0.19329620520560137 476.7641958144352 0.007508076985449772 -1347354.3677247418 0.9782407463972908
1.030000000000001 0.19337072582451845 476.3146093093103 0.007727648674592594 -1345201.6260706664 0.9778218358682075
1.040000000000001 0.193445985167011 475.86109758961004 0.007951359360069816 -1343031.7680064163 0.9773992167112323
1.050000000000001 0.19352198356546385 475.40367354017246 0.00817924291446015 -1340844.898878127 0.9769728995253688
1.060000000000001 0.1935987213550772 474.9423501447516 0.008411333037283687 -1338641.1247592857 0.9765428949922752
1.070000000000001 0.19367619887385507 474.4771404853259 0.00864766325379768 -1336420.5522886117 0.976109213875729
1.080000000000001 0.19375441646259386 474.0080577414024 0.008888266913804512 -1334183.2888370587 0.9756718670210883
1.090000000000001 0.19383337446487062 473.53511518931595 0.009133177190471872 -1331929.4423493028 0.9752308653547486
1.100000000000001 0.19391307322703122 473.0583262015243 0.009382427079165256 -1329659.1213465857 0.9747862198835969
1.110000000000001 0.19399351309817855 472.5777042458991 0.009636049396292819 -1327372.4350438702 0.9743379416944629
1.120000000000001 0.19407469443016043 472.0932628850118 0.009894076778162664 -1325069.4932110268 0.973886041953565
1.130000000000001 0.19415661757755756 471.60501577541623 0.010156541679852632 -1322750.4062176677 0.9734305319059554
1.140000000000001 0.19423928289767126 471.1129766669264 0.01042347637409264 -1320415.2850477418 0.9729714228749597
1.1500000000000008 0.19432269075051112 470.61715940189015 0.010694912950159648 -1318064.2411880696 0.9725087262616147
1.1600000000000008 0.19440684149878262 470.11757791445933 0.010970883312785307 -1315697.3867331499 0.9720424535441019
1.1700000000000008 0.1944917355078745 469.6142462298551 0.011251419181076337 -1313314.8343700997 0.9715726162771793
1.1800000000000008 0.19457737314584614 469.10717846362996 0.01153655208744771 -1310916.6972216496 0.9710992260916085
1.1900000000000008 0.19466375478341474 468.59638882092554 0.011826313376568687 -1308503.0890370768 0.9706222946935796
1.2000000000000008 0.19475088079394254 468.08189159572663 0.012120734204321755 -1306074.124067378 0.970141833864133
1.2100000000000009 0.19483875155342364 467.5637011701115 0.012419845536774535 -1303629.9170669403 0.9696578554585779
1.2200000000000009 0.1949273674404711 467.0418320134982 0.012723678149164702 -1301170.5832708885 0.9691703714059082
1.2300000000000009 0.19501672883630355 466.5162986818879 0.013032262624897973 -1298696.238480088 0.9686793937082152
1.2400000000000009 0.195106836124732 465.98711581710364 0.01334562935455921 -1296206.9988878528 0.9681849344400979
1.2500000000000009 0.19519768969214632 465.45429814602625 0.013663808534936685 -1293702.9812169466 0.9676870057480697
1.260000000000001 0.19528928992750166 464.9178604798266 0.013986830168059568 -1291184.3026335442 0.967185619849963
1.270000000000001 0.19538163722230495 464.37781771319436 0.014314724060248672 -1288651.0808224268 0.9666807890343311
1.280000000000001 0.19547473197060095 463.8341848235635 0.01464751982118049 -1286103.4338376422 0.9661725256598468
1.290000000000001 0.1955685745689585 463.2869768703343 0.014985246862964603 -1283541.4802217612 0.9656608421546992
1.300000000000001 0.19566316541645645 462.7362089940923 0.015327934399234461 -1280965.3388495038 0.965145751015987
1.310000000000001 0.1957585049146697 462.181896415824 0.015675611444251603 -1278375.129132165 0.9646272648091099
1.320000000000001 0.19585459346765483 461.6240544361293 0.01602830681202335 -1275770.970809883 0.9641053961671576
1.330000000000001 0.19595143148193586 461.06269843443135 0.016386049115434016 -1273152.9840830697 0.9635801577902958
1.340000000000001 0.19604901936648989 460.49784386818266 0.01674886676538965 -1270521.2894516923 0.9630515624451499
1.350000000000001 0.1961473575327324 459.9295062720689 0.01711678796997638 -1267876.0078735412 0.9625196229641868
1.360000000000001 0.19624644639450284 459.3577012572095 0.017489840733632366 -1265217.260589615 0.9619843522450939
1.370000000000001 0.19634628636804966 458.78244451035556 0.01786805285633342 -1262545.1692921997 0.9614457632501564
1.380000000000001 0.19644687787201556 458.2037517930849 0.018251451932792297 -1259859.8559731366 0.9609038690056312
1.390000000000001 0.19654822132742253 457.62163894099456 0.018640065351671703 -1257161.4429152142 0.9603586826011202
1.4000000000000008 0.1966503171576567 457.0361218628905 0.019033920294811064 -1254450.0528058554 0.9598102171889403
1.4100000000000008 0.19675316578845328 456.447216539975 0.019433043736467058 -1251725.8086265833 0.9592584859834916
1.4200000000000008 0.1968567676478811 455.854939025031 0.01983746244256795 -1248988.8336166302 0.958703502260624
1.4300000000000008 0.19696112316632733 455.2593054416047 0.02024720296998176 -1246239.2513395646 0.9581452793570009
1.4400000000000008 0.19706623277648191 454.66033198318524 0.020662291665798273 -1243477.1857035854 0.9575838306694621
1.4500000000000008 0.19717209691332196 454.0580349123824 0.02108275466662494 -1240702.760824752 0.9570191696543839
1.4600000000000009 0.19727871601409605 453.4524305601018 0.02150861789789667 -1237916.1011126747 0.9564513098270377
1.4700000000000009 0.1973860905183083 452.84353532471783 0.021939907073199528 -1235117.3311953607 0.9558802647609468
1.4800000000000009 0.19749422086770252 452.23136567124493 0.022376647693608392 -1232306.5760212948 0.955306048087241
1.4900000000000009 0.1976031075062461 451.6159381305062 0.022818865047038554 -1229483.9607350512 0.9547286734940105
1.5000000000000009 0.19771275088011386 450.99726929830047 0.023266584207611293 -1226649.610672456 0.954148154725657
1.510000000000001 0.19782315143767182 450.375375834567 0.023719830035033442 -1223803.6514396123 0.953564505582244
1.520000000000001 0.19793430962946076 449.75027446254876 0.024178627173990958 -1220946.2088441506 0.9529777399188453
1.530000000000001 0.19804622590817977 449.1219819679535 0.024643000053556494 -1218077.408828493 0.9523878716448909
1.540000000000001 0.19815890072866965 448.4905151981132 0.025112972886611018 -1215197.3776383959 0.9517949147235139
1.550000000000001 0.19827233454789622 447.8558910611419 0.025588569669279464 -1212306.2415929788 0.9511988831708934
1.560000000000001 0.19838652782493352 447.21812652509175 0.026069814180380412 -1209404.127278564 0.9505997910555974
1.570000000000001 0.19850148102094683 446.57723861710764 0.026556729980889857 -1206491.1613014245 0.9499976524979242
1.580000000000001 0.1986171945991758 445.93324442258023 0.027049340413419 -1203567.4705472908 0.9493924816692421
1.590000000000001 0.1987336690249171 445.2861610842974 0.02754766860170614 -1200633.1819497892 0.948784292791328
1.600000000000001 0.1988509047655074 444.63600580159476 0.028051737450122623 -1197688.4226618928 0.9481731001357055
1.610000000000001 0.19896890229030595 443.9827958295042 0.02856156964319285 -1194733.3198664524 0.9475589180229806
1.620000000000001 0.19908766207067707 443.32654847790184 0.029077187645128396 -1191768.0009299754 0.9469417608221773
1.630000000000001 0.1992071845799727 442.66728111065424 0.029598613699376157 -1188792.5932634634 0.9463216429500716
1.640000000000001 0.19932747029351464 442.00501114476384 0.030125869828180624 -1185807.2243696246 0.945698578870525
1.6500000000000008 0.1994485196885769 441.33975604951314 0.03065897783216018 -1182812.0218622047 0.9450725830938165
1.6600000000000008 0.1995703332443678 440.67153334560794 0.03119795928989751 -1179807.1134291792 0.9444436701759736
1.6700000000000008 0.19969291144201184 440.00036060431967 0.031742835557544036 -1176792.6268308181 0.9438118547181037
1.6800000000000008 0.1998162547645319 439.3262554466267 0.03229362776843843 -1173768.6898164402 0.9431771513657223
1.6900000000000008 0.19994036369683085 438.64923554235503 0.03285035683273918 -1170735.4302517578 0.9425395748080831
1.7000000000000008 0.2000652387256733 437.96931860931807 0.0334130434370712 -1167692.9760017039 0.9418991397775058
1.7100000000000009 0.20019088033966725 437.2865224124558 0.033981708044186466 -1164641.4549038673 0.9412558610487026
1.7200000000000009 0.20031728902924556 436.6008647629731 0.03455637089263865 -1161580.9949254824 0.9406097534381066
1.7300000000000009 0.20044446528664733 435.912363517478 0.035137051996471824 -1158511.723911076 0.9399608318031963
1.7400000000000009 0.20057240960589925 435.22103657711887 0.03572377114492309 -1155433.7698089362 0.9393091110418227
1.7500000000000009 0.20070112248279678 434.52690188672136 0.03631654790213926 -1152347.2605258808 0.9386546060915336
1.760000000000001 0.20083060441488518 433.8299774339251 0.03691540160690744 -1149252.3239527347 0.9379973319288983
1.770000000000001 0.20096085590144055 433.13028124831993 0.03752035137239962 -1146149.0878414374 0.9373373035688327
1.780000000000001 0.2010918774434507 432.42783140058197 0.038131416085931125 -1143037.6800321026 0.936674536063922
1.790000000000001 0.2012236695435959 431.72264600160923 0.03874861440873307 -1139918.228318347 0.9360090445037456
1.800000000000001 0.20135623270622963 431.01474320165744 0.03937196477573861 -1136790.8603729438 0.9353408440141993
1.810000000000001 0.20148956743735905 430.30414118947556 0.040001485395383125 -1133655.7038171494 0.9346699497568193
1.820000000000001 0.20162367424462552 429.5908581914413 0.04063719424941824 -1130512.8861726008 0.933996376928105
1.830000000000001 0.20175855363728504 428.874912470697 0.04127910909273962 -1127362.534901831 0.9333201407588414
1.840000000000001 0.20189420612618839 428.1563223262848 0.041927247453228664 -1124204.7773874186 0.9326412565134223
1.850000000000001 0.20203063222376139 427.4351060922831 0.042581626631607826 -1121039.740896932 0.931959739489173
1.860000000000001 0.20216783244398495 426.7112821369423 0.04324226370130982 -1117867.5525848935 0.9312756050156724
1.870000000000001 0.20230580730237502 425.9848688618214 0.043909175508360446 -1114688.339447308 0.9305888684540767
1.880000000000001 0.20244455731596242 425.25588470092447 0.044582378671275145 -1111502.228411111 0.9298995451964417
1.890000000000001 0.2025840830032727 424.52434811983807 0.04526188958096918 -1108309.3462492486 0.9292076506650458
1.9000000000000008 0.20272438488430577 423.79027761486867 0.04594772440068147 -1105109.819545055 0.9285132003117135
1.9100000000000008 0.2028654634805154 423.05369171218086 0.046639899065911976 -1101903.7747832916 0.9278162096171384
1.9200000000000008 0.20300731931478874 422.3146089669361 0.04733842928437267 -1098691.3382362765 0.9271166940902074
1.9300000000000008 0.20314995291142574 421.5730479624319 0.048043330535952014 -1095472.6360441262 0.9264146692673242
1.9400000000000008 0.20329336479611831 420.8290273092421 0.04875461807269289 -1092247.7941488014 0.9257101507117342
1.9500000000000008 0.2034375554959296 420.08256564435766 0.04947230691878405 -1089016.9383145107 0.9250031540128489
1.9600000000000009 0.203582525539273 419.33368163032804 0.05019641187056487 -1085780.19412233 0.9242936947855714
1.9700000000000009 0.20372827545589114 418.5823939544041 0.05092694749654354 -1082537.686889479 0.9235817886696219
1.9800000000000009 0.2038748057768348 417.8287213276813 0.051663928137428594 -1079289.5417544714 0.922867451328864
1.9900000000000009 0.20402211703444165 417.07268248424424 0.052407367906173626 -1076035.8836570126 0.9221506984506321
2.000000000000001 0.20417020976231492 416.31429618031206 0.05315728068803535 -1072776.8372356046 0.921431545745058
2.010000000000001 0.2043190844953021 415.5535811933852 0.053913680140644814 -1069512.5270053002 0.9207100089443997
2.020000000000001 0.20446874176947327 414.79055632139307 0.054676579694091725 -1066243.0771073154 0.9199861038023702
2.0300000000000007 0.20461918212209967 414.0252403818431 0.05544599255102195 -1062968.6115450938 0.9192598460934669
2.040000000000001 0.20477040609163188 413.257652210971 0.05622193168674803 -1059689.253985016 0.9185312516123022
2.0500000000000007 0.2049224142176781 412.48781066289234 0.0570044098493727 -1056405.1278896243 0.9178003361729344
2.060000000000001 0.2050752070409822 411.71573460875555 0.05779343955992541 -1053116.3563560594 0.9170671156082008
2.0700000000000007 0.2052287851034018 410.9414429358964 0.05858903311251167 -1049823.0622420346 0.9163316057690494
2.080000000000001 0.20538314894788623 410.16495454699407 0.059391202574475374 -1046525.3681601741 0.915593822523874
2.0900000000000007 0.20553829911845423 409.3862883592284 0.0601999597865738 -1043223.3963630478 0.9148537817578488
2.100000000000001 0.20569423616017185 408.60546330343925 0.06101531636316548 -1039917.2687815931 0.9141114993722647
2.1100000000000008 0.20585096061913 407.82249832328716 0.061837283692410656 -1036607.1071127974 0.913366991283866
2.120000000000001 0.20600847304242204 407.0374123744159 0.0626658729364845 -1033293.0325957783 0.9126202734241895
2.130000000000001 0.20616677397812125 406.2502244236168 0.0635010950318028 -1029975.1663303954 0.9118713617389032
2.140000000000001 0.2063258639752582 405.4609534479949 0.06434296068926029 -1026653.6289794104 0.9111202721871472
2.150000000000001 0.20648574358379806 404.6696184341367 0.06519148039448133 -1023328.5407976588 0.9103670207408762
2.160000000000001 0.20664641335461775 403.87623837728046 0.06604666440808311 -1020000.0217745074 0.9096116233842018
2.170000000000001 0.2068078738394831 403.080832280488 0.06690852276595118 -1016668.1915237814 0.9088540961127378
2.180000000000001 0.20697012559102582 402.2834191538185 0.06777706527952718 -1013333.1693397254 0.9080944549329458
2.190000000000001 0.20713316916272048 401.48401801350485 0.06865230153610896 -1009995.0740486952 0.9073327158614826
2.200000000000001 0.20729700510886132 400.68264788113163 0.06953424089916276 -1006654.0241750319 0.906568894924549
2.210000000000001 0.20746163398453896 399.87932778281566 0.07042289250864747 -1003310.1378145689 0.9058030081572398
2.220000000000001 0.20762705634561718 399.07407674838856 0.07131826528135106 -999963.5326978312 0.9050350716028965
2.230000000000001 0.2077932727487094 398.26691381058185 0.07222036791123886 -996614.326238529 0.9042651013124595
2.240000000000001 0.2079602837511552 397.45785800421413 0.0731292088698138 -993262.6352755656 0.9034931133438238
2.250000000000001 0.2081280899109967 396.6469283653808 0.07404479640648855 -989908.576372441 0.9027191237611953
2.260000000000001 0.20829669178695503 395.8341439306463 0.07496713854896928 -986552.2655893486 0.9019431486344495
2.270000000000001 0.20846608993840632 395.0195237362387 0.0758962431036513 -983193.8186276363 0.9011652040384908
2.2800000000000007 0.20863628492535807 394.20308681724686 0.07683211765602627 -979833.3507232752 0.900385306052615
2.290000000000001 0.20880727730842513 393.38485220682037 0.07777476957110091 -976470.9767312439 0.8996034707598725
2.3000000000000007 0.20897906764880567 392.56483893537194 0.07872420599382735 -973106.8109854099 0.8988197142464335
2.310000000000001 0.2091516565082571 391.7430660297825 0.07968043384954475 -969740.967448694 0.8980340526009555
2.3200000000000007 0.20932504444907193 390.919552512609 0.08064345984443244 -966373.5595659554 0.8972465019139524
2.330000000000001 0.2094992320340535 390.0943174012954 0.08161329046597417 -963004.7003982386 0.8964570782771655
2.3400000000000007 0.20967421982649156 389.2673797073858 0.0825899319834337 -959634.5024372794 0.8956657977829365
2.350000000000001 0.209850008390138 388.4387584357411 0.08357339044834146 -956263.0777694125 0.8948726765235826
2.3600000000000008 0.21002659828918221 387.608472583758 0.08456367169499228 -952890.5380796815 0.8940777305907737
2.370000000000001 0.21020399008822654 386.7765411405917 0.08556078134095409 -949516.9943882396 0.8932809760749111
2.380000000000001 0.2103821843522617 385.9429830863809 0.08656472478758757 -946142.5574045248 0.8924824290645094
2.390000000000001 0.21056118164664192 385.10781739147626 0.08757550722057657 -942767.3372362095 0.8916821056455791
2.400000000000001 0.21074098253706028 384.2710630156719 0.08859313361046928 -939391.4435516933 0.8908800219010135
2.410000000000001 0.21092158758952367 383.43273890744 0.08961760871323014 -936014.9855318947 0.8900761939099744
2.420000000000001 0.21110299737032798 382.59286400316853 0.0906489370708023 -932638.0718026558 0.8892706377472844
2.430000000000001 0.21128521244603288 381.7514572264024 0.09168712301168051 -929260.8104715887 0.8884633694828176
2.440000000000001 0.21146823338343684 380.90853748708787 0.09273217065149464 -925883.3091274932 0.8876544051808948
2.450000000000001 0.21165206074955192 380.06412368082 0.09378408389360329 -922505.6748704386 0.8868437608996803
2.460000000000001 0.21183669511157843 379.2182346880939 0.09484286642969791 -919128.014314582 0.8860314526905817
2.470000000000001 0.2120221370368797 378.370889373559 0.09590852174041696 -915750.4333954226 0.8852174965976507
2.480000000000001 0.21220838709295659 377.5221065852771 0.09698105309597019 -912373.0376642774 0.8844019086569879
2.490000000000001 0.21239544584742204 376.67190515398335 0.098060463556773 -908995.9320923771 0.8835847048961496
2.500000000000001 0.21258331386797552 375.82030389235166 0.0991467559740907 -905619.2210188578 0.882765901333556
2.510000000000001 0.21277199172237743 374.9673215942628 0.10023993299069255 -902243.0083236089 0.8819455139779039
2.520000000000001 0.21296147997842332 374.1129770340766 0.10133999704151567 -898867.3972745158 0.8811235588275801
2.5300000000000007 0.21315177920391828 373.25728896590766 0.1024469503543386 -895492.4906625719 0.8803000518700785
2.540000000000001 0.21334288996665096 372.40027612290464 0.10356079495046439 -892118.3906669318 0.8794750090814197
2.5500000000000007 0.21353481283436776 371.5419572165336 0.10468153264541329 -888745.1988547521 0.8786484464255726
2.560000000000001 0.21372754837474683 370.68235093586463 0.10580916504962477 -885373.0162599967 0.8778203798538792
2.5700000000000007 0.2139210971553721 369.8214759468627 0.10694369356916893 -882001.9433771607 0.8769908253044821
2.580000000000001 0.2141154597437071 368.959350891682 0.10808511940646709 -878632.0800673835 0.876159798701755
2.5900000000000007 0.21431063670706887 368.09599438796454 0.10923344356102163 -875263.5256294656 0.8753273159557349
2.600000000000001 0.21450662861260172 367.23142502814227 0.11038866683015479 -871896.3788010337 0.8744933929615578
2.6100000000000008 0.21470343602725092 366.36566137874337 0.11155078980975648 -868530.7376737708 0.8736580455988983
2.620000000000001 0.21490105951773636 365.49872197970234 0.112719812895041 -865166.6997408106 0.8728212897314092
2.630000000000001 0.2150994996505262 364.6306253436744 0.11389573628131253 -861804.3620153096 0.871983141206167
2.640000000000001 0.21529875699181025 363.76138995535354 0.11507855996473929 -858443.8207685784 0.8711436158531187
2.650000000000001 0.21549883210747367 362.89103427079493 0.11626828374313637 -855085.1717265792 0.8703027294845315
2.660000000000001 0.21569972556307013 362.01957671674137 0.11746490721675706 -851728.5100035864 0.8694604978944456
2.670000000000001 0.21590143792379535 361.14703568995384 0.11866842978909255 -848373.9300998955 0.8686169368581305
2.680000000000001 0.2161039697544603 360.2734295565463 0.11987885066768 -845021.5259285498 0.8677720621315441
2.690000000000001 0.2163073216194645 359.39877665132457 0.12109616886491892 -841671.3907005899 0.8669258894507936
2.700000000000001 0.21651149408276912 358.52309527712947 0.12232038319889557 -838323.6170943858 0.8660784345316018
2.710000000000001 0.21671648770787016 357.6464037041845 0.12355149229421551 -834978.297150527 0.8652297130687738
2.720000000000001 0.2169223030577715 356.76872016944725 0.12478949458284405 -831635.5222631467 0.8643797407356689
2.730000000000001 0.21712894069495792 355.89006287596584 0.1260343883049546 -828295.3832277813 0.8635285331836746
2.740000000000001 0.2173364011813681 355.01044999223905 0.12728617150978475 -824957.9701097101 0.8626761060416837
2.750000000000001 0.2175446850783675 354.12989965158135 0.12854484205650013 -821623.3724795032 0.8618224749155752
2.760000000000001 0.2177537929467212 353.248429951492 0.12981039761506566 -818291.6791911068 0.8609676553876975
2.770000000000001 0.21796372534656677 352.3660589530288 0.1310828356671245 -814962.9784809117 0.8601116630163557
2.7800000000000007 0.218174482837387 351.48280468018606 0.13236215350688424 -811637.3579468428 0.8592545133353012
2.790000000000001 0.21838606597798255 350.5986851192774 0.13364834824201044 -808314.904462463 0.8583962218532255
2.8000000000000007 0.21859847532644472 349.71371821832275 0.1349414167945273 -804995.7043639183 0.8575368040532564
2.810000000000001 0.21881171144012804 348.8279218864403 0.1362413559017256 -801679.8433142058 0.8566762753924579
2.8200000000000007 0.21902577487562283 347.94131399324243 0.1375481621170774 -798367.4062768639 0.8558146513013336
2.830000000000001 0.21924066618872767 347.05391236823664 0.13886183181115797 -795058.4776302887 0.8549519471833327
2.8400000000000007 0.21945638593442202 346.1657348002311 0.14018236117257407 -791753.1410551349 0.8540881784143604
2.850000000000001 0.2196729346668385 345.2767990367448 0.14150974620889945 -788451.4795645697 0.8532233603422905
2.8600000000000008 0.2198903129392354 344.3871227834222 0.14284398274761662 -785153.5755109708 0.8523575082864823
2.870000000000001 0.22010852130396902 343.4967237034528 0.14418506643706525 -781859.5107090481 0.8514906375373006
2.880000000000001 0.22032756031246595 342.6056194169951 0.145532992747397 -778569.3661003256 0.8506227633556385
2.890000000000001 0.22054743051519538 341.7138275006058 0.1468877569715367 -775283.2221342037 0.8497539009724446
2.900000000000001 0.22076813246164131 340.82136548667324 0.1482493542261496 -772001.1585246609 0.8488840655882535
2.910000000000001 0.22098966670027476 339.92825086285586 0.14961777945261504 -768723.2543266049 0.8480132723727186
2.920000000000001 0.22121203377852594 339.03450107152554 0.1509930274180058 -765449.587904076 0.8471415364641502
2.930000000000001 0.22143523424275638 338.1401335092155 0.15237509271607366 -762180.2370357591 0.8462688729690555
2.940000000000001 0.22165926863823102 337.2451655260732 0.15376396976824064 -758915.2787607912 0.8453952969616831
2.950000000000001 0.22188413750909025 336.3496144253181 0.15515965282459607 -755654.7894100324 0.8445208234835703
2.960000000000001 0.22210984139832196 335.4534974627042 0.15656213596489918 -752398.8447444974 0.8436454675430949
2.970000000000001 0.2223363808477335 334.5568318459875 0.15797141309958734 -749147.5197867202 0.8427692441150295
2.980000000000001 0.2225637563979237 333.6596347343985 0.15938747797078973 -745900.8888429813 0.8418921681401
2.990000000000001 0.22279196858825476 332.7619232381192 0.16081032415334623 -742659.0256580109 0.8410142545245476
3.000000000000001 0.22302101795682414 331.8637144177658 0.1622399450558317 -739422.0032336976 0.8401355181396941
3.010000000000001 0.2232509050404365 330.96502528387543 0.16367633392158532 -736189.8939426884 0.8392559738215116
3.020000000000001 0.22348163037457547 330.0658727963986 0.165119483829745 -732962.7693624084 0.8383756363701943
3.0300000000000007 0.22371319449337554 329.1662738641961 0.16656938769628682 -729740.7004618094 0.8374945205497357
3.040000000000001 0.2239455979295938 328.26624534454146 0.16802603827506907 -726523.7575980655 0.8366126410875083
3.0500000000000007 0.22417884121458176 327.36580404262776 0.16948942815888135 -723312.010369466 0.8357300126738476
3.060000000000001 0.2244129248782571 326.46496671107997 0.17095954978049815 -720105.5276958755 0.8348466499616386
3.0700000000000007 0.22464784944907534 325.5637500494721 0.17243639541373695 -716904.3778597771 0.8339625675659081
3.080000000000001 0.22488361545400165 324.6621707038496 0.17391995717452094 -713708.6284368698 0.8330777800634183
3.0900000000000007 0.22512022341848242 323.7602452662564 0.17541022702194586 -710518.3463413728 0.8321923019922659
3.100000000000001 0.22535767386641703 322.8579902742675 0.1769071967593514 -707333.597758116 0.831306147851484
3.1100000000000008 0.22559596732012943 321.95542221052636 0.1784108580353965 -704154.4482132366 0.8304193321006481
3.120000000000001 0.22583510430033985 321.05255750228764 0.17992120234513878 -700980.9626035823 0.8295318691594853
3.130000000000001 0.22607508532613632 320.1494125209645 0.1814382210311181 -697813.2050636257 0.8286437734074882
3.140000000000001 0.2263159109149464 319.2460035816817 0.18296190528444373 -694651.2391294312 0.8277550591835313
3.150000000000001 0.2265575815825087 318.34234694283333 0.18449224614588547 -691495.127604627 0.8268657407854927
3.160000000000001 0.22680009784284438 317.43845880564595 0.18602923450696843 -688344.9326394731 0.8259758324698777
3.170000000000001 0.2270434602082289 316.53435531374663 0.18757286111107127 -685200.7156394703 0.825085348451448
3.180000000000001 0.22728766918916346 315.63005255273634 0.1891231165545281 -682062.537383225 0.8241943029028533
3.190000000000001 0.22753272529434654 314.7255665497685 0.19067999128773358 -678930.4580205842 0.8233027099542675
3.200000000000001 0.2277786290306455 313.8209132731322 0.1922434756162514 -675804.5369358909 0.8224105836930281
3.210000000000001 0.22802538090306806 312.9161086318416 0.193813559701926 -672684.83284926 0.8215179381632802
3.220000000000001 0.22827298141473393 312.01116847522934 0.19539023356399732 -669571.4038551775 0.8206247873656233
3.230000000000001 0.22852143106684616 311.1061085925459 0.19697348708021845 -666464.3073057686 0.8197311452567627
3.240000000000001 0.22877073035866285 310.200944712564 0.19856330998797642 -663363.5999349245 0.8188370257491645
3.250000000000001 0.22902087978746855 309.2956925031878 0.20015969188541557 -660269.3377666612 0.817942442710714
3.260000000000001 0.22927187984854575 308.3903675710678 0.2017626222325638 -657181.5761626528 0.8170474099643786
3.270000000000001 0.22952373103514656 307.4849854612207 0.20337209035246132 -654100.3697833057 0.816151941287874
3.2800000000000007 0.22977643383846405 306.5795616566542 0.20498808543229194 -651025.7726443231 0.8152560504133347
3.290000000000001 0.23002998874760386 305.67411157799773 0.20661059652451688 -647957.8381029987 0.8143597510269875
3.3000000000000007 0.2302843962495557 304.7686505831374 0.20823961254801077 -644896.6188133024 0.8134630567688301
3.310000000000001 0.2305396568291649 303.86319396685695 0.20987512228920002 -641842.1667541983 0.8125659812323122
3.3200000000000007 0.23079577096910395 302.9577569604835 0.21151711440320328 -638794.533277318 0.8116685379640214
3.330000000000001 0.23105273914984392 302.0523547315385 0.2131655774149739 -635753.7690221277 0.8107707404633728
3.3400000000000007 0.23131056184962623 301.1470023833942 0.21482049972044448 -632719.9240175943 0.8098726021823016
3.350000000000001 0.231569239544434 300.24171495493476 0.21648186958767313 -629693.0475561884 0.8089741365249611
3.3600000000000008 0.23182877270796373 299.33650742022326 0.21814967515799163 -626673.18831113 0.8080753568474227
3.370000000000001 0.23208916181159683 298.43139468817327 0.21982390444715524 -623660.3942803406 0.8071762764573815
3.380000000000001 0.23235040732437126 297.526391602226 0.22150454534649403 -620654.7128268367 0.8062769086138648
3.390000000000001 0.23261250971295308 296.6215129400324 0.22319158562406577 -617656.190601671 0.805377266526944
3.400000000000001 0.2328754694416081 295.71677341314074 0.22488501292581034 -614664.8736510077 0.8044773633574516
3.410000000000001 0.23313928697217357 294.812187666689 0.22658481477670517 -611680.8073459158 0.8035772122167013
3.420000000000001 0.23340396276402964 293.90777027910275 0.2282909785819222 -608704.036370036 0.8026768261662118
3.430000000000001 0.23366949727407127 293.0035357617982 0.2300034916279858 -605734.6047941727 0.801776218217435
3.440000000000001 0.2339358909566798 292.09949855889016 0.23172234108393183 -602772.5560467602 0.8008754013314874
3.450000000000001 0.23420314426369468 291.19567304690537 0.23344751400246755 -599817.9328272821 0.7999743884188858
3.460000000000001 0.2344712576443852 290.29207353450107 0.2351789973211326 -596870.7772905608 0.7990731923392871
3.470000000000001 0.23474023154542223 289.3887142621885 0.2369167778634605 -593931.1308744322 0.7981718259012309
3.480000000000001 0.23501006641085007 288.48560940206164 0.23866084234014107 -590999.0344282797 0.7972703018618873
3.490000000000001 0.23528076268205816 287.5827730575313 0.24041117735018333 -588074.5281477867 0.7963686329268072
3.500000000000001 0.23555232079775304 286.680219263064 0.24216776938207898 -585157.6515379925 0.7954668317496775
3.510000000000001 0.23582474119393007 285.77796198392616 0.24393060481496626 -582248.4434949032 0.7945649109320795
3.520000000000001 0.2360980243038454 284.8760151159335 0.24569966991979414 -579346.942276685 0.7936628830232514
3.5300000000000007 0.23637217055798795 283.97439248520544 0.24747495086048696 -576453.1855174729 0.7927607605198544
3.540000000000001 0.23664718038405122 283.0731078479245 0.24925643369510897 -573567.2102145725 0.7918585558657433
3.5500000000000007 0.2369230542069054 282.1721748901011 0.2510441043770292 -570689.0527351521 0.7909562814517391
3.560000000000001 0.23719979244856934 281.27160722734305 0.252837948756086 -567818.7488439699 0.7900539496154082
3.5700000000000007 0.23747739552818264 280.37141840463056 0.2546379525797522 -564956.3336184083 0.7891515726408429
3.580000000000001 0.2377558638619777 279.471621896096 0.256444101494299 -562101.8415446467 0.788249162758447
3.5900000000000007 0.23803519786325184 278.5722311048087 0.258256381045961 -559255.3065597132 0.7873467321447245
3.600000000000001 0.23831539794233952 277.67325936256503 0.26007477668209944 -556416.7618096933 0.7864442929220732
3.6100000000000008 0.2385964645065846 276.7747199296834 0.2618992737523663 -553586.24002584 0.78554185715858
3.620000000000001 0.2388783979603124 275.8766259948041 0.26372985750986716 -550763.7731932802 0.7846394368678231
3.630000000000001 0.23916119870480226 274.9789906746946 0.2655665131123236 -547949.3927262524 0.7837370440086745
3.640000000000001 0.23944486713825966 274.08182701405934 0.2674092256232353 -545143.1294273583 0.7828346904851085
3.650000000000001 0.23972940365578868 273.18514798535466 0.269257980013041 -542345.0135156484 0.7819323881460137
3.660000000000001 0.24001480864936445 272.2889664886091 0.2711127611602788 -539555.0745893761 0.781030148785008
3.670000000000001 0.2403010825078056 271.393295351248 0.2729735538527458 -536773.3416211652 0.7801279841402575
3.680000000000001 0.24058822561674686 270.4981473279236 0.27484034278865616 -533999.8430049095 0.7792259058942999
3.690000000000001 0.24087623835861152 269.60353510034975 0.27671311257779896 -531234.6065731677 0.7783239256738708
3.700000000000001 0.24116512111258415 268.7094712771415 0.2785918477426943 -528477.6594926369 0.7774220550497339
3.710000000000001 0.2414548742545832 267.81596839366 0.2804765327197483 -525729.02843469 0.7765203055365149
3.720000000000001 0.24174549815723387 266.9230389118617 0.2823671518604072 -522988.73942222557 0.7756186885925396
3.730000000000001 0.24203699318984076 266.03069522015295 0.2842636894323095 -520256.8179245301 0.7747172156196745
3.740000000000001 0.24232935971836078 265.1389496332492 0.2861661296204374 -517533.2887131142 0.7738158979631726
3.750000000000001 0.2426225981053761 264.2478143920389 0.2880744565282661 -514818.1761545012 0.7729147469115216
3.760000000000001 0.242916708710067 263.35730166345246 0.2899886541789118 -512111.50395465 0.7720137736962962
3.770000000000001 0.24321169188818495 262.46742354033603 0.29190870651627826 -509413.2952610103 0.7711129894920141
3.7800000000000007 0.24350754799202579 261.5781920413298 0.29383459740620127 -506723.57263028185 0.7702124054159958
3.790000000000001 0.24380427737040272 260.6896191107515 0.2957663106375915 -504042.35810206016 0.7693120325282274
3.8000000000000007 0.2441018803686196 259.8017166184839 0.2977038299235756 -501369.67306980636 0.7684118818312281
3.810000000000001 0.2444003573284442 258.91449635986805 0.29964713890263495 -498705.538475194 0.7675119642699196
3.8200000000000007 0.24469970858808157 258.02797005560035 0.3015962211397432 -496049.9745856469 0.7666122907315011
3.830000000000001 0.24499993448214744 257.1421493516349 0.30355106012750094 -493403.00121666904 0.7657128720453259
3.8400000000000007 0.24530103534164166 256.25704581909 0.30551163928726854 -490764.6375618212 0.7648137189827834
3.850000000000001 0.2456030114939218 255.37267095416007 0.30747794197029693 -488134.9022429084 0.7639148422571831
3.8600000000000008 0.24590586326267677 254.48903617803117 0.3094499514588559 -485513.8134485901 0.7630162525236432
3.870000000000001 0.24620959096790046 253.60615283680212 0.3114276509673601 -482901.3887334724 0.7621179603789823
3.880000000000001 0.24651419492586554 252.72403220140956 0.3134110236434927 -480297.6451668872 0.7612199763616141
3.890000000000001 0.24681967544909736 251.8426854675579 0.3154000525693266 -477702.5992254465 0.7603223109514469
3.900000000000001 0.24712603284634774 250.9621237556538 0.31739472076244296 -475116.2669569443 0.7594249745697851
3.910000000000001 0.24743326742256905 250.08235811074496 0.3193950111770471 -472538.66373115097 0.7585279775792355
3.920000000000001 0.2477413794788883 249.20339950246367 0.32140090670508203 -469969.80452407605 0.7576313302836161
3.930000000000001 0.24805036931258123 248.32525882497472 0.323412390177339 -467409.703685707 0.7567350429278684
3.940000000000001 0.24836023721704661 247.44794689692787 0.3254294443645652 -464858.375137132 0.7558391256979742
3.950000000000001 0.24867098348178046 246.57147446141462 0.3274520519785689 -462315.8322326402 0.754943588720874
3.960000000000001 0.24898260839235056 245.69585218592957 0.32948019567332126 -459782.08781562565 0.7540484420643907
3.970000000000001 0.2492951122303709 244.82109066233596 0.33151385804605565 -457257.1542650604 0.7531536957371553
3.980000000000001 0.24960849527347617 243.94720040683586 0.3335530216383635 -454741.0433911016 0.7522593596885365
3.990000000000001 0.24992275779529655 243.07419185994445 0.3355976689372872 -452233.76646569325 0.7513654438085737
4.000000000000001 0.25023790006543234 242.2020753864688 0.3376477823764101 -449735.33438187774 0.7504719579279135
4.010000000000001 0.25055392234942886 241.3308612754909 0.3397033443369427 -447245.7574922433 0.7495789118177487
4.020000000000001 0.2508708249087514 240.4605597403549 0.34176433714880644 -444765.0456612818 0.7486863151897618
4.030000000000001 0.2511886080007601 239.5911809186588 0.34383074309171313 -442293.208203811 0.7477941776960706
4.040000000000001 0.25150727187868527 238.72273487225013 0.34590254439624185 -439830.2540132479 0.7469025089291782
4.050000000000001 0.2518268167916024 237.85523158722594 0.34797972324491205 -437376.19143531343 0.7460113184219253
4.0600000000000005 0.2521472429844076 236.98868097393705 0.35006226177325306 -434931.0284414587 0.7451206156474461
4.070000000000001 0.2524685506977929 236.12309286699636 0.35215014207087036 -432494.77243227436 0.7442304100191284
4.080000000000001 0.2527907401682218 235.25847702529128 0.3542433461825079 -430067.43039185274 0.7433407108905743
4.090000000000001 0.2531138116279048 234.39484313200037 0.3563418561091071 -427649.0088208378 0.7424515275555676
4.1000000000000005 0.25343776530477524 233.5322007946139 0.3584456538088619 -425239.5137232166 0.7415628692480413
4.110000000000001 0.2537626014224649 232.67055954495865 0.36055472119827 -422838.9506770528 0.7406747451420497
4.120000000000001 0.25408832020028 231.80992883922653 0.36266904015318063 -420447.3248279888 0.7397871643517444
4.130000000000001 0.25441492185317727 230.95031805800738 0.36478859250983825 -418064.6408571491 0.7389001359313512
4.140000000000001 0.25474240659173997 230.09173650632567 0.3669133600659222 -415690.9029441251 0.7380136688751521
4.150000000000001 0.255070774622154 229.23419341368114 0.3690433245815825 -413326.1148236277 0.7371277721174696
4.160000000000001 0.25540002614618446 228.37769793409333 0.37117846778047203 -410970.2798932957 0.7362424545326542
4.170000000000001 0.2557301613611519 227.5222591461501 0.3733187713507739 -408623.4009975863 0.7353577249350747
4.180000000000001 0.25606118045990883 226.66788605305993 0.37546421694622534 -406285.48058274767 0.7344735920791119
4.190000000000001 0.2563930836308166 225.8145875827081 0.3776147861871371 -403956.5205954605 0.7335900646591549
4.200000000000001 0.2567258710577218 224.96237258771663 0.3797704606614091 -401636.5226809939 0.7327071513096013
4.210000000000001 0.25705954291993355 224.1112498455081 0.38193122192554113 -399325.4880114211 0.731824860604859
4.220000000000001 0.25739409939220004 223.26122805837312 0.3840970515056399 -397023.41729258816 0.7309432010593522
4.230000000000001 0.257729540644686 222.41231585354154 0.38626793089842154 -394730.310908451 0.7300621811275294
4.240000000000001 0.2580658668429497 221.56452178325748 0.3884438415722097 -392446.1686810759 0.7291818092038752
4.250000000000001 0.2584030781479204 220.71785432485785 0.3906247649679292 -390170.9901352621 0.7283020936229245
4.260000000000001 0.25874117471587577 219.87232188085468 0.39281068250009554 -387904.77436942916 0.7274230426592795
4.270000000000001 0.25908015669841933 219.0279327790209 0.3950015755577994 -385647.52007800096 0.7265446645276297
4.280000000000001 0.25942002424245836 218.18469527247981 0.39719742550568715 -383399.22552656784 0.7256669673827749
4.290000000000001 0.25976077749018156 217.34261753979817 0.39939821368493633 -381159.88857214834 0.724789959319651
4.300000000000001 0.26010241657903704 216.5017076850826 0.40160392141422685 -378929.5067565496 0.7239136483733581
4.3100000000000005 0.2604449416417104 215.66197373807967 0.40381452999070744 -376708.07717456145 0.7230380425191926
4.320000000000001 0.26078835280610285 214.8234236542794 0.40603002069095734 -374495.59654289077 0.7221631496726802
4.330000000000001 0.2611326501953095 213.98606531502216 0.4082503747719433 -372292.06119047565 0.7212889776896139
4.340000000000001 0.261477833927598 213.149906527609 0.41047557347197206 -370097.4670953661 0.7204155343660923
4.3500000000000005 0.26182390411638673 212.31495502541546 0.4127055980116375 -367911.8098198752 0.7195428274385631
4.360000000000001 0.2621708608702239 211.4812184680085 0.4149404295947635 -365735.0845888974 0.718670864583867
4.370000000000001 0.2625187042927661 210.64870444126703 0.41718004940934184 -363567.2862199026 0.7177996534192861
4.380000000000001 0.2628674344827573 209.81742045750542 0.41942443862846485 -361408.4092367488 0.7169292015025939
4.390000000000001 0.26321705153400804 208.9873739556006 0.4216735784112535 -359258.4477568288 0.716059516332108
4.400000000000001 0.26356755553537453 208.1585723011221 0.4239274499037806 -357117.3955147192 0.7151906053467461
4.410000000000001 0.2639189465707381 207.33102278646552 0.42618603423998846 -354985.24591769517 0.7143224759260831
4.420000000000001 0.2642712247189846 206.504732630989 0.4284493125426022 -352861.9920634738 0.7134551353904135
4.430000000000001 0.2646243900539841 205.67970898115286 0.4307172659240376 -350747.62667629466 0.712588591000813
4.440000000000001 0.2649784426445705 204.85595891066245 0.4329898754873039 -348642.1420865356 0.7117228499592047
4.450000000000001 0.2653333825545216 204.03348942061402 0.43526712232690173 -346545.5303266819 0.7108579194084279
4.460000000000001 0.26568920984253913 203.21230743964352 0.4375489875297157 -344457.78313815297 0.7099938064323086
4.470000000000001 0.26604592456222875 202.39241982407864 0.4398354521759018 -342378.8918428777 0.7091305180557319
4.480000000000001 0.26640352676208057 201.57383335809368 0.44212649733976966 -340308.8475041392 0.708268061244719
4.490000000000001 0.2667620164854495 200.75655475386733 0.4444221040906597 -338247.6408516015 0.7074064429065041
4.500000000000001 0.26712139377053584 199.9405906517436 0.44672225349381495 -336195.26226151164 0.7065456698896159
4.510000000000001 0.267481658650366 199.12594762039538 0.44902692661124755 -334151.70181074005 0.7056857489839594
4.520000000000001 0.26784281115277353 198.31263215699107 0.45133610450260003 -332116.9492626853 0.704826686920902
4.530000000000001 0.26820485130038 197.50065068736393 0.4536497682260012 -330090.9940734818 0.7039684903733607
4.540000000000001 0.2685677791105764 196.69000956618422 0.45596789883891703 -328073.8253739757 0.7031111659558918
4.550000000000001 0.26893159459550403 195.8807150771342 0.45829047739899537 -326065.4320122411 0.7022547202247835
4.5600000000000005 0.26929629776203645 195.07277343308579 0.4606174849649064 -324065.80253779225 0.7013991596781501
4.570000000000001 0.2696618886117608 194.26619077628095 0.4629489025971767 -322074.9251978283 0.7005444907560288
4.580000000000001 0.2700283671409598 193.46097317851482 0.4652847113590184 -320092.78793235164 0.6996907198404783
4.590000000000001 0.2703957333405934 192.65712664132138 0.4676248923171529 -318119.37840404507 0.6988378532556803
4.6000000000000005 0.27076398719628114 191.8546570961618 0.46996942654262874 -316154.683997577 0.6979858972680433
4.610000000000001 0.27113312868828415 191.05357040461527 0.4723182951116346 -314198.6917976161 0.697134858086307
4.620000000000001 0.2715031577914877 190.2538723585727 0.4746714791063061 -312251.38863045553 0.6962847418616509
4.630000000000001 0.2718740744753836 189.45556868043246 0.4770289596155277 -310312.76102914155 0.6954355546878033
4.640000000000001 0.27224587870405287 188.65866502329905 0.4793907177357287 -308382.79526656785 0.6945873026011544
4.650000000000001 0.2726185704361488 187.8631669711839 0.4817567345716739 -306461.4773344017 0.6937399915808687
4.660000000000001 0.27299214962487967 187.0690800392088 0.4841269912372483 -304548.79297092435 0.6928936275490025
4.670000000000001 0.2733666162179922 186.2764096738118 0.48650146885623685 -302644.72763668804 0.692048216370621
4.680000000000001 0.27374197015775453 185.48516125295507 0.48888014856309814 -300749.2665584286 0.6912037638539189
4.690000000000001 0.27411821138094 184.69534008633556 0.4912630115037326 -298862.394671539 0.690360275750342
4.700000000000001 0.2744953398188106 183.90695141559783 0.49365003883624503 -296984.0967135236 0.6895177577547122
4.710000000000001 0.2748733553971008 183.12000041454888 0.49604121173170174 -295114.3571325598 0.6886762155053525
4.720000000000001 0.27525225803600156 182.33449218937568 0.4984365113748817 -293253.16009636386 0.6878356545842155
4.730000000000001 0.2756320476501444 181.5504317788645 0.5008359189650222 -291400.4896295946 0.6869960805170132
4.740000000000001 0.2760127241485856 180.76782415462264 0.5032394157165591 -289556.32941528776 0.6861574987733488
4.750000000000001 0.2763942874347908 179.98667422130234 0.5056469828598605 -287720.66298872733 0.6853199147668502
4.760000000000001 0.27677673740661946 179.20698681682663 0.5080586016419563 -285893.47359847144 0.6844833338553056
4.770000000000001 0.2771600739563098 178.42876671261746 0.5104742533272602 -284074.7442858578 0.6836477613408009
4.780000000000001 0.2775442969704635 177.65201861382567 0.5128939191982875 -282264.4578242568 0.6828132024698583
4.790000000000001 0.277929406330031 176.87674715956328 0.5153175805563667 -280462.5968356494 0.6819796624335781
4.800000000000001 0.27831540191029663 176.10295692313744 0.5177452187223446 -278669.1436901465 0.6811471463677804
4.8100000000000005 0.27870228358086413 175.33065241228667 0.520176815037287 -276884.0805004096 0.6803156593531503
4.820000000000001 0.2790900512056422 174.5598380694188 0.5226123508631728 -275107.38925073965 0.6794852064153831
4.830000000000001 0.2794787046428302 173.79051827185086 0.5250518075835827 -273339.0516523903 0.6786557925253336
4.840000000000001 0.2798682437449043 173.02269733205094 0.5274951666043819 -271579.0492214172 0.6778274225991637
4.8500000000000005 0.28025866835860347 172.25637949788185 0.5299424093543972 -269827.3632863623 0.677000101498495
4.860000000000001 0.28064997832491556 171.4915689528465 0.5323935172860884 -268083.9749634373 0.6761738340305611
4.870000000000001 0.281042173479064 170.7282698163352 0.534848471876214 -266348.86517259205 0.6753486249483617
4.880000000000001 0.28143525365049443 169.9664861438746 0.5373072546264906 -264622.01463734626 0.6745244789508191
4.890000000000001 0.28182921866286126 169.2062219273784 0.5397698470642477 -262903.4039030589 0.6737014006829355
4.900000000000001 0.28222406833401487 168.4474810953999 0.542236230743075 -261193.01329905007 0.672879394735952
4.910000000000001 0.28261980247598856 167.6902675133858 0.544706387243466 -259490.82302264895 0.6720584656475096
4.920000000000001 0.28301642089498596 166.93458498393215 0.5471802981734537 -257796.81302559923 0.6712386179018106
4.930000000000001 0.2834139233913685 166.18043724704154 0.5496579451692426 -256110.96315043513 0.6704198559297834
4.940000000000001 0.283812309759643 165.42782798038195 0.5521393098958332 -254433.25298906435 0.6696021841092461
4.950000000000001 0.28421157978844963 164.67676079954722 0.5546243740476416 -252763.66200893268 0.6687856067650744
4.960000000000001 0.2846117332605497 163.92723925831902 0.5571131193491137 -251102.1695004138 0.6679701281693688
4.970000000000001 0.28501276995281416 163.17926684893015 0.559605527555332 -249448.75458794314 0.6671557525416243
4.980000000000001 0.2854146896362115 162.43284700232957 0.562101580452619 -247803.3962136524 0.6663424840489005
4.990000000000001 0.2858174920757968 161.6879830884485 0.564601259859133 -246166.0731996879 0.6655303268059948
5.000000000000001 0.28622117703070005 160.94467841646835 0.5671045476254586 -244536.76415481098 0.6647192848756147
5.010000000000001 0.2866257442541152 160.2029362350896 0.5696114256351917 -242915.44756328428 0.6639093622685531
5.020000000000001 0.28703119349328915 159.46275973280225 0.572121875805519 -241302.10178148182 0.6631005629438648
5.030000000000001 0.28743752448951115 158.7241520381576 0.5746358800877908 -239696.70497365308 0.6622928908090426
5.040000000000001 0.287844736978102 157.98711622004117 0.5771534204680889 -238099.23514177394 0.6614863497201974
5.050000000000001 0.2882528306884038 157.251655287947 0.5796744789677887 -236509.67022048964 0.6606809434822365
5.0600000000000005 0.2886618053437697 156.51777219225306 0.582199037644115 -234927.98794072328 0.6598766758490462
5.070000000000001 0.28907166066155376 155.785469824498 0.5847270785906925 -233354.165913949 0.6590735505236724
5.080000000000001 0.28948239635310136 155.05475101765887 0.587258583938091 -231788.18161382267 0.6582715711585055
5.090000000000001 0.2898940121237391 154.32561854643023 0.5897935358543639 -230230.01238992347 0.6574707413554641
5.1000000000000005 0.2903065076727658 153.5980751275042 0.5923319165455814 -228679.63545077547 0.6566710646661806
5.110000000000001 0.2907198826934426 152.87212341985148 0.5948737082563584 -227137.02787665144 0.655872544592189
5.120000000000001 0.29113413687298445 152.14776602500382 0.5974188932703768 -225602.1666324165 0.6550751845851117
5.130000000000001 0.29154926989255064 151.4250054873371 0.5999674539109008 -224075.02857719097 0.6542789880468489
5.140000000000001 0.2919652814272363 150.70384429435566 0.6025193725412882 -222555.59039935342 0.6534839583297689
5.150000000000001 0.29238217114606374 149.9842848769775 0.605074631565495 -221043.82872413463 0.6526900987368991
5.160000000000001 0.292799938711974 149.26632960982047 0.6076332134285747 -219539.72003725727 0.6518974125221175
5.170000000000001 0.2932185837818187 148.54998081148935 0.610195100617172 -218043.24069749954 0.651105902890347
5.180000000000001 0.2936381060063519 147.83524074486388 0.6127602756600106 -216554.36699129496 0.6503155729977481
5.190000000000001 0.29405850503022224 147.12211161738753 0.6153287211283757 -215073.07507302458 0.6495264259519147
5.200000000000001 0.2944797804919655 146.41059558135728 0.6179004196365907 -213599.34101223506 0.6487384648120703
5.210000000000001 0.2949019320239967 145.70069473421407 0.6204753538424883 -212133.14074744564 0.6479516925892643
5.220000000000001 0.2953249592526032 144.99241111883407 0.623053506447876 -210674.4501509843 0.64716611224657
5.230000000000001 0.29574886179793725 144.2857467238208 0.6256348601989965 -209223.2449855022 0.6463817266992834
5.240000000000001 0.2961736392740092 143.5807034837979 0.6282193978869814 -207779.5009192999 0.6455985388151225
5.250000000000001 0.2965992912886807 142.8772832797025 0.6308071023483008 -206343.19353272242 0.6448165514144281
5.260000000000001 0.2970258174436581 142.17548793907957 0.6333979564652062 -204914.29829362824 0.6440357672703643
5.270000000000001 0.2974532173344862 141.4753192363766 0.6359919431661685 -203492.79063171605 0.6432561891091213
5.280000000000001 0.29788149055054186 140.7767788932391 0.6385890454263102 -202078.6458498624 0.6424778196101175
5.290000000000001 0.29831063667502805 140.07986857880675 0.6411892462678327 -200671.83918652014 0.6417006614062036
5.300000000000001 0.29874065528496807 139.3845899100099 0.6437925287604368 -199272.34578250936 0.6409247170838666
5.3100000000000005 0.2991715459511997 138.6909444518669 0.6463988760217393 -197880.14074137114 0.6401499891834346
5.320000000000001 0.29960330823837006 137.99893371778168 0.6490082712176833 -196495.19905726213 0.6393764801992834
5.330000000000001 0.30003594170493 137.3085591698421 0.6516206975629432 -195117.49566402848 0.638604192580042
5.340000000000001 0.30046944590312913 136.61982221911867 0.654236138321324 -193747.00541862322 0.6378331287288002
5.3500000000000005 0.300903820379011 135.93272422596363 0.6568545768061561 -192383.7031121627 0.6370632910033165
5.360000000000001 0.3013390646724082 135.24726650031056 0.6594759963806837 -191027.56347880454 0.636294681716226
5.370000000000001 0.3017751783169379 134.5634503019745 0.6621003804584484 -189678.56118070657 0.6355273031352501
5.380000000000001 0.30221216083999747 133.8812768409523 0.6647277125036675 -188336.67081540675 0.6347611574834056
5.390000000000001 0.30265001176276035 133.20074727772322 0.6673579760316065 -187001.86693257833 0.6339962469392151
5.400000000000001 0.30308873060017205 132.52186272355024 0.6699911546089469 -185674.1240084611 0.6332325736369182
5.410000000000001 0.30352831686094617 131.84462424078134 0.6726272318541482 -184353.41648464144 0.6324701396666821
5.420000000000001 0.30396877004756107 131.16903284315126 0.6752661914378049 -183039.71873428542 0.6317089470748141
5.430000000000001 0.3044100896562562 130.49508949608335 0.6779080170829983 -181733.00508017448 0.6309489978639735
5.440000000000001 0.30485227517702895 129.82279511699195 0.6805526925656429 -180433.24979917918 0.6301902939933857
5.450000000000001 0.3052953260936315 129.15215057558464 0.6832002017148275 -179140.42713163418 0.6294328373790535
5.460000000000001 0.30573924188356816 128.483156694165 0.6858505284131516 -177854.51127106685 0.6286766298939732
5.470000000000001 0.30618402201809225 127.81581424793532 0.6885036565970558 -176575.476355675 0.6279216733683471
5.480000000000001 0.306629665962204 127.15012396529966 0.6911595702571479 -175303.2964755545 0.6271679695897997
5.490000000000001 0.30707617317464797 126.48608652816682 0.6938182534385235 -174037.94571583538 0.6264155203035915
5.500000000000001 0.307523543107911 125.82370257225364 0.6964796902410813 -172779.398084261 0.6256643272128357
5.510000000000001 0.30797177520822033 125.16297268738822 0.6991438648198334 -171527.62758517417 0.6249143919787136
5.520000000000001 0.30842086891554144 124.50389741781333 0.7018107613852111 -170282.60818468418 0.6241657162206908
5.530000000000001 0.30887082366357693 123.84647726248981 0.7044803642033648 -169044.31381350846 0.623418301516734
5.540000000000001 0.30932163887976477 123.19071267539995 0.7071526575964592 -167812.71836861502 0.6226721494035284
5.550000000000001 0.30977331398527724 122.53660406585097 0.7098276259429638 -166587.79572061796 0.6219272613766944
5.5600000000000005 0.3102258483950198 121.8841517987784 0.712505253677938 -165369.51972004672 0.6211836388910055
5.570000000000001 0.31067924151763027 121.23335619504954 0.7151855252933117 -164157.8641909566 0.6204412833606059
5.580000000000001 0.31113349275547797 120.58421753176665 0.7178684253381602 -162952.8029357077 0.6197001961592292
5.590000000000001 0.3115886015046635 119.93673604257035 0.7205539384189751 -161754.30974705357 0.6189603786204168
5.6000000000000005 0.31204456715501816 119.2909119179426 0.7232420491999295 -160562.35838447366 0.6182218320377355
5.610000000000001 0.31250138909010394 118.64674530550987 0.7259327424031392 -159376.922589072 0.6174845576649983
5.620000000000001 0.3129590666872135 118.00423631034596 0.7286260028089181 -158197.9761027606 0.6167485567164819
5.630000000000001 0.3134175993173705 117.36338499527474 0.7313218152560294 -157025.4926475279 0.6160138303671463
5.640000000000001 0.3138769863453298 116.72419138117273 0.7340201646419319 -155859.445929084 0.615280379752855
5.650000000000001 0.3143372271295781 116.08665544727144 0.7367210359230215 -154699.8096473305 0.6145482059705938
5.660000000000001 0.3147983210223349 115.45077713145953 0.7394244141148679 -153546.55749817417 0.6138173100786912
5.670000000000001 0.31526026736955315 114.81655633058472 0.7421302842924467 -152399.66316101686 0.6130876930970381
5.680000000000001 0.3157230655109205 114.18399290075547 0.7448386315903661 -151259.1003196009 0.612359356007308
5.690000000000001 0.31618671477986054 113.55308665764237 0.7475494412030907 -150124.84265506177 0.6116322997531765
5.700000000000001 0.31665121450353445 112.92383737677922 0.7502626983851586 -148996.8638430407 0.6109065252405427
5.710000000000001 0.3171165640028424 112.29624479386386 0.7529783884513946 -147875.13755971682 0.6101820333377486
5.720000000000001 0.3175827625924254 111.67030860505866 0.75569649677712 -146759.63748275192 0.6094588248757999
5.730000000000001 0.3180498095806676 111.04602846729061 0.7584170087983558 -145650.33730471777 0.6087369006485865
5.740000000000001 0.31851770426969805 110.42340399855111 0.7611399100120229 -144547.210697259 0.6080162614131028
5.750000000000001 0.3189864459553934 109.8024347781954 0.7638651859761366 -143450.23134599396 0.6072969078896684
5.760000000000001 0.3194560339273802 109.18312034724157 0.7665928223099983 -142359.3729638012 0.606578840762148
5.770000000000001 0.31992646746903775 108.5654602086691 0.7693228046943804 -141274.6092543353 0.6058620606781733
5.780000000000001 0.32039774585750086 107.94945382771706 0.7720551188717091 -140195.9139464046 0.6051465682493622
5.790000000000001 0.320869868363663 107.33510063218189 0.7747897506462409 -139123.26076536076 0.6044323640515397
5.800000000000001 0.3213428342521795 106.72240001271457 0.777526685884236 -138056.6234470508 0.6037194486249582
5.8100000000000005 0.32181664278147104 106.11135132311749 0.7802659105141267 -136995.97575575154 0.6030078224745187
5.820000000000001 0.32229129320372696 105.50195388064071 0.7830074105266815 -135941.29147628174 0.6022974860699899
5.830000000000001 0.3227667847649093 104.89420696627779 0.7857511719751651 -134892.54438448057 0.601588439846229
5.840000000000001 0.3232431167047565 104.28810982506101 0.7884971809754938 -133849.70829906 0.600880684203402
5.8500000000000005 0.32372028825678767 103.68366166635613 0.7912454237063873 -132812.75705273627 0.6001742195072037
5.860000000000001 0.3241982986483068 103.08086166415657 0.7939958864095152 -131781.66450782385 0.5994690460890773
5.870000000000001 0.324677147100407 102.47970895737703 0.7967485553896406 -130756.40452586701 0.5987651642464342
5.880000000000001 0.3251568328279755 101.88020265014646 0.7995034170147581 -129736.95101408927 0.5980625742428741
5.890000000000001 0.3256373550396978 101.28234181210057 0.802260457716229 -128723.2778973551 0.597361276308404
5.900000000000001 0.3261187129380634 100.68612547867357 0.8050196639889112 -127715.3591207228 0.5966612706396577
5.910000000000001 0.32660090571937017 100.09155265138943 0.8077810223912864 -126713.16865883395 0.595962557400115
5.920000000000001 0.32708393257373014 99.49862229815237 0.8105445195455812 -125716.68052901467 0.5952651367203204
5.930000000000001 0.3275677926850746 98.90733335353674 0.8133101421378865 -124725.86876338633 0.5945690086981026
5.940000000000001 0.3280524852311598 98.31768471907634 0.8160778769182713 -123740.70743670402 0.5938741733987916
5.950000000000001 0.32853800938357297 97.72967526355286 0.8188477107008925 -122761.17064797014 0.5931806308554387
5.960000000000001 0.32902436430773785 97.14330382328379 0.8216196303641019 -121787.23253377629 0.5924883810690333
5.970000000000001 0.329511549162921 96.5585692024095 0.8243936228505483 -120818.86725969978 0.5917974240087214
5.980000000000001 0.32999956310223816 95.97547017317973 0.8271696751672759 -119856.04903334203 0.5911077596120227
5.990000000000001 0.3304884052726604 95.39400547623924 0.8299477743858191 -118898.75209180416 0.5904193877850485
6.000000000000001 0.3309780748150209 94.81417382091273 0.832727907642293 -117946.95072166716 0.5897323084027183
6.010000000000001 0.33146857086402176 94.23597388548902 0.8355100621374805 -117000.61923019579 0.5890465213089764
6.020000000000001 0.33195989254824065 93.65940431750447 0.8382942251369152 -116059.73198649473 0.5883620263170091
6.030000000000001 0.33245203899013814 93.08446373402562 0.8410803839709614 -115124.26338592195 0.5876788232094595
6.040000000000001 0.3329450093060648 92.51115072193099 0.8438685260348889 -114194.18786951047 0.5869969117386451
6.050000000000001 0.33343880260626857 91.93946383819207 0.8466586387889456 -113269.47992419411 0.5863162916267717
6.0600000000000005 0.33393341799490234 91.36940161015359 0.8494507097584256 -112350.11407533134 0.5856369625661489
6.070000000000001 0.33442885457003163 90.80096253581284 0.8522447265337337 -111436.06490410578 0.584958924219406
6.080000000000001 0.33492511142364256 90.2341450840982 0.8550406767704464 -110527.3070202501 0.5842821762197046
6.090000000000001 0.3354221876416497 89.66894769514685 0.8578385481893693 -109623.81509134441 0.5836067181709541
6.1000000000000005 0.3359200823039043 89.10536878058154 0.8606383285765914 -108725.56382748239 0.5829325496480251
6.110000000000001 0.3364187944842026 88.54340672378657 0.8634400057835347 -107832.52800513692 0.5822596701969621
6.120000000000001 0.33691832325029436 87.98305988018281 0.8662435677270015 -106944.68242461832 0.5815880793351969
6.130000000000001 0.33741866766389145 87.42432657750187 0.8690490023892173 -106062.00194622163 0.580917776551761
6.140000000000001 0.3379198267806766 86.8672051160594 0.8718562978178714 -105184.4614833349 0.5802487613074978
6.150000000000001 0.33842179965031244 86.31169376902733 0.8746654421261525 -104312.03600699715 0.579581033035274
6.160000000000001 0.33892458531645037 85.7577907827054 0.8774764234927822 -103444.70054096419 0.5789145911401907
6.170000000000001 0.33942818281674 85.20549437679158 0.8802892301620449 -102582.43014714017 0.5782494349997949
6.180000000000001 0.33993259118283836 84.6548027446516 0.8831038504438136 -101725.19995609853 0.5775855639642888
6.190000000000001 0.3404378094404196 84.10571405358759 0.8859202727135734 -100872.98514844543 0.5769229773567406
6.200000000000001 0.34094383660918465 83.55822644510563 0.8887384854124413 -100025.7609684369 0.5762616744732934
6.210000000000001 0.34145067170287074 83.01233803518248 0.8915584770471822 -99183.50270451327 0.5756016545833739
6.220000000000001 0.3419583137292618 82.46804691453119 0.8943802361902226 -98346.18570972695 0.5749429169299017
6.230000000000001 0.3424667616901982 81.92535114886583 0.8972037514796608 -97513.78539860788 0.5742854607294965
6.240000000000001 0.3429760145815872 81.38424877916516 0.9000290116192736 -96686.27724533198 0.5736292851726854
6.250000000000001 0.3434860713934134 80.84473782193533 0.9028560053785202 -95863.6367761278 0.5729743894241107
6.260000000000001 0.3439969311097491 80.3068162694715 0.9056847215925427 -95045.8395758751 0.5723207726227357
6.270000000000001 0.34450859270876505 79.77048209011855 0.9085151491621638 -94232.86130904657 0.5716684338820506
6.280000000000001 0.3450210551627413 79.23573322853069 0.9113472770538817 -93424.67767870087 0.5710173722902783
6.290000000000001 0.34553431743807805 78.70256760593003 0.9141810942998612 -92621.2644650692 0.5703675869105784
6.300000000000001 0.34604837849530695 78.1709831203641 0.917016589997922 -91822.59750303824 0.569719076781253
6.3100000000000005 0.34656323728910216 77.64097764696241 0.9198537533115252 -91028.65270521346 0.5690718409159483
6.320000000000001 0.34707889276829174 77.1125490381918 0.9226925734697548 -90239.40603357708 0.56842587830386
6.330000000000001 0.3475953438758692 76.58569512411087 0.925533039767298 -89454.83351937312 0.5677811879099346
6.340000000000001 0.34811258954900515 76.06041371262324 0.928375141564422 -88674.91127004458 0.5671377686750713
6.3500000000000005 0.348630628719059 75.53670258972979 0.9312188682869481 -87899.61543456493 0.5664956195163245
6.360000000000001 0.34914946031159083 75.01455951977974 0.9340642094262221 -87128.92224990012 0.565854739327104
6.370000000000001 0.34966908324637375 74.49398224572079 0.9369111545390836 -86362.80802351324 0.5652151269773751
6.380000000000001 0.3501894964374056 73.97496848934794 0.9397596932478307 -85601.24911376211 0.5645767813138589
6.390000000000001 0.35071069879292155 73.45751595155144 0.9426098152401834 -84844.22196066317 0.563939701160231
6.400000000000001 0.3512326892154065 72.94162231256345 0.9454615102692434 -84091.70306713453 0.5633038853173199
6.410000000000001 0.3517554666016075 72.42728523220366 0.9483147681534515 -83343.66900536709 0.5626693325633053
6.420000000000001 0.3522790298425466 71.91450235012378 0.9511695787765424 -82600.09641491434 0.562036041653915
6.430000000000001 0.3528033778235335 71.40327128605098 0.9540259320874968 -81860.96201003183 0.5614040113226211
6.440000000000001 0.3533285094241786 70.89358964003 0.9568838181004907 -81126.24258052374 0.5607732402808374
6.450000000000001 0.35385442351840607 70.38545499266435 0.9597432268948427 -80395.91498283956 0.560143727218113
6.460000000000001 0.35438111897446695 69.87886490535622 0.9626041486149578 -79669.95614587041 0.5595154708023282
6.470000000000001 0.35490859465495245 69.3738169205453 0.9654665734702697 -78948.34306518383 0.5588884696798877
6.480000000000001 0.3554368494168074 68.8703085619464 0.9683304917351798 -78231.05281725043 0.5582627224759151
6.490000000000001 0.35596588211134395 68.36833733478605 0.9711958937489943 -77518.06254437682 0.5576382277944442
6.500000000000001 0.356495691584255 67.86790072603773 0.9740627699158583 -76809.3494654417 0.5570149842186124
6.510000000000001 0.357026276675628 67.36899620465611 0.976931110704688 -76104.8908775238 0.5563929903108511
6.520000000000001 0.35755763621995906 66.87162122181006 0.9798009066491 -75404.6641499527 0.5557722446130771
6.530000000000001 0.3580897690461668 66.37577321111442 0.9826721483473392 -74708.64673017467 0.5551527456468821
6.540000000000001 0.3586226739776065 65.88144958886076 0.9855448264622028 -74016.81612851686 0.5545344919137225
6.550000000000001 0.35915634983208444 65.38864775424678 0.9884189317209634 -73329.14994055682 0.5539174818951076
6.5600000000000005 0.3596907954218721 64.8973650896046 0.9912944549152891 -72645.62583166617 0.5533017140527877
6.570000000000001 0.36022600955372075 64.40759896062795 0.9941713869011616 -71966.22154837752 0.5526871868289421
6.580000000000001 0.360761991028876 63.91934671659798 0.9970497185987919 -71290.91491783428 0.5520738986463644
6.590000000000001 0.36129873864309253 63.43260569060804 0.9999294409925339 -70619.68383224141 0.5514618479086489
6.6000000000000005 0.36183625118664886 62.94737319978722 1.0028105451307958 -69952.50627200963 0.5508510330003763
6.610000000000001 0.36237452744436227 62.46364654552262 1.0056930221259492 -69289.36028718112 0.5502414522872974
6.620000000000001 0.3629135661956038 61.98142301368051 1.0085768631542367 -68630.22400876849 0.5496331041165168
6.630000000000001 0.36345336621431334 61.50069987482624 1.0114620594556762 -67975.07564862075 0.5490259868166762
6.640000000000001 0.36399392626901506 61.02147438444292 1.0143486023339643 -67323.89349972515 0.5484200986981367
6.650000000000001 0.3645352451228325 60.54374378314896 1.017236483156377 -66676.65591635057 0.54781543805316
6.660000000000001 0.36507732153350403 60.06750529691433 1.0201256933536682 -66033.3413485558 0.5472120031560895
6.670000000000001 0.36562015425339867 59.592756137275614 1.0230162244199676 -65393.92832241489 0.54660979226353
6.680000000000001 0.36616374202953134 59.1194935015499 1.0259080679126744 -64758.39543722776 0.5460088036145272
6.690000000000001 0.36670808360357887 58.647714573047374 1.0288012154523507 -64126.721373784894 0.5454090354307464
6.700000000000001 0.36725317771189575 58.17741652128276 1.0316956587226125 -63498.88490137151 0.5448104859166498
6.710000000000001 0.3677990230855301 57.70859650218549 1.0345913894700185 -62874.86485221682 0.5442131532596746
6.720000000000001 0.3683456184502396 57.24125165830869 1.0374883995039579 -62254.640157948306 0.5436170356304075
6.730000000000001 0.3688929625265078 56.77537911903689 1.0403866806965352 -61638.18981878703 0.5430221311827623
6.740000000000001 0.3694410540295601 56.31097600079256 1.0432862249824537 -61025.49292265033 0.5424284380541534
6.750000000000001 0.3699898916693805 55.84803940724137 1.0461870243588975 -60416.528623562124 0.5418359543656701
6.760000000000001 0.3705394741507274 55.3865664294963 1.0490890708854117 -59811.27617086638 0.5412446782222496
6.770000000000001 0.3710898001731506 54.92655414632037 1.0519923566837797 -59209.71489134329 0.5406546077128505
6.780000000000001 0.37164086843100763 54.46799962432832 1.0548968739379003 -58611.82419440187 0.5400657409106228
6.790000000000001 0.3721926776134806 54.01089991818693 1.0578026148936626 -58017.583562884436 0.5394780758730806
6.800000000000001 0.37274522640459296 53.55525207081415 1.0607095718588184 -57426.972579611625 0.5388916106422712
6.8100000000000005 0.37329851348322607 53.101053113576995 1.0636177372028544 -56839.97088633675 0.5383063432449446
6.820000000000001 0.3738525375231366 52.64830006648821 1.0665271033568609 -56256.55821549415 0.5377222716927227
6.830000000000001 0.3744072971929731 52.19698993840171 1.0694376628134012 -55676.71437780195 0.537139393982266
6.840000000000001 0.37496279115629355 51.74711972720672 1.0723494081263774 -55100.419281586466 0.5365577080954416
6.8500000000000005 0.37551901807158217 51.29868642002081 1.0752623319108954 -54527.65290451839 0.5359772119994892
6.860000000000001 0.376075976592267 50.851686993381534 1.0781764268431286 -53958.39530162054 0.5353979036471865
6.870000000000001 0.37663366536673704 50.406118413436985 1.0810916856601798 -53392.6266227885 0.5348197809770139
6.880000000000001 0.3771920830383599 49.96197763613501 1.0840081011599416 -52830.32709437098 0.5342428419133178
6.890000000000001 0.377751228245499 49.51926160741123 1.0869256662009554 -52271.47702636536 0.5336670843664748
6.900000000000001 0.37831109962153153 49.07796726337585 1.089844373702269 -51716.05680563387 0.5330925062330532
6.910000000000001 0.3788716957948659 48.63809153049916 1.092764216643292 -51164.04690404039 0.5325191053959741
6.920000000000001 0.3794330153889595 48.19963132579591 1.095685188063652 -50615.42788025708 0.5319468797246736
6.930000000000001 0.3799950570223366 47.76258355700837 1.0986072810630463 -50070.18037887366 0.5313758270752607
6.940000000000001 0.3805578193086062 47.32694512278816 1.1015304888010946 -49528.28511609101 0.5308059452906779
6.950000000000001 0.38112130085648005 46.89271291287692 1.1044548044971896 -48989.722902434 0.5302372322008592
6.960000000000001 0.38168550026979053 46.459883808285646 1.107380221430346 -48454.47461990469 0.5296696856228866
6.970000000000001 0.38225041614750893 46.02845468147291 1.1103067329390495 -47922.52123959476 0.5291033033611479
6.980000000000001 0.38281604708376354 45.59842239652175 1.1132343324211014 -47393.843816354674 0.528538083207492
6.990000000000001 0.383382391667858 45.1697838093154 1.1161630133334661 -46868.42348144387 0.5279740229413842
7.000000000000001 0.3839494484842894 44.74253576771177 1.1190927691921149 -46346.24146212489 0.52741112033006
7.010000000000001 0.38451721611276696 44.31667511171671 1.1220235935718679 -45827.27905175559 0.5268493731286793
7.020000000000001 0.38508569312823016 43.892198673656026 1.1249554801062371 -45311.51763920732 0.5262887790804781
7.030000000000001 0.38565487810086746 43.4691032783463 1.1278884224872667 -44798.938688726856 0.525729335916921
7.040000000000001 0.3862247695961348 43.047385743264506 1.1308224144653722 -44289.52375275901 0.5251710413578516
7.050000000000001 0.3867953661747741 42.62704287871635 1.1337574498491794 -43783.254463480334 0.5246138931116437
7.0600000000000005 0.3873666663928323 42.20807148800347 1.136693522505361 -43280.1125406925 0.5240578888753493
7.070000000000001 0.3879386688016797 41.790468367589334 1.1396306263584735 -42780.079778023915 0.5235030263348482
7.080000000000001 0.3885113719480291 41.37423030726401 1.142568755390792 -42283.13805800318 0.5229493031649952
7.090000000000001 0.3890847743739544 40.95935409030766 1.1455079036421438 -41789.2693414604 0.5223967170297674
7.1000000000000005 0.38965887461690973 40.5458364936529 1.1484480652097429 -41298.45567912995 0.52184526558241
7.110000000000001 0.39023367120974833 40.133674288045825 1.1513892342480203 -40810.6791935452 0.5212949464655816
7.120000000000001 0.3908091626807416 39.722864238205986 1.1543314049684563 -40325.92210050208 0.5207457573114989
7.130000000000001 0.3913853475535982 39.31340310298504 1.15727457163941 -39844.16669584035 0.5201976957420803
7.140000000000001 0.3919622243474831 38.90528763552429 1.1602187285859484 -39365.39535222363 0.5196507593690887
7.150000000000001 0.39253979157703695 38.49851458341094 1.1631638701896756 -38889.59052468818 0.5191049457942736
7.160000000000001 0.3931180477523951 38.09308068883323 1.1661099908885588 -38416.73475835735 0.5185602526095119
7.170000000000001 0.3936969913792071 37.68898268873437 1.1690570851767557 -37946.81067304413 0.5180166773969488
7.180000000000001 0.3942766209586558 37.28621731496521 1.1720051476044393 -37479.80097561318 0.5174742177291376
7.190000000000001 0.3948569349874769 36.884781294435804 1.1749541727776234 -37015.688451737464 0.5169328711691777
7.200000000000001 0.39543793195797844 36.484671349265795 1.1779041553579859 -36554.45597083009 0.5163926352708532
7.210000000000001 0.39601961035806005 36.08588419693353 1.1808550900626922 -36096.0864801854 0.5158535075787696
7.220000000000001 0.3966019686712326 35.68841655042407 1.183806971664217 -35640.56301531476 0.5153154856284904
7.230000000000001 0.39718500537663776 35.292265118376044 1.1867597949901665 -35187.86868716348 0.5147785669466729
7.240000000000001 0.3977687189490676 34.89742660522723 1.1897135549230986 -34737.98668819644 0.514242749051202
7.250000000000001 0.39835310785898426 34.50389771135907 1.1926682464003429 -34290.900296370215 0.5137080294513252
7.260000000000001 0.3989381705725395 34.11167513323997 1.1956238644138204 -33846.59286985909 0.5131744056477847
7.270000000000001 0.3995239055515945 33.72075556356742 1.1985804040098615 -33405.04784303278 0.5126418751329505
7.280000000000001 0.40011031125373964 33.33113569140901 1.2015378602890243 -32966.248736091475 0.5121104353909511
7.290000000000001 0.40069738613231426 32.94281220234223 1.2044962284059118 -32530.17915116346 0.5115800838978046
7.300000000000001 0.40128512863642657 32.55578177859315 1.2074555035689876 -32096.82276429977 0.5110508181215487
7.3100000000000005 0.40187353721097335 32.170041099173936 1.2104156810403934 -31666.16334155312 0.5105226355223693
7.320000000000001 0.40246261029666 31.785586840019228 1.213376756135763 -31238.184719111225 0.5099955335527289
7.330000000000001 0.40305234633002035 31.402415674121368 1.2163387242240369 -30812.870822285895 0.509469509657494
7.340000000000001 0.4036427437434367 31.020524271664495 1.2193015807272776 -30390.2056474626 0.508944561274062
7.3500000000000005 0.40423380096515993 30.639909300157488 1.2222653211204821 -29970.173281737956 0.508420685832486
7.360000000000001 0.40482551641932907 30.26056742456579 1.2252299409313951 -29552.75788359325 0.5078978807556016
7.370000000000001 0.4054178885259919 29.882495307442102 1.2281954357403215 -29137.943692918132 0.5073761434591493
7.380000000000001 0.4060109157011248 29.505689609055953 1.2311618011799386 -28725.715031029562 0.5068554713518989
7.390000000000001 0.40660459635665264 29.13014698752213 1.234129032935107 -28316.05629705987 0.5063358618357721
7.400000000000001 0.4071989289004692 28.755864098928022 1.2370971267426814 -27908.951969067217 0.5058173123059635
7.410000000000001 0.4077939117364573 28.382837597459815 1.2400660783913222 -27504.386600961785 0.5052998201510626
7.420000000000001 0.4083895432645088 28.011064135527608 1.243035883721304 -27102.344831072314 0.5047833827531736
7.430000000000001 0.408985821880545 27.6405403638894 1.2460065386243264 -26702.811374028435 0.5042679974880344
7.440000000000001 0.4095827459765366 27.271262931773986 1.248978039043322 -26305.77102203054 0.5037536617251361
7.450000000000001 0.4101803139405243 26.903228487002757 1.251950380972266 -25911.208646291598 0.5032403728278403
7.460000000000001 0.4107785241566387 26.536433676110395 1.254923560455984 -25519.10919334792 0.5027281281534958
7.470000000000001 0.4113773750051208 26.17087514446449 1.2578975735899602 -25129.45769183846 0.5022169250535555
7.480000000000001 0.41197686486234225 25.80654953638406 1.2608724165201448 -24742.2392488727 0.5017067608736918
7.490000000000001 0.41257699210082566 25.443453495257003 1.2638480854427612 -24357.439040898826 0.5011976329539107
7.500000000000001 0.4131777550892649 25.081583663656456 1.2668245766041129 -23975.042328761592 0.5006895386286665
7.510000000000001 0.41377915219254546 24.72093668345609 1.2698018863003904 -23595.034450274416 0.500182475226974
7.520000000000001 0.41438118177176486 24.36150919594434 1.2727800108774765 -23217.4008172605 0.499676440072522
7.530000000000001 0.4149838421842529 24.003297841937552 1.2757589467307533 -22842.126915529687 0.49917143048378343
7.540000000000001 0.41558713178359213 23.6462992618921 1.2787386903049074 -22469.198314445308 0.49866744377412764
7.550000000000001 0.4161910489196383 23.29051009601542 1.2817192380937348 -22098.600656277595 0.498164477251929
7.5600000000000005 0.4167955919385407 22.935926984376 1.2847005866399468 -21730.319654383697 0.49766252822067736
7.570000000000001 0.4174007591827625 22.58254656701233 1.2876827325349747 -21364.341104042272 0.4971615939790853
7.580000000000001 0.41800654899110123 22.230365484040806 1.2906656724187742 -21000.65087620743 0.496661671821197
7.590000000000001 0.4186129596987094 21.87938037576259 1.2936494029796297 -20639.23491259913 0.4961627590364943
7.6000000000000005 0.41921998963711454 21.529587882769448 1.2966339209539595 -20280.079234742676 0.4956648529100034
7.610000000000001 0.41982763713424004 21.180984646048543 1.2996192231261183 -19923.169935268634 0.4951679507223996
7.620000000000001 0.4204359005144253 20.833567307086227 1.302605306328203 -19568.49318196098 0.4946720497501127
7.630000000000001 0.4210447780984464 20.487332507970784 1.3055921674398545 -19216.03521830335 0.4941771472654304
7.640000000000001 0.42165426820353646 20.142276891494188 1.3085798033880627 -18865.78236126087 0.4936832405366013
7.650000000000001 0.42226436914340604 19.798397101252824 1.311568211146969 -18517.721003852675 0.49319032682793784
7.660000000000001 0.4228750792282636 19.45568978174723 1.3145573877376704 -18171.837610199873 0.49269840339991744
7.670000000000001 0.42348639676483624 19.114151578480797 1.3175473302280218 -17828.11871885545 0.4922074675092831
7.680000000000001 0.42409832005638964 18.773779138057538 1.32053803573244 -17486.550940619527 0.4917175164091443
7.690000000000001 0.424710847402749 18.43456910827879 1.323529501411706 -17147.120960744633 0.49122854734907573
7.700000000000001 0.4253239771003193 18.096518138238988 1.3265217244727685 -16809.81553582842 0.49074055757521584
7.710000000000001 0.4259377074421056 17.759622878420426 1.3295147021685463 -16474.62149976182 0.4902535443303653
7.720000000000001 0.4265520367177338 17.423879980787056 1.332508431797731 -16141.5257512282 0.4897675048540834
7.730000000000001 0.42716696321347086 17.0892860988773 1.3355029107045904 -15810.515263863812 0.4892824363827851
7.740000000000001 0.4277824852122453 16.75583788789591 1.3384981362787707 -15481.57708584009 0.4887983361498365
7.750000000000001 0.42839860099366767 16.423532004804862 1.3414941059550995 -15154.698331928872 0.4883152013856491
7.760000000000001 0.4290153088340508 16.09236510841328 1.3444908172133883 -14829.86618977194 0.48783302931777506
7.770000000000001 0.4296326070064305 15.762333859466422 1.3474882675782351 -14507.067923607672 0.48735181717099996
7.780000000000001 0.4302504937805858 15.43343492073371 1.3504864546188278 -14186.290861346182 0.48687156216743577
7.790000000000001 0.4308689674230592 15.10566495709582 1.353485375948746 -13867.522404643214 0.48639226152661263
7.800000000000001 0.4314880261971774 14.779020635630838 1.3564850292257642 -13550.75002568328 0.4859139124655706
7.8100000000000005 0.4321076683630714 14.45349862569947 1.359485412151655 -13235.961267348519 0.4854365121989498
7.820000000000001 0.43272789217769697 14.129095599029343 1.3624865224719915 -12923.14373510662 0.4849600579390805
7.830000000000001 0.433348695894855 13.805808229798362 1.3654883579759503 -12612.285115122984 0.4844845468960721
7.840000000000001 0.43397007776521174 13.483633194717166 1.3684909164961145 -12303.37315407921 0.48400997627790177
7.8500000000000005 0.4345920360363193 13.162567173110663 1.3714941959082771 -11996.39567244478 0.4835363432905021
7.860000000000001 0.4352145689526358 12.842606846998658 1.374498194131244 -11691.340557383666 0.48306364513784794
7.870000000000001 0.43583767475554575 12.523748901175578 1.377502909126637 -11388.195768129786 0.4825918790220429
7.880000000000001 0.4364613516833802 12.205990023289301 1.380508338898698 -11086.94932725889 0.4821210421434051
7.890000000000001 0.4370855979714371 11.889326903919088 1.3835144814940916 -10787.589323728325 0.48165113170055185
7.900000000000001 0.4377104118520016 11.573756236652631 1.3865213350017096 -10490.103920124127 0.48118214489048383
7.910000000000001 0.43833579155436614 11.259274718162219 1.3895288975524742 -10194.48134489615 0.4807140789086689
7.920000000000001 0.43896173530485066 10.945879048280018 1.3925371673191425 -9900.709889763932 0.48024693094912463
7.930000000000001 0.4395882413268229 10.633565930072491 1.39554614251611 -9608.777918793989 0.47978069820450087
7.940000000000001 0.44021530784071833 10.32233206991394 1.3985558213992157 -9318.673858506918 0.47931537786616063
7.950000000000001 0.44084293306406047 10.012174177559192 1.4015662022655462 -9030.38620453305 0.47885096712426123
7.960000000000001 0.441471115211481 9.703088966215422 1.40457728345324 -8743.903517348046 0.47838746316783476
7.970000000000001 0.44209985249473976 9.395073152613124 1.4075890633412929 -8459.21442111168 0.47792486318486693
7.980000000000001 0.44272914312274486 9.088123457076248 1.4106015403493628 -8176.307611173436 0.4774631643623758
7.990000000000001 0.44335898530157264 8.782236603591473 1.4136147129375753 -7895.171843555072 0.4770023638864904
8.000000000000002 0.44398937723448784 8.477409319876656 1.416628579606329 -7615.795941404624 0.4765424589425279
8.010000000000002 0.4446203171219634 8.173638337448457 1.4196431388961008 -7338.168788341985 0.47608344671506986
8.020000000000001 0.44525180316170065 7.870920391689113 1.4226583893872529 -7062.2793377983935 0.4756253243880396
8.030000000000001 0.4458838335486489 7.569252221912415 1.425674329699838 -6788.1166072619435 0.47516808914477626
8.040000000000001 0.4465164064750258 7.268630571428854 1.4286909584934064 -6515.669674098108 0.4747117381681101
8.05 0.44714952013033665 6.969052187609962 1.4317082744668126 -6244.927682628501 0.47425626864043713
8.06 0.44778317270139484 6.6705138219518405 1.434726276358022 -5975.879837640995 0.4738016777437918
8.07 0.4484173623723412 6.373012230137895 1.4377449629439187 -5708.515412901012 0.4733479626599203
8.08 0.449052087324664 6.076544172100768 1.4407643330401132 -5442.8237364210345 0.47289512057035255
8.090000000000002 0.4496873457372187 5.781106412083482 1.443784385500749 -5178.794206430329 0.47244314865647397
8.100000000000001 0.45032313578624755 5.486695718699802 1.4468051192183125 -4916.416279556445 0.47199204409959605
8.110000000000001 0.45095945564539935 5.193308864993805 1.4498265331234401 -4655.679474567037 0.47154180408102697
8.120000000000001 0.45159630348574914 4.900942628498685 1.4528486261847278 -4396.5733735234635 0.4710924257821406
8.13 0.4522336774758178 4.609593791294785 1.4558713974085395 -4139.087620721107 0.47064390638444686
8.14 0.45287157578159143 4.319259140066858 1.4588948458388178 -3883.211918070342 0.47019624306965824
8.15 0.4535099965665413 4.029935466160576 1.461918970556892 -3628.9360298135557 0.46974943301975913
8.16 0.4541489379916429 3.7416195656382727 1.4649437706812898 -3376.2497834424653 0.469303473417072
8.170000000000002 0.45478839821539585 3.454308239333947 1.4679692453675466 -3125.1430635300453 0.46885836144432447
8.180000000000001 0.45542837539384295 3.1679982929075146 1.4709953938080167 -2875.6058167107567 0.4684140942847149
8.190000000000001 0.45606886768058985 2.8826865368983197 1.4740222152316849 -2627.6280499292484 0.4679706691219778
8.2 0.45670987322682427 2.5983697867779143 1.4770497089039774 -2381.19982601775 0.46752808314044825
8.21 0.4573513901813353 2.3150448630021057 1.4800778741265737 -2136.311272669569 0.46708633352512674
8.22 0.45799341669053284 2.032708591062278 1.4831067102372193 -1892.95257322168 0.46664541746174126
8.23 0.4586359508984667 1.7513578015359965 1.4861362166095384 -1651.1139676982416 0.4662053321368116
8.24 0.45927899094684577 1.4709893301368928 1.4891663926528464 -1410.7857592830073 0.4657660747377108
8.25 0.45992253497505725 1.191600017763844 1.4921972378119637 -1171.9583069923574 0.4653276424527274
8.26 0.4605665811201858 0.9131867105494447 1.4952287515670295 -934.6220267472896 0.46489003247112526
8.27 0.46121112751703247 0.6357462599077791 1.498260933433316 -698.7673937715188 0.4644532419832058
8.28 0.46185617229813386 0.35927552258149953 1.501293782961043 -464.3849417621618 0.4640172681803666
8.29 0.46250171359378106 0.08377136068821278 1.5043272997351937 -231.46525573108792 0.46358210825516144
8.3 0.4631477495320386 -0.19076935823381674 1.507361483375329 0.001014465234590034 0.46314775940135844
