12.16 2.9361859785219204 0.15719737631923333 0.1572419735393337
12.15 2.936178224904636 0.15712025304133995 0.15716457326870412
12.14 2.8982519149926107 0.15704360657752867 0.15708765110749992
12.13 2.860310085770591 0.15696743619694753 0.1570112063216035
12.12 2.8223527292209325 0.1568917411760939 0.1569352381842703
12.11 2.784379837354156 0.1568165207987954 0.15685974597611022
12.1 2.7463914022091314 0.15674177435619358 0.15678472898507004
12.09 2.708387415853251 0.15666750114672423 0.15671018650641505
12.08 2.6703678703826164 0.1565937004761017 0.1566361178427115
12.07 2.632332757922211 0.15652037165730012 0.15656252230380951
12.06 2.5942820706260883 0.15644751401053703 0.15648939920682542
12.05 2.556215800677549 0.15637512686325641 0.1564167478761252
12.04 2.5181339402893235 0.15630320955011281 0.15634456764330767
12.03 2.480036481703757 0.15623176141295278 0.1562728578471879
12.02 2.4419234171929873 0.15616078180080092 0.1562016178337811
12.01 2.4037947390591343 0.15609027006984322 0.15613084695628646
12.0 2.365650439634479 0.15602022558341092 0.15606054457507162
11.99 2.3274905112816504 0.15595064771196554 0.15599071005765686
11.98 2.2893149463938087 0.15588153583308353 0.15592134277869968
11.97 2.2511237373948334 0.15581288933144158 0.15585244211998014
11.96 2.2129168767395058 0.1557447075988005 0.15578400747038557
11.95 2.1746943569136983 0.1556769900339923 0.15571603822589586
11.94 2.1364561704345597 0.15560973604290493 0.1556485337895695
11.93 2.0982023098507017 0.15554294503846772 0.1555814935715289
11.92 2.059932767742388 0.15547661644063945 0.15551491698894657
11.91 2.0216475367217237 0.15541074967639243 0.1554488034660315
11.9 1.983346609432841 0.15534534417969942 0.15538315243401532
11.89 1.9450299785520906 0.1552803993915216 0.15531796333113926
11.88 1.9066976367882311 0.15521591475979493 0.1552532356026408
11.87 1.8683495768826186 0.1551518897394165 0.15518896870074103
11.86 1.8299857916093971 0.155088323792233 0.1551251620846317
11.85 1.7916062737756915 0.1550252163870286 0.15506181522046314
11.84 1.7532110162217966 0.15496256699951108 0.15499892758133166
11.83 1.7148000118213709 0.15490037511230142 0.15493649864726783
11.82 1.6763732534816287 0.15483864021492202 0.1548745279052243
11.81 1.6379307341435323 0.15477736180378457 0.15481301484906476
11.8 1.5994724467819876 0.15471653938217905 0.1547519589795522
11.79 1.5609983844060351 0.15465617246026273 0.1546913598043378
11.78 1.522508540059045 0.15459626055504821 0.1546312168379499
11.77 1.4840029068189147 0.15453680319039512 0.15457152960178372
11.76 1.4454814777982607 0.15447779989699767 0.1545122976240903
11.75 1.4069442461446164 0.15441925021237468 0.1544535204399665
11.74 1.3683912050406264 0.1543611536808602 0.15439519759134476
11.73 1.329822347704245 0.15430350985359315 0.15433732862698352
11.72 1.2912376673889328 0.1542463182885088 0.15427991310245717
11.71 1.2526371573838524 0.1541895785503276 0.15422295058014682
11.7 1.2140208110140693 0.15413329021054747 0.154166440629231
11.69 1.1753886216407485 0.15407745284743363 0.1541103828256765
11.68 1.1367405826613532 0.15402206604601118 0.15405477675223003
11.67 1.0980766875098447 0.1539671293980559 0.15399962199840886
11.66 1.0593969296568826 0.1539126425020854 0.15394491816049297
11.65 1.0207013026100218 0.15385860496335171 0.15389066484151664
11.64 0.9819897999139182 0.15380501639383315 0.15383686165126045
11.63 0.9432624151505261 0.1537518764122261 0.1537835082062436
11.62 0.9045191419392995 0.15369918464393834 0.15373060412971623
11.61 0.8657599739373955 0.15364694072108098 0.15367814905165203
11.6 0.8269849048398769 0.15359514428246213 0.15362614260874113
11.59 0.788193928379912 0.1535437949735789 0.15357458444438316
11.58 0.7493870383289805 0.1534928924466115 0.15352347420868037
11.57 0.7105642284970763 0.15344243636041682 0.15347281155843123
11.56 0.6717254927329104 0.1533924263805219 0.15342259615712395
11.55 0.6328708249241163 0.1533428621791181 0.1533728276749305
11.54 0.5940002189974548 0.15329374343505373 0.15332350578870038
11.53 0.5551136689190175 0.15324506983383043 0.15327463018195525
11.52 0.5162111686944345 0.15319684106759718 0.1532262005448832
11.51 0.47729271236907833 0.15314905683514385 0.15317821657433325
11.5 0.4383582940282722 0.1531017168418972 0.15313067797381075
11.49 0.39940790779749524 0.15305482079991603 0.15308358445347167
11.48 0.36044154784258897 0.15300836842788587 0.15303693573011876
11.47 0.3214592083699681 0.15296235945111522 0.15299073152719636
11.46 0.2824608836268244 0.15291679360153054 0.1529449715747864
11.45 0.24344656790133648 0.15287167061767296 0.1528996556096041
11.44 0.2044162555228795 0.15282699024469384 0.1528547833749944
11.43 0.16536994086223195 0.152782752234351 0.15281035462092782
11.42 0.12630761833178714 0.1527389563450063 0.15276636910399716
11.41 0.08722928238576105 0.15269560234162058 0.15272282658741437
11.4 0.04813492752040474 0.1526526899957527 0.15267972684100695
11.39 0.009024548274212976 0.15261021908555528 0.15263706964121568
11.38 -0.03010186077186654 0.1525681893957721 0.15259485477109136
11.37 -0.06924430499421715 0.1525266007177363 0.15255308202029266
11.36 -0.10840278972634587 0.15248545284936757 0.1525117511850836
11.35 -0.14757732025867246 0.1524447455951697 0.1524708620683316
11.34 -0.18676790183831007 0.15240447876623056 0.1524304144795056
11.33 -0.2259745396688627 0.1523646521802183 0.15239040823467412
11.32 -0.26519723891020475 0.15232526566138072 0.15235084315650405
11.31 -0.30443600467827175 0.1522863190405441 0.15231171907425914
11.3 -0.34369084204484446 0.1522478121551127 0.15227303582379914
11.29 -0.3829617560373363 0.15220974484906666 0.15223479324757852
11.28 -0.42224875163857906 0.15217211697296207 0.15219699119464622
11.27 -0.46155183378660647 0.1521349283839312 0.15215962952064482
11.26 -0.5008710073744441 0.15209817894567973 0.15212270808781037
11.25 -0.5402062772498898 0.1520618685284902 0.15208622676497233
11.24 -0.579557648215301 0.15202599700921976 0.15205018542755364
11.23 -0.6189251250273728 0.15199056427130048 0.15201458395757095
11.22 -0.6583087123969344 0.1519555702047416 0.15197942224363525
11.21 -0.6977084149887183 0.15192101470612787 0.15194470018095252
11.2 -0.7371242374211533 0.15188689767862346 0.15191041767132465
11.19 -0.7765561842661455 0.15185321903197052 0.15187657462315043
11.18 -0.8160042600488592 0.1518199786824919 0.15184317095142713
11.17 -0.855468469247498 0.15178717655309126 0.1518102065777518
11.16 -0.8949488162930948 0.15175481257325682 0.15177768143032297
11.15 -0.9344453055692856 0.15172288667906245 0.15174559544394267
11.14 -0.9739579414120936 0.1516913988131692 0.15171394856001855
11.13 -1.0134867281097095 0.15166034892482796 0.151682740726566
11.12 -1.053031669902278 0.1516297369698826 0.15165197189821109
11.11 -1.0925927709816705 0.15159956291077215 0.1516216420361927
11.1 -1.1321700354912745 0.15156982671653374 0.151591751108366
11.09 -1.1717634675257669 0.1515405283628066 0.1515622990892053
11.08 -1.2113730711308954 0.15151166783183348 0.15153328595980725
11.07 -1.2509988503032627 0.1514832451124656 0.15150471170789473
11.06 -1.2906408089901016 0.15145526020016797 0.15147657632782038
11.05 -1.3302989510890566 0.15142771309702033 0.15144887982057048
11.04 -1.3699732804479618 0.15140060381172177 0.15142162219376906
11.03 -1.4096638008646205 0.15137393235959815 0.1513948034616827
11.02 -1.4493705160865857 0.15134769876260315 0.15136842364522426
11.01 -1.489093429810935 0.15132190304932425 0.15134248277195841
11.0 -1.528832545684053 0.15129654525498862 0.15131698087610632
10.99 -1.5685878673014049 0.15127162542146694 0.15129191799855046
10.98 -1.608359398207319 0.15124714359727973 0.15126729418684065
10.97 -1.6481471418947622 0.15122309983760174 0.151243109495199
10.96 -1.687951101805116 0.15119949420426995 0.15121936398452615
10.95 -1.7277712813279569 0.1511763267657877 0.15119605772240685
10.94 -1.767607683800833 0.15115359759733152 0.15117319078311667
10.93 -1.8074603125090398 0.15113130678075729 0.15115076324762777
10.92 -1.8473291706853951 0.1511094544046067 0.15112877520361617
10.91 -1.8872142615100238 0.1510880405641151 0.15110722674546798
10.9 -1.9271155881101232 0.1510670653612178 0.15108611797428673
10.89 -1.9670331535597478 0.15104652890455758 0.1510654489979006
10.88 -2.006966960879583 0.15102643130949106 0.15104521993086975
10.87 -2.0469170130367185 0.15100677269809812 0.15102543089449408
10.86 -2.0868833129444293 0.15098755319918936 0.15100608201682103
10.85 -2.126865863461947 0.15096877294831262 0.1509871734326536
10.84 -2.1668646673942384 0.15095043208776313 0.15096870528355877
10.83 -2.2068797274917804 0.15093253076659116 0.15095067771787588
10.82 -2.2469110464503346 0.15091506914061098 0.15093309089072535
10.81 -2.2869586269107214 0.15089804737240936 0.15091594496401756
10.8 -2.3270224714586 0.15088146563135615 0.15089924010646216
10.79 -2.3671025826242404 0.15086532409361153 0.15088297649357718
10.78 -2.407198962882294 0.15084962294213733 0.15086715430769884
10.77 -2.4473116146515794 0.1508343623667052 0.150851773737991
10.76 -2.487440540294847 0.150819542563908 0.15083683498045541
10.75 -2.5275857421185575 0.15080516373716954 0.15082233823794183
10.74 -2.56774722237266 0.15079122609675502 0.15080828372015845
10.73 -2.607924983250362 0.15077772985978197 0.15079467164368252
10.72 -2.6481190268879065 0.15076467525023035 0.1507815022319711
10.71 -2.688329355364344 0.15075206249895434 0.15076877571537245
10.7 -2.728555970701311 0.1507398918436934 0.15075649233113694
10.69 -2.7687988748627976 0.15072816352908386 0.1507446523234288
10.68 -2.8090580697549314 0.1507168778066698 0.15073325594333767
10.67 -2.8493335572257474 0.1507060349349168 0.15072230344889087
10.66 -2.8896253390649562 0.15069563517922283 0.1507117951050651
10.65 -2.9299334170037326 0.15068567881193065 0.15070173118379934
10.64 -2.9702577927144738 0.15067616611234144 0.15069211196400698
10.63 -3.010598467810587 0.15066709736672573 0.1506829377315891
10.62 -3.0509554438462554 0.150658472868339 0.1506742087794473
10.61 -3.0913287223162187 0.15065029291743254 0.15066592540749693
10.6 -3.131718304655541 0.15064255782126992 0.1506580879226808
10.59 -3.1721241922393912 0.15063526789413625 0.15065069663898278
10.58 -3.212546386382809 0.15062842345735666 0.1506437518774418
10.57 -3.2529848883404964 0.1506220248393089 0.15063725396616617
10.56 -3.2934396993065684 0.1506160723754361 0.15063120324034776
10.55 -3.3339108204143524 0.1506105664082641 0.15062560004227687
10.54 -3.374398252736141 0.15060550728741454 0.15062044472135705
10.53 -3.4149019972829846 0.15060089536962057 0.15061573763412026
10.52 -3.4554220550044485 0.15059673101874285 0.15061147914424214
10.51 -3.4959584267884076 0.15059301460578364 0.1506076696225576
10.5 -3.5365111134608034 0.15058974650890442 0.15060430944707673
10.49 -3.577080115785431 0.15058692711343943 0.15060139900300082
10.48 -3.617665434463709 0.15058455681191568 0.15059893868273855
10.47 -3.658267070134454 0.1505826360040653 0.15059692888592272
10.46 -3.698885023373662 0.15058116509684621 0.15059537001942677
10.45 -3.739519294694276 0.15058014450445664 0.15059426249738203
10.44 -3.780169884545966 0.15057957464835134 0.15059360674119485
10.43 -3.8208367933149048 0.15057945595726271 0.150593403179564
10.42 -3.861520021323543 0.1505797888672171 0.1505936522484986
10.41 -3.9022195688303856 0.1505805738215503 0.1505943543913358
10.4 -3.9429354360297637 0.15058181127092887 0.15059551005875946
10.39 -3.9836676230516233 0.15058350167336737 0.15059711970881806
10.38 -4.024416129961286 0.15058564549424655 0.1505991838069438
10.37 -4.065180956759237 0.1505882432063331 0.1506017028259715
10.36 -4.105962103380897 0.15059129528979945 0.1506046772461576
10.35 -4.146759569696401 0.1505948022322413 0.15060810755519977
10.34 -4.187573355510378 0.1505987645286995 0.15061199424825666
10.33 -4.228403460561721 0.15060318268167794 0.15061633782796774
10.32 -4.269249884523373 0.1506080572011658 0.15062113880447361
10.31 -4.310112627002099 0.15061338860465562 0.15062639769543631
10.3 -4.350991687538271 0.15061917741716713 0.15063211502606022
10.29 -4.3918870656056415 0.15062542417126465 0.15063829132911297
10.28 -4.432798760611115 0.15063212940708087 0.15064492714494657
10.27 -4.473726771894547 0.15063929367233894 0.150652023021519
10.26 -4.5146710987285035 0.15064691752237086 0.150659579514416
10.25 -4.555631740318051 0.15065500152014188 0.1506675971868731
10.24 -4.5966086958005326 0.1506635462362737 0.15067607660979762
10.23 -4.637601964245353 0.15067255224906478 0.15068501836179163
10.22 -4.6786115446537515 0.15068202014451376 0.1506944230291744
10.21 -4.7196374359585835 0.1506919505163435 0.15070429120600579
10.2 -4.760679637024113 0.15070234396602372 0.15071462349410925
10.19 -4.801738146645778 0.15071320110279468 0.15072542050309565
10.18 -4.842812963549981 0.15072452254369 0.15073668285038724
10.17 -4.883904086393873 0.15073630891356327 0.15074841116124144
10.16 -4.925011513765133 0.15074856084511046 0.1507606060687758
10.15 -4.966135244181741 0.15076127897889482 0.15077326821399228
10.14 -5.007275276091782 0.15077446396337263 0.15078639824580226
10.13 -5.048431607873214 0.15078811645491777 0.15079999682105202
10.12 -5.089604237833657 0.15080223711784815 0.15081406460454824
10.11 -5.1307931642101705 0.1508168266244509 0.15082860226908357
10.1 -5.1719983851690525 0.15083188565500713 0.15084361049546308
10.09 -5.213219898805609 0.1508474148978209 0.15085908997253034
10.08 -5.254457703143955 0.1508634150492446 0.15087504139719435
10.07 -5.295711796136784 0.15087988681370565 0.15089146547445617
10.06 -5.336982175665169 0.15089683090373446 0.15090836291743676
10.05 -5.378268839538338 0.150914248039991 0.15092573444740381
10.04 -5.4195717854934715 0.15093213895129304 0.15094358079380008
10.03 -5.460891011195483 0.1509505043746441 0.15096190269427123
10.02 -5.502226514236807 0.15096934505526347 0.15098070089469443
10.01 -5.543578292137195 0.15098866174661388 0.15099997614920713
10.0 -5.584946342343502 0.15100845521042805 0.1510197292202358
9.99 -5.626330662229466 0.1510287262167421 0.15103996087852561
9.98 -5.667731249095516 0.15104947554392206 0.15106067190316969
9.97 -5.709148100168548 0.15107070397869615 0.15108186308163932
9.96 -5.750581212601726 0.15109241231618264 0.1511035352098141
9.95 -5.7920305834742685 0.15111460135992194 0.15112568909201252
9.94 -5.83349620979124 0.15113727192190737 0.15114832554102273
9.93 -5.8749780884833545 0.1511604248226168 0.1511714453781337
9.92 -5.916476216406752 0.15118406089104222 0.15119504943316683
9.91 -5.95799059034281 0.15120818096472152 0.1512191385445076
9.9 -5.999521206997926 0.15123278588977535 0.15124371355913777
9.89 -6.0410680630033164 0.15125787652093264 0.15126877533266786
9.88 -6.08263115491482 0.15128345372156723 0.15129432472936982
9.87 -6.124210479212679 0.15130951836373163 0.15132036262221002
9.86 -6.165806032301356 0.1513360713281887 0.15134688989288286
9.85 -6.2074178105093125 0.1513631135044443 0.15137390743184445
9.84 -6.249045810088821 0.15139064579078382 0.15140141613834646
9.83 -6.29069002721576 0.15141866909430698 0.15142941692047085
9.82 -6.332350457989411 0.15144718433095852 0.15145791069516432
9.81 -6.374027098432261 0.15147619242556876 0.15148689838827356
9.8 -6.415719944489813 0.1515056943118829 0.15151638093458059
9.79 -6.457428992030373 0.1515356909326021 0.1515463592778383
9.78 -6.499154236844857 0.15156618323941654 0.15157683437080702
9.77 -6.540895674646604 0.1515971721930435 0.15160780717529038
9.76 -6.5826533010711685 0.15162865876326237 0.15163927866217256
9.75 -6.624427111676134 0.1516606439289528 0.15167124981145508
9.74 -6.666217101940909 0.15169312867813278 0.1517037216122945
9.73 -6.7080232672665465 0.15172611400799546 0.15173669506304022
9.72 -6.749845602975539 0.15175960092494678 0.15177017117127253
9.71 -6.791684104311637 0.15179359044464488 0.15180415095384125
9.7 -6.833538766439648 0.15182808359204158 0.1518386354369047
9.69 -6.875409584445252 0.15186308140141552 0.15187362565596899
9.68 -6.91729655333481 0.15189858491641783 0.15190912265592743
9.67 -6.959199668035182 0.15193459519010732 0.1519451274911008
9.66 -7.001118923393528 0.1519711132849952 0.15198164122527763
9.65 -7.043054314177125 0.15200814027308318 0.15201866493175492
9.64 -7.085005835073189 0.15204567723590368 0.15205619969337933
9.63 -7.126973480688679 0.15208372526456457 0.15209424660258872
9.62 -7.168957245550117 0.1521222854597879 0.15213280676145385
9.61 -7.2109571241034045 0.1521613589319534 0.15217188128172093
9.6 -7.252973110713645 0.15220094680114393 0.15221147128485418
9.59 -7.295005199664947 0.15224105019718276 0.1522515779020787
9.58 -7.337053385160265 0.15228167025968087 0.1522922022744242
9.57 -7.379117661321201 0.15232280813808052 0.15233334555276862
9.56 -7.421198022187833 0.15236446499169903 0.15237500889788255
9.55 -7.4632944617185455 0.1524066419897722 0.1524171934804738
9.54 -7.505406973789837 0.15244934031150142 0.15245990048123226
9.53 -7.547535552196159 0.1524925611460974 0.15250313109087565
9.52 -7.58968019064972 0.15253630569282836 0.15254688651019524
9.51 -7.631840882780342 0.15258057516106188 0.1525911679501022
9.5 -7.674017622135265 0.15262537077031707 0.15263597663167397
9.49 -7.716210402178978 0.1526706937503068 0.1526813137862019
9.48 -7.758419216293054 0.15271654534098864 0.1527271806552383
9.47 -7.800644057775982 0.15276292679261094 0.15277357849064468
9.46 -7.842884919842991 0.1528098393657617 0.15282050855464002
9.45 -7.885141795625889 0.1528572843314186 0.1528679721198496
9.44 -7.9274146781728865 0.15290526297099633 0.15291597046935426
9.43 -7.969703560448454 0.15295377657639522 0.15296450489674004
9.42 -8.012008435333122 0.15300282645005422 0.15301357670614826
9.41 -8.05432929562335 0.15305241390500327 0.15306318721232645
9.4 -8.096666134031357 0.1531025402649057 0.15311333774067876
9.39 -8.13901894318494 0.1531532068641216 0.15316402962731787
9.38 -8.181387715627348 0.15320441504774926 0.15321526421911694
9.37 -8.223772443817099 0.1532561661716823 0.15326704287376153
9.36 -8.266173120127828 0.15330846160266323 0.15331936695980303
9.35 -8.308589736848132 0.1533613027183344 0.15337223785671156
9.34 -8.351022286181427 0.15341469090729226 0.15342565695492988
9.33 -8.393470760245767 0.15346862756914392 0.15347962565592752
9.32 -8.435935151073721 0.15352311411455805 0.15353414537225574
9.31 -8.478415450612198 0.1535781519653239 0.15358921752760252
9.3 -8.520911650722317 0.15363374255440518 0.15364484355684835
9.29 -8.56342374317925 0.15368988732599312 0.15370102490612228
9.28 -8.60595171967206 0.15374658773556907 0.15375776303285865
9.27 -8.648495571803583 0.15380384524995877 0.15381505940585424
9.26 -8.691055291090262 0.15386166134738818 0.15387291550532597
9.25 -8.733630868962013 0.15392003751754488 0.15393133282296892
9.24 -8.776222296762073 0.1539789752616347 0.15399031286201512
9.23 -8.818829565746876 0.15403847609243967 0.15404985713729266
9.22 -8.861452667085898 0.15409854153438288 0.15410996717528527
9.21 -8.904091591861528 0.15415917312358154 0.15417064451419266
9.2 -8.946746331068926 0.1542203724079138 0.15423189070399124
9.19 -8.989416875615886 0.1542821409470758 0.1542937073064952
9.18 -9.032103216322708 0.15434448031264622 0.15435609589541843
9.17 -9.074805343922069 0.1544073920881478 0.1544190580564369
9.16 -9.117523249058877 0.15447087786910807 0.15448259538725123
9.15 -9.160256922290149 0.15453493926312578 0.15454670949765031
9.14 -9.203006354084895 0.15459957788993256 0.15461140200957527
9.13 -9.245771534823966 0.1546647953814598 0.15467667455718367
9.12 -9.288552454799952 0.1547305933819018 0.15474252878691488
9.11 -9.331349104217052 0.1547969735477789 0.1548089663575556
9.1 -9.374161473190934 0.15486393754801103 0.15487598894030571
9.09 -9.416989551748639 0.15493148706397614 0.15494359821884562
9.08 -9.459833329828449 0.15499962378958426 0.155011795889403
9.07 -9.502692797279774 0.15506834943134112 0.15508058366082103
9.06 -9.545567943863027 0.15513766570841658 0.1551499632546267
9.05 -9.588458759249525 0.1552075743527175 0.1552199364051
9.04 -9.631365233021347 0.15527807710895367 0.15529050485934345
9.03 -9.674287354671263 0.15534917573470747 0.15536167037735238
9.02 -9.717225113602591 0.15542087200050952 0.1554334347320861
9.01 -9.760178499129102 0.1554931676899059 0.15550579970953882
9.0 -9.803147500474909 0.15556606459952993 0.15557876710881202
8.99 -9.846132106774368 0.15563956453917896 0.15565233874218742
8.98 -9.88913230707197 0.15571366933188358 0.1557265164351997
8.97 -9.932148090322238 0.15578838081398336 0.155801302026711
8.96 -9.975179445389628 0.1558637008352012 0.15587669736898527
8.95 -10.018226361048427 0.1559396312587181 0.1559527043277635
8.94 -10.061288825982675 0.15601617396124903 0.15602932478233955
8.93 -10.10436682878604 0.15609333083312157 0.15610656062563683
8.92 -10.14746035796174 0.1561711037783494 0.15618441376428543
8.91 -10.19056940192246 0.15624949471471333 0.15626288611869976
8.9 -10.233693948990238 0.15632850557383846 0.15634197962315732
8.89 -10.276833987396405 0.1564081383012716 0.15642169622587787
8.88 -10.31998950528148 0.15648839485656532 0.15650203788910302
8.87 -10.363160490695094 0.15656927721335415 0.156583006589177
8.86 -10.406346931595886 0.1566507873594397 0.15666460431662793
8.85 -10.449548815851463 0.1567329272968696 0.15674683307624962
8.84 -10.492766131238273 0.15681569904201959 0.15682969488718418
8.83 -10.535998865441577 0.1568991046256816 0.15691319178300553
8.82 -10.579247006055317 0.15698314609314182 0.1569973258118033
8.81 -10.622510540582102 0.1570678255042695 0.1570820990362676
8.8 -10.665789456433082 0.15715314493360227 0.15716751353377467
8.79 -10.709083740927914 0.15723910647042796 0.15725357139647297
8.78 -10.752393381294675 0.15732571221887784 0.15734027473137016
8.77 -10.79571836466982 0.15741296429800952 0.15742762566042093
8.76 -10.839058678098079 0.15750086484189962 0.1575156263206154
8.75 -10.882414308532422 0.15758941599972803 0.1576042788640683
8.74 -10.925785242833992 0.15767861993587212 0.15769358545810902
8.73 -10.96917146777204 0.15776847882999542 0.15778354828537242
8.72 -11.012572970023887 0.1578589948771403 0.1578741695438903
8.71 -11.05598973617485 0.15795017028781877 0.1579654514471838
8.7 -11.099421752718191 0.15804200728810683 0.15805739622435644
8.69 -11.14286900605507 0.1581345081197385 0.15815000612018823
8.68 -11.186331482494495 0.1582276750401971 0.15824328339523006
8.67 -11.229809168253288 0.15832151032281788 0.15833723032589964
8.66 -11.273302049456019 0.1584160162568788 0.15843184920457756
8.65 -11.316810112134968 0.1585111951476985 0.15852714233970472
8.64 -11.3603333422301 0.15860704931673578 0.1586231120558802
8.63 -11.403871725589003 0.15870358110168725 0.15871976069396024
8.62 -11.447425247966873 0.15880079285658877 0.1588170906111579
8.61 -11.490993895026465 0.15889868695191375 0.15891510418114368
8.6 -11.534577652338069 0.1589972657746748 0.15901380379414692
8.59 -11.578176505379464 0.1590965317285275 0.1591131918570583
8.58 -11.621790439535905 0.15919648723387406 0.15921327079353279
8.57 -11.665419440100107 0.15929713472796642 0.15931404304409402
8.56 -11.70906349227219 0.1593984766650099 0.15941551106623897
8.55 -11.752722581159675 0.15950051551627176 0.15951767733454433
8.54 -11.796396691777462 0.15960325377018594 0.15962054434077283
8.53 -11.840085809047828 0.1597066939324613 0.15972411459398117
8.52 -11.88378991780038 0.15981083852619052 0.15982839062062904
8.51 -11.927509002772057 0.15991569009196147 0.159933374964688
8.5 -11.971243048607125 0.16002125118796312 0.16003907018775282
8.49 -12.014992039857166 0.16012752439010344 0.16014547886915245
8.48 -12.058755960981065 0.16023451229211477 0.16025260360606283
8.47 -12.102534796345001 0.16034221750567537 0.16036044701362015
8.46 -12.146328530222464 0.1604506426605163 0.16046901172503542
8.45 -12.190137146794232 0.16055979040454135 0.16057830039170987
8.44 -12.23396063014839 0.16066966340394132 0.16068831568335137
8.43 -12.27779896428033 0.1607802643433136 0.16079906028809207
8.42 -12.321652133092744 0.16089159592577865 0.16091053691260654
8.41 -12.365520120395663 0.1610036608730993 0.16102274828223148
8.4 -12.409402909906444 0.1611164619258046 0.16113569714108633
8.39 -12.453300485249775 0.16123000184330932 0.1612493862521947
8.38 -12.497212829957727 0.16134428340403337 0.16136381839760722
8.37 -12.541139927469736 0.1614593094055314 0.16147899637852497
8.36 -12.58508176113265 0.16157508266461265 0.16159492301542466
8.35 -12.629038314200733 0.16169160601747332 0.16171160114818428
8.34 -12.6730095698357 0.16180888231981388 0.16182903363621012
8.33 -12.716995511106742 0.16192691444697543 0.16194722335856487
8.32 -12.760996120990558 0.16204570529406584 0.16206617321409705
8.31 -12.80501138237138 0.16216525777609045 0.16218588612157092
8.3 -12.849041278041021 0.1622855748280836 0.16230636501979867
8.29 -12.893085790698901 0.16240665940524165 0.16242761286777227
8.28 -12.937144902952092 0.1625285144830564 0.16254963264479796
8.27 -12.98121859731536 0.1626511430574479 0.1626724273506308
8.26 -13.025306856211197 0.16277454814490655 0.1627960000056112
8.25 -13.06940966196989 0.16289873278262465 0.1629203536508019
8.24 -13.113526996829556 0.16302370002863723 0.163045491348127
8.23 -13.157658842936197 0.1631494529619617 0.16317141618051126
8.22 -13.201805182343751 0.1632759946827418 0.16329813125202178
8.21 -13.24596599701415 0.16340332831238416 0.16342563968800966
8.2 -13.290141268817385 0.16353145699370458 0.16355394463525386
8.190000000000001 -13.334330979531565 0.16366038389107554 0.16368304926210592
8.180000000000001 -13.378535110842973 0.1637901121905674 0.1638129567586361
8.170000000000002 -13.422753644346145 0.16392064510010126 0.16394367033678084
8.16 -13.466986561543935 0.1640519858495943 0.16407519323049127
8.15 -13.511233843847576 0.16418413769110485 0.16420752869588315
8.14 -13.555495472576776 0.16431710389899784 0.16434068001138846
8.13 -13.599771428959773 0.1644508877700834 0.16447465047790802
8.120000000000001 -13.644061694133425 0.1645854926237786 0.16460944341896536
8.110000000000001 -13.68836624914329 0.16472092180225842 0.16474506218086227
8.100000000000001 -13.73268507494372 0.16485717867061675 0.16488151013283553
8.090000000000002 -13.777018152397929 0.1649942666170213 0.16501879066721512
8.08 -13.821365462278093 0.1651321890528751 0.16515690719958387
8.07 -13.865726985265455 0.16527094941297787 0.16529586316893818
8.06 -13.910102701950391 0.1654105511556886 0.1654356620378509
8.05 -13.954492592832526 0.1655509977630857 0.16557630729263514
8.040000000000001 -13.998896638320836 0.1656922927411377 0.1657178024435094
8.030000000000001 -14.043314818733748 0.16583443961986713 0.1658601510247646
8.020000000000001 -14.087747114299246 0.1659774419535196 0.16600335659493254
8.010000000000002 -14.132193505154953 0.16612130332073255 0.16614742273695546
8.000000000000002 -14.176653971348301 0.16626602732471044 0.1662923530583578
7.990000000000001 -14.221128492836577 0.16641161759339262 0.16643815119141897
7.980000000000001 -14.265617049487084 0.1665580777796339 0.16658482079334758
7.970000000000001 -14.310119621077249 0.16670541156137225 0.16673236554645807
7.960000000000001 -14.354636187294721 0.16685362264181564 0.16688078915834778
7.950000000000001 -14.399166727737537 0.16700271474961276 0.16703009536207655
7.940000000000001 -14.443711221914217 0.1671526916390445 0.16718028791634754
7.930000000000001 -14.488269649243893 0.1673035570901935 0.16733137060568956
7.920000000000001 -14.532841989056472 0.16745531490913954 0.16748334724064157
7.910000000000001 -14.57742822059272 0.16760796892813834 0.16763622165793798
7.900000000000001 -14.62202832300445 0.1677615230058155 0.16778999772069675
7.890000000000001 -14.666642275354628 0.16791598102734748 0.16794467931860813
7.880000000000001 -14.711270056617531 0.16807134690466166 0.16810027036812597
7.870000000000001 -14.755911645678896 0.1682276245766224 0.16825677481266005
7.860000000000001 -14.800567021336056 0.16838481800922728 0.16841419662277074
7.8500000000000005 -14.84523616229808 0.1685429311958061 0.16857253979636513
7.840000000000001 -14.889919047185968 0.1687019681572122 0.16873180835889495
7.830000000000001 -14.934615654532763 0.16886193294203042 0.16889200636355653
7.820000000000001 -14.979325962783742 0.1690228296267759 0.1690531378914921
7.8100000000000005 -15.02404995029656 0.1691846623160926 0.16921520705199372
7.800000000000001 -15.06878759534141 0.16934743514296768 0.16937821798270816
7.790000000000001 -15.113538876101217 0.16951115226893224 0.16954217484984438
7.780000000000001 -15.158303770671772 0.1696758178842708 0.16970708184838254
7.770000000000001 -15.203082257061943 0.169841436208234 0.16987294320228521
7.760000000000001 -15.247874313193815 0.17000801148925532 0.17003976316470998
7.750000000000001 -15.292679916902895 0.17017554800515897 0.17020754601822483
7.740000000000001 -15.337499045938277 0.17034405006338213 0.1703762960750248
7.730000000000001 -15.382331677962831 0.1705135220011886 0.17054601767715089
7.720000000000001 -15.427177790553403 0.17068396818589826 0.1707167151967113
7.710000000000001 -15.472037361200966 0.17085539301510197 0.1708883930361039
7.700000000000001 -15.516910367310867 0.17102780091689188 0.17106105562824178
7.690000000000001 -15.561796786202978 0.17120119635008454 0.17123470743678035
7.680000000000001 -15.606696595111915 0.17137558380445447 0.1714093529563462
7.670000000000001 -15.65160977118722 0.17155096780096182 0.17158499671276886
7.660000000000001 -15.696536291493599 0.17172735289198998 0.17176164326331414
7.650000000000001 -15.74147613301109 0.17190474366157654 0.17193929719692008
7.640000000000001 -15.7864292726353 0.17208314472565647 0.1721179631344344
7.630000000000001 -15.8313956871776 0.17226256073229776 0.17229764572885511
7.620000000000001 -15.876375353365345 0.17244299636194813 0.1724783496655726
7.610000000000001 -15.921368247842091 0.17262445632767395 0.1726600796626144
7.6000000000000005 -15.966374347167827 0.1728069453754147 0.17284284047089202
7.590000000000001 -16.01139362781917 0.17299046828422512 0.17302663687445022
7.580000000000001 -16.056426066189623 0.17317502986653416 0.17321147369071854
7.570000000000001 -16.10147163858979 0.1733606349683928 0.17339735577076548
7.5600000000000005 -16.1465303212476 0.1735472884697326 0.17358428799955455
7.550000000000001 -16.19160209030855 0.17373499528462547 0.17377227529620307
7.540000000000001 -16.23668692183594 0.1739237603615416 0.17396132261424344
7.530000000000001 -16.281784791811123 0.17411358868362073 0.17415143494188692
7.520000000000001 -16.326895676133727 0.17430448526892964 0.1743426173022894
7.510000000000001 -16.372019550621918 0.17449645517073775 0.1745348747538204
7.500000000000001 -16.41715639101265 0.17468950347778286 0.17472821239033423
7.490000000000001 -16.462306172961892 0.17488363531454776 0.17492263534144348
7.480000000000001 -16.507468872044928 0.17507885584153798 0.17511814877279586
7.470000000000001 -16.552644463756543 0.175275170255561 0.17531475788635287
7.460000000000001 -16.597832923511376 0.1754725837900046 0.17551246792067154
7.450000000000001 -16.643034226644094 0.1756711017151225 0.17571128415118892
7.440000000000001 -16.68824834840971 0.1758707293383242 0.17591121189050882
7.430000000000001 -16.73347526398384 0.17607147200446446 0.17611225648869205
7.420000000000001 -16.77871494846297 0.17627333509613116 0.1763144233335486
7.410000000000001 -16.823967376864733 0.1764763240339455 0.17651771785093334
7.400000000000001 -16.869232524128172 0.17668044427686147 0.17672214550504384
7.390000000000001 -16.91451036511405 0.17688570132246084 0.17692771179872185
7.380000000000001 -16.959800874605104 0.17709210070726433 0.17713442227375703
7.370000000000001 -17.00510402730634 0.17729964800703518 0.1773422825111939
7.360000000000001 -17.050419797845315 0.17750834883708752 0.17755129813164167
7.3500000000000005 -17.095748160772455 0.17771820885260328 0.17776147479558704
7.340000000000001 -17.141089090561312 0.17792923374894504 0.17797281820371022
7.330000000000001 -17.186442561608878 0.17814142926197707 0.17818533409720358
7.320000000000001 -17.231808548235893 0.17835480116838323 0.17839902825809392
7.3100000000000005 -17.27718702468712 0.1785693552860002 0.17861390650956738
7.300000000000001 -17.32257796513168 0.17878509747414023 0.17882997471629777
7.290000000000001 -17.367981343663335 0.17900203363392378 0.17904723878477813
7.280000000000001 -17.413397134300823 0.17922016970861335 0.17926570466365538
7.270000000000001 -17.458825310988153 0.1794395116839522 0.17948537834406822
7.260000000000001 -17.50426584759493 0.17966006558850775 0.17970626585998828
7.250000000000001 -17.549718717916658 0.17988183749401354 0.179928373288565
7.240000000000001 -17.595183895675074 0.18010483351571838 0.18015170675047337
7.230000000000001 -17.640661354518496 0.1803290598127429 0.18037627241026527
7.220000000000001 -17.686151068022088 0.18055452258842283 0.18060207647672444
7.210000000000001 -17.731653009688262 0.18078122809067712 0.1808291252032246
7.200000000000001 -17.77716715294697 0.18100918261236978 0.18105742488809132
7.190000000000001 -17.82269347115602 0.18123839249167153 0.18128698187496745
7.180000000000001 -17.868231937601465 0.1814688641124235 0.18151780255318195
7.170000000000001 -17.91378252549792 0.18170060390452936 0.1817498933581228
7.160000000000001 -17.959345207988882 0.18193361834430782 0.18198326077161295
7.150000000000001 -18.004919958147127 0.1821679139548895 0.18221791132229043
7.140000000000001 -18.050506748975014 0.18240349730659478 0.18245385158599234
7.130000000000001 -18.096105553404865 0.18264037501732172 0.18269108818614213
7.120000000000001 -18.141716344299297 0.18287855375293927 0.1829296277941414
7.110000000000001 -18.187339094451584 0.18311804022768008 0.1831694771297648
7.1000000000000005 -18.23297377658604 0.183358841204547 0.18341064296155973
7.090000000000001 -18.278620363358378 0.1836009634957048 0.18365313210724937
7.080000000000001 -18.32427882735602 0.18384441396289497 0.1838969514341399
7.070000000000001 -18.369949141098544 0.1840891995178499 0.18414210785953197
7.0600000000000005 -18.415631277037996 0.184335327122705 0.18438860835113627
7.050000000000001 -18.46132520755929 0.1845828037904159 0.1846364599274929
7.040000000000001 -18.507030904980603 0.1848316365851844 0.18488566965839542
7.030000000000001 -18.5527483415537 0.18508183262289188 0.1851362446653189
7.020000000000001 -18.598477489464347 0.1853333990715258 0.18538819212185234
7.010000000000001 -18.644218320832724 0.18558634315161454 0.1856415192541354
7.000000000000001 -18.68997080771375 0.18584067213668176 0.1858962333412997
6.990000000000001 -18.735734922097507 0.18609639335367084 0.1861523417159143
6.980000000000001 -18.781510635909648 0.18635351418341967 0.18640985176443606
6.970000000000001 -18.82729792101174 0.18661204206109752 0.18666877092766415
6.960000000000001 -18.87309674920173 0.18687198447667105 0.18692910670119955
6.950000000000001 -18.91890709221428 0.18713334897536837 0.18719086663590878
6.940000000000001 -18.964728921721196 0.18739614315814979 0.18745405833839304
6.930000000000001 -19.010562209331837 0.1876603746821778 0.18771868947146128
6.920000000000001 -19.05640692659354 0.18792605126129644 0.18798476775460882
6.910000000000001 -19.102263044991982 0.1881931806665175 0.18825230096450044
6.900000000000001 -19.148130535951612 0.18846177072650572 0.18852129693545847
6.890000000000001 -19.194009370836103 0.18873182932807256 0.18879176355995603
6.880000000000001 -19.23989952094871 0.18900336441667814 0.1890637087891153
6.870000000000001 -19.28580095753274 0.18927638399693308 0.18933714063321067
6.860000000000001 -19.331713651771935 0.1895508961331038 0.18961206716217754
6.8500000000000005 -19.377637574790935 0.18982690894963042 0.1898884965061256
6.840000000000001 -19.42357269765566 0.19010443063164112 0.19016643685585854
6.830000000000001 -19.4695189913738 0.19038346942548803 0.19044589646339788
6.820000000000001 -19.515476426895184 0.19066403363926743 0.19072688364251306
6.8100000000000005 -19.561444975112252 0.19094613164334964 0.1910094067692567
6.800000000000001 -19.607424606860484 0.19122977187093684 0.19129347428250554
6.790000000000001 -19.653415292918837 0.19151496281860408 0.19157909468450698
6.780000000000001 -19.699417004010204 0.1918017130468367 0.19186627654143104
6.770000000000001 -19.745429710801815 0.19209003118061288 0.1921550284839286
6.760000000000001 -19.791453383905747 0.19237992590994782 0.19244535920769484
6.750000000000001 -19.837487993879318 0.192671405990473 0.1927372774740392
6.740000000000001 -19.883533511225558 0.1929644802440116 0.19303079211046079
6.730000000000001 -19.92958990639366 0.19325915755916045 0.19332591201122995
6.720000000000001 -19.975657149779472 0.1935554468918727 0.19362264613797625
6.710000000000001 -20.021735211725886 0.19385335726606184 0.19392100352028227
6.700000000000001 -20.06782406252336 0.19415289777419587 0.1942209932562837
6.690000000000001 -20.113923672410348 0.19445407757789437 0.19452262451327595
6.680000000000001 -20.160034011573785 0.19475690590856373 0.19482590652832707
6.670000000000001 -20.206155050149537 0.19506139206799855 0.19513084860889662
6.660000000000001 -20.252286758222866 0.19536754542902313 0.19543746013346255
6.650000000000001 -20.298429105828944 0.19567537543609806 0.19574575055215282
6.640000000000001 -20.34458206295329 0.1959848916059984 0.1960557293873852
6.630000000000001 -20.390745599532238 0.19629610352842614 0.19636740623451318
6.620000000000001 -20.43691968545344 0.19660902086667903 0.19668079076247885
6.610000000000001 -20.48310429055636 0.19692365335830833 0.19699589271447304
6.6000000000000005 -20.5292993846327 0.19724001081578363 0.19731272190860188
6.590000000000001 -20.575504937426967 0.19755810312717328 0.19763128823856133
6.580000000000001 -20.62172091863687 0.19787794025681738 0.1979516016743179
6.570000000000001 -20.6679472979139 0.19819953224602058 0.19827367226279782
6.5600000000000005 -20.71418404486374 0.1985228892137573 0.1985975101285827
6.550000000000001 -20.76043112904681 0.19884802135736068 0.19892312547461313
6.540000000000001 -20.806688519978756 0.19917493895324434 0.1992505285828997
6.530000000000001 -20.85295618713093 0.19950365235761439 0.19957972981524183
6.520000000000001 -20.899234099930887 0.19983417200720058 0.19991073961395386
6.510000000000001 -20.945522227762936 0.20016650841998793 0.20024356850260003
6.500000000000001 -20.99182053996859 0.20050067219596932 0.2005782270867362
6.490000000000001 -21.03812900584706 0.20083667401788066 0.20091472605466063
6.480000000000001 -21.08444759465584 0.20117452465197114 0.20125307617817215
6.470000000000001 -21.130776275611147 0.20151423494876425 0.2015932883133372
6.460000000000001 -21.17711501788845 0.20185581584384002 0.2019353734012649
6.450000000000001 -21.22346379062299 0.2021992783586074 0.20227934246889043
6.440000000000001 -21.26982256291031 0.20254463360110891 0.2026252066297675
6.430000000000001 -21.316191303806743 0.20289189276681985 0.20297297708486878
6.420000000000001 -21.36256998232995 0.20324106713944215 0.2033226651233959
6.410000000000001 -21.40895856745942 0.20359216809175462 0.20367428212359756
6.400000000000001 -21.455357028137033 0.20394520708640684 0.20402783955359752
6.390000000000001 -21.501765333267546 0.2043001956767847 0.2043833489722307
6.380000000000001 -21.548183451719147 0.20465714550783468 0.2047408220298895
6.370000000000001 -21.594611352323955 0.20501606831693303 0.20510027046937843
6.360000000000001 -21.64104900387857 0.2053769759347413 0.2054617061267793
6.3500000000000005 -21.68749637514461 0.2057398802860866 0.20582514093232504
6.340000000000001 -21.73395343484923 0.20610479339085505 0.206190586911284
6.330000000000001 -21.780420151685647 0.20647172736486397 0.20655805618485326
6.320000000000001 -21.826896494313726 0.20684069442077999 0.2069275609710629
6.3100000000000005 -21.87338243136044 0.20721170686904072 0.20729911358568928
6.300000000000001 -21.91987793142051 0.2075847771187588 0.20767272644317938
6.290000000000001 -21.966382963056837 0.20795991767867103 0.20804841205758487
6.280000000000001 -22.012897494801123 0.20833714115808766 0.2084261830435072
6.270000000000001 -22.05942149515442 0.20871646026783097 0.20880605211705272
6.260000000000001 -22.1059549325876 0.20909788782121305 0.20918803209679906
6.250000000000001 -22.15249777554199 0.20948143673501693 0.20957213590477194
6.240000000000001 -22.19904999242987 0.20986712003047014 0.20995837656743327
6.230000000000001 -22.245611551635026 0.21025495083426352 0.21034676721668016
6.220000000000001 -22.29218242151336 0.21064494237954695 0.21073732109085588
6.210000000000001 -22.33876257039334 0.21103710800695896 0.21113005153577113
6.200000000000001 -22.38535196657665 0.21143146116566128 0.211524972005738
6.190000000000001 -22.43195057833872 0.2118280154143784 0.21192209606461532
6.180000000000001 -22.478558373929243 0.21222678442246273 0.2123214373868652
6.170000000000001 -22.52517532157279 0.21262778197095653 0.212723009758623
6.160000000000001 -22.571801389469343 0.2130310219536758 0.21312682707877795
6.150000000000001 -22.618436545794882 0.21343651837831323 0.21353290336006772
6.140000000000001 -22.665080758701873 0.21384428536753047 0.21394125273018408
6.130000000000001 -22.711733996319957 0.2142543371600915 0.21435188943289213
6.120000000000001 -22.758396226756407 0.21466668811198603 0.21476482782916217
6.110000000000001 -22.805067418096748 0.21508135269757914 0.21518008239831443
6.1000000000000005 -22.85174753840531 0.21549834551075914 0.21559766773917738
6.090000000000001 -22.898436555725812 0.2159176812661317 0.21601759857125888
6.080000000000001 -22.945134438081915 0.21633937480018006 0.2164398897359312
6.070000000000001 -22.9918411534778 0.21676344107248327 0.21686455619762987
6.0600000000000005 -23.038556669898767 0.21718989516692014 0.21729161304506614
6.050000000000001 -23.08528095531174 0.21761875229289668 0.2177210754924538
6.040000000000001 -23.132013977665935 0.2180500277865853 0.21815295888074984
6.030000000000001 -23.178755704893344 0.2184837371121978 0.2185872786789103
6.020000000000001 -23.225506104909414 0.21891989586322214 0.21902405048515997
6.010000000000001 -23.272265145613527 0.21935851976374615 0.21946329002827755
6.000000000000001 -23.319032794889644 0.2197996246697345 0.21990501316889563
5.990000000000001 -23.36580902060683 0.22024322657034687 0.2203492359008159
5.980000000000001 -23.412593790619926 0.22068934158927292 0.22079597435233975
5.970000000000001 -23.45938707277002 0.2211379859860839 0.22124524478761468
5.960000000000001 -23.506188834885112 0.22158917615758408 0.2216970636079969
5.950000000000001 -23.55299904478067 0.22204292863919375 0.222151447353429
5.940000000000001 -23.599817670260215 0.22249926010634855 0.2226084127038348
5.930000000000001 -23.6466446791159 0.22295818737591325 0.22306797648053084
5.920000000000001 -23.693480039129113 0.22341972740760097 0.22353015564765405
5.910000000000001 -23.740323718071043 0.22388389730542188 0.2239949673136065
5.900000000000001 -23.787175683703296 0.22435071431914477 0.22446242873251765
5.890000000000001 -23.834035903778474 0.22482019584578603 0.22493255730572378
5.880000000000001 -23.880904346040726 0.22529235943109677 0.22540537058326526
5.870000000000001 -23.9277809782264 0.22576722277108593 0.22588088626540176
5.860000000000001 -23.97466576806461 0.22624480371354405 0.2263591222041452
5.8500000000000005 -24.021558683277792 0.22672512025960648 0.22684009640481198
5.840000000000001 -24.06845969158236 0.22720819056531774 0.2273238270275928
5.830000000000001 -24.115368760689236 0.22769403294322296 0.22781033238914214
5.820000000000001 -24.162285858304493 0.22818266586397606 0.22829963096418687
5.8100000000000005 -24.209210952129936 0.22867410795797027 0.228791741387154
5.800000000000001 -24.256144009863643 0.22916837801698897 0.2292866824538182
5.790000000000001 -24.303084999200657 0.22966549499586567 0.2297844731229697
5.780000000000001 -24.3500338878335 0.23016547801417764 0.23028513251810198
5.770000000000001 -24.396990643452824 0.2306683463579526 0.23078867992912014
5.760000000000001 -24.443955233747946 0.23117411948140631 0.23129513481407038
5.750000000000001 -24.490927626407515 0.23168281700867732 0.23180451680089012
5.740000000000001 -24.537907789120037 0.23219445873561176 0.23231684568917965
5.730000000000001 -24.58489568957453 0.23270906463155927 0.23283214145199618
5.720000000000001 -24.631891295461116 0.2332266548411784 0.23335042423766877
5.710000000000001 -24.67889457447156 0.23374724968628893 0.23387171437163645
5.700000000000001 -24.725905494299944 0.2342708696677197 0.23439603235830875
5.690000000000001 -24.772924022643224 0.23479753546719673 0.23492339888294905
5.680000000000001 -24.819950127201825 0.23532726794925207 0.2354538348135813
5.670000000000001 -24.866983775680268 0.2358600881631596 0.23598736120292027
5.660000000000001 -24.91402493578772 0.23639601734488216 0.2365239992903262
5.650000000000001 -24.961073575238668 0.23693507691904214 0.23706377050378286
5.640000000000001 -25.00812966175344 0.237477288500956 0.2376066964619012
5.630000000000001 -25.055193163058846 0.23802267389863113 0.23815279897594716
5.620000000000001 -25.102264046888763 0.23857125511482902 0.2387021000518955
5.610000000000001 -25.149342280984754 0.23912305434915326 0.23925462189250873
5.6000000000000005 -25.196427833096642 0.23967809400015122 0.23981038689944265
5.590000000000001 -25.243520670983127 0.24023639666744373 0.2403694176753778
5.580000000000001 -25.290620762412363 0.24079798515388207 0.24093173702617834
5.570000000000001 -25.3377280751626 0.24136288246774468 0.24149736796307744
5.5600000000000005 -25.384842577022713 0.2419311118249435 0.2420663337048909
5.550000000000001 -25.43196423579287 0.24250269665126326 0.2426386576802581
5.540000000000001 -25.479093019285095 0.24307766058463506 0.2432143635299125
5.530000000000001 -25.526228895323875 0.2436560274774322 0.2437934751089792
5.520000000000001 -25.57337183174676 0.24423782139881342 0.2443760164893032
5.510000000000001 -25.62052179640493 0.24482306663706083 0.24496201196180703
5.500000000000001 -25.667678757163863 0.2454117877019784 0.2455514860388779
5.490000000000001 -25.714842681903864 0.24600400932730734 0.24614446345678567
5.480000000000001 -25.762013538520687 0.24659975647318197 0.2467409691781321
5.470000000000001 -25.80919129492613 0.2471990543285996 0.24734102839433145
5.460000000000001 -25.856375919048645 0.24780192831394346 0.24794466652812194
5.450000000000001 -25.903567378833905 0.24840840408352793 0.24855190923611153
5.440000000000001 -25.950765642245425 0.24901850752816582 0.24916278241135437
5.430000000000001 -25.997970677265148 0.24963226477779354 0.24977731218596239
5.420000000000001 -26.045182451894043 0.2502497022040998 0.2503955249337493
5.410000000000001 -26.092400934152675 0.25087084642322327 0.2510174472729097
5.400000000000001 -26.139626092081862 0.25149572429845496 0.25164310606873297
5.390000000000001 -26.186857893743174 0.25212436294299184 0.252272528436352
5.380000000000001 -26.23409630721961 0.2527567897227324 0.25290574174352826
5.370000000000001 -26.281341300616127 0.25339303225906795 0.25354277361347327
5.360000000000001 -26.32859284206031 0.25403311843177595 0.25418365192770626
5.3500000000000005 -26.375850899702847 0.25467707638190035 0.25482840482895025
5.340000000000001 -26.42311544171822 0.2553249345146882 0.2554770607240661
5.330000000000001 -26.47038643630528 0.25597672150255146 0.25612964828702417
5.320000000000001 -26.517663851687757 0.2566324662881028 0.25678619646191636
5.3100000000000005 -26.564947656114956 0.25729219808718934 0.25744673446600747
5.300000000000001 -26.61223781786227 0.2579559463919896 0.2581112917928267
5.290000000000001 -26.65953430523177 0.2586237409741468 0.25877989821530073
5.280000000000001 -26.70683708655284 0.25929561188794764 0.2594525837889278
5.270000000000001 -26.754146130182722 0.2599715894735398 0.26012937885499465
5.260000000000001 -26.80146140450709 0.2606517043601711 0.26081031404383587
5.250000000000001 -26.848782877940664 0.2613359874695364 0.26149542027813694
5.240000000000001 -26.896110518927774 0.26202447001908064 0.262184728776282
5.230000000000001 -26.94344429594293 0.2627171835254185 0.26287827105574546
5.220000000000001 -26.99078417749145 0.2634141598077678 0.2635760789365302
5.210000000000001 -27.038130132109945 0.2641154309914258 0.26427818454465174
5.200000000000001 -27.085482128367033 0.2648210295113158 0.26498462031566916
5.190000000000001 -27.132840134863763 0.26553098811554426 0.265695418998264
5.180000000000001 -27.18020412023431 0.26624533986905063 0.26641061365786733
5.170000000000001 -27.227574053146483 0.26696411815728416 0.2671302376803366
5.160000000000001 -27.27494990230234 0.2676873566899096 0.2678543247756823
5.150000000000001 -27.322331636438715 0.26841508950460213 0.2685829089818445
5.140000000000001 -27.36971922432785 0.2691473509708828 0.2693160246685224
5.130000000000001 -27.417112634777876 0.26988417579397866 0.2700537065410549
5.120000000000001 -27.464511836633474 0.27062559901877403 0.2707959896443556
5.110000000000001 -27.511916798776394 0.2713716560337933 0.2715429093669
5.1000000000000005 -27.559327490126016 0.27212238257525195 0.27229450144476997
5.090000000000001 -27.60674387963992 0.2728778147311468 0.2730508019657517
5.080000000000001 -27.654165936314495 0.2736379889454138 0.27381184737349157
5.070000000000001 -27.70159362918544 0.27440294202215204 0.27457767447170905
5.0600000000000005 -27.749026927328305 0.27517271112988007 0.2753483204284681
5.050000000000001 -27.79646579985917 0.2759473338058765 0.2761238227805077
5.040000000000001 -27.843910215935065 0.2767268479605698 0.27690421943763277
5.030000000000001 -27.89136014475461 0.27751129188199675 0.27768954868716667
5.020000000000001 -27.93881555555854 0.27830070424030207 0.2784798491984653
5.010000000000001 -27.98627641763025 0.279095124092336 0.27927516002749464
5.000000000000001 -28.033742700296365 0.2798945908862766 0.28007552062147256
4.990000000000001 -28.08121437292731 0.2806991444663547 0.28088097082357566
4.980000000000001 -28.12869140493779 0.281508825077627 0.28169155087771297
4.970000000000001 -28.176173765787418 0.2823236733708001 0.2825073014333662
4.960000000000001 -28.223661424981213 0.2831437304071536 0.2833282635504991
4.950000000000001 -28.271154352070116 0.2839690376635236 0.28415447870453564
4.940000000000001 -28.31865251665163 0.2847996370373357 0.28498598879140974
4.930000000000001 -28.366155888370244 0.2856355708517472 0.2858228361326861
4.920000000000001 -28.413664436918072 0.28647688186082787 0.2866650634807547
4.910000000000001 -28.46117813203531 0.2873236132548348 0.2875127140240986
4.900000000000001 -28.50869694351082 0.28817580866554804 0.2883658313926379
4.890000000000001 -28.55622084118265 0.2890335121717086 0.28922445966314986
4.880000000000001 -28.60374979493855 0.2898967683044968 0.2900886433647674
4.870000000000001 -28.651283774716532 0.29076562205313133 0.2909584274845563
4.860000000000001 -28.69882275050538 0.2916401188705076 0.29183385747317303
4.8500000000000005 -28.74636669234516 0.292520304678956 0.2927149792506042
4.840000000000001 -28.793915570327794 0.29340622587604437 0.2936018392119896
4.830000000000001 -28.841469354597525 0.2942979293405057 0.2944944842335296
4.820000000000001 -28.88902801535144 0.29519546243822814 0.2953929616784779
4.8100000000000005 -28.93659152284008 0.29609887302832244 0.29629731940322246
4.800000000000001 -28.98415984736779 0.29700820946931533 0.2972076057634554
4.790000000000001 -29.031732959293432 0.2979235206253791 0.29812386962043175
4.780000000000001 -29.079310829030707 0.29884485587271503 0.2990461603473218
4.770000000000001 -29.126893427048795 0.29977226510599264 0.29997452783565587
4.760000000000001 -29.174480723872833 0.3007057987448623 0.3009090225018638
4.750000000000001 -29.222072690084367 0.3016455077406195 0.3018496952939119
4.740000000000001 -29.269669296321933 0.3025914435829377 0.30279659769803713
4.730000000000001 -29.317270513281503 0.3035436583067011 0.3037497817455812
4.720000000000001 -29.36487631171701 0.3045022044989349 0.3047093000199276
4.710000000000001 -29.412486662440852 0.305467135305852 0.30567520566353923
4.700000000000001 -29.460101536324355 0.3064385044399858 0.30664755238510394
4.690000000000001 -29.507720904298303 0.3074163661874596 0.3076263944667844
4.680000000000001 -29.555344737353394 0.3084007754153349 0.30861178677157813
4.670000000000001 -29.602973006540758 0.3093917875790869 0.30960378475078804
4.660000000000001 -29.650605682972426 0.3103894587301863 0.3106024444516036
4.650000000000001 -29.69824273782185 0.3113938455237851 0.3116078225247991
4.640000000000001 -29.745884142324286 0.31240500522656484 0.3126199762325455
4.630000000000001 -29.793529867777412 0.3134229957246266 0.3136389634563426
4.620000000000001 -29.841179885541692 0.31444787553156106 0.31466484270507034
4.610000000000001 -29.888834167040912 0.3154797037966319 0.31569767312316294
4.6000000000000005 -29.936492683762626 0.3165185403130682 0.3167375144989079
4.590000000000001 -29.984155407258623 0.31756444552647906 0.3177844272728715
4.580000000000001 -30.031822309145436 0.3186174805434312 0.31883847254645276
4.570000000000001 -30.07949336110474 0.31967770714011795 0.31989971209056994
4.5600000000000005 -30.127168534883857 0.32074518777118394 0.3209682083544792
4.550000000000001 -30.17484780229623 0.3218199855786736 0.3220440244747295
4.540000000000001 -30.22253113522183 0.32290216440115077 0.3231272242842568
4.530000000000001 -30.270218505607648 0.3239917887828995 0.32421787232161725
4.520000000000001 -30.317909885468165 0.3250889239833224 0.32531603384036534
4.510000000000001 -30.36560524688574 0.32619363598646417 0.32642177481857626
4.500000000000001 -30.413304562011092 0.327305991510671 0.3275351619685179
4.490000000000001 -30.461007803063804 0.3284260580184242 0.3286562627464729
4.480000000000001 -30.508714942332627 0.3295539037263196 0.3297851453627151
4.470000000000001 -30.556425952176046 0.33068959761518674 0.33092187879164175
4.460000000000001 -30.604140805022666 0.33183320944040856 0.3320665327820659
4.450000000000001 -30.65185947337165 0.33298480974233263 0.33321917786766964
4.440000000000001 -30.699581929793137 0.3341444698569274 0.3343798853776242
4.430000000000001 -30.747308146928713 0.3353122619265494 0.33554872744737557
4.420000000000001 -30.79503809749176 0.3364882589109254 0.33672577702960393
4.410000000000001 -30.842771754267975 0.33767253459825775 0.3379111079053552
4.400000000000001 -30.89050909011574 0.3388651636165555 0.3391047946953512
4.390000000000001 -30.938250077966497 0.34006622144510734 0.3403069128714796
4.380000000000001 -30.98599469082527 0.3412757844261687 0.3415175387684684
4.370000000000001 -31.033742901770974 0.34249392977682647 0.34273674959574685
4.360000000000001 -31.0814946839569 0.343720735601039 0.343964623449498
4.3500000000000005 -31.12925001061106 0.34495628090189373 0.3452012393249055
4.340000000000001 -31.17700885503665 0.34620064559404923 0.3464466771285965
4.330000000000001 -31.22477119061238 0.3474539105163839 0.3477010176912885
4.320000000000001 -31.272536990792965 0.3487161574448241 0.34896434278063976
4.3100000000000005 -31.320306229109416 0.34998746910544604 0.3502367351143086
4.300000000000001 -31.36807887916953 0.351267929187713 0.3515182783732266
4.290000000000001 -31.415854914658215 0.35255762235797866 0.35280905721508826
4.280000000000001 -31.463634309337905 0.3538566342732134 0.35410915728806114
4.270000000000001 -31.511417037048908 0.35516505159489997 0.3554186652447217
4.260000000000001 -31.55920307170986 0.35648296200325635 0.35673766875622004
4.250000000000001 -31.606992387318016 0.35781045421157903 0.3580662565266787
4.240000000000001 -31.65478495794969 0.3591476179809133 0.35940451830782877
4.230000000000001 -31.702580757760604 0.3604945441349153 0.3607525449138894
4.220000000000001 -31.750379760986224 0.36185132457498986 0.36211042823669354
4.210000000000001 -31.798181941942204 0.36321805229567256 0.3634782612610665
4.200000000000001 -31.845987275024672 0.36459482140025967 0.3648561380804606
4.190000000000001 -31.89379573471063 0.3659817271166859 0.36624415391285153
4.180000000000001 -31.941607295558285 0.36737886581371665 0.3676424051169006
4.170000000000001 -31.989421932207456 0.3687863350173801 0.3690509892083903
4.160000000000001 -32.037239619379854 0.37020423342765607 0.37047000487693504
4.150000000000001 -32.08506033187948 0.37163266093548836 0.3718995520029753
4.140000000000001 -32.13288404459295 0.3730717186400598 0.3733397316750586
4.130000000000001 -32.18071073248982 0.3745215088663854 0.3747906462074148
4.120000000000001 -32.228540370623 0.3759821351831546 0.3762523991578297
4.110000000000001 -32.27637293412897 0.37745370242093645 0.37772509534582377
4.1000000000000005 -32.324208398228215 0.37893631669065697 0.3792088408711412
4.090000000000001 -32.37204673822549 0.3804300854024155 0.38070374313255667
4.080000000000001 -32.41988792951019 0.3819351172845932 0.3822099108470043
4.070000000000001 -32.46773194755664 0.3834515224033463 0.38372745406903663
4.0600000000000005 -32.51557876792445 0.3849794121823606 0.3852564842106197
4.050000000000001 -32.563428366258776 0.3865188994230336 0.38679711406126943
4.040000000000001 -32.6112807182907 0.38807009832492084 0.38834945780853974
4.030000000000001 -32.65913579983747 0.389633124506604 0.38991363105886484
4.020000000000001 -32.706993586802895 0.39120809502688875 0.39148975085876575
4.010000000000001 -32.754854055177525 0.392795128406393 0.3930779357164279
4.000000000000001 -32.8027171810391 0.39439434464947765 0.39467830562365586
3.990000000000001 -32.85058294055273 0.3960058652666265 0.39629098207821495
3.980000000000001 -32.898451309971215 0.3976298132971417 0.3979160881065658
3.970000000000001 -32.946322265635395 0.3992663133322957 0.39955374828699963
3.960000000000001 -32.99419578397437 0.40091549153888917 0.4012040887731841
3.950000000000001 -33.04207184150579 0.4025774756831919 0.4028672373181262
3.940000000000001 -33.08995041483617 0.40425239515536415 0.4045433232985625
3.930000000000001 -33.13783148066118 0.4059403809942386 0.4062324777397832
3.920000000000001 -33.185715015765815 0.4076415659126311 0.4079348333409005
3.910000000000001 -33.23360099702483 0.40935608432302506 0.4096505245005707
3.900000000000001 -33.28148940140284 0.4110840723637988 0.41137968734317726
3.890000000000001 -33.32938020595473 0.4128256679258273 0.4131224597454868
3.880000000000001 -33.3772733878258 0.4145810106796718 0.41487898136378587
3.870000000000001 -33.425168924252105 0.41635024210317684 0.41664939366151005
3.8600000000000008 -33.47306679256066 0.4181335055096055 0.41843383993737404
3.850000000000001 -33.520966970169724 0.4199309460763028 0.4202324653540143
3.8400000000000007 -33.56886943458902 0.42174271087382015 0.42204541696715464
3.830000000000001 -33.61677416341999 0.4235689488956611 0.4238728437553045
3.8200000000000007 -33.66468113435605 0.42540981108850007 0.4257148966500043
3.810000000000001 -33.71259032518283 0.4272654503829787 0.42757172856662506
3.8000000000000007 -33.76050171377836 0.4291360217250773 0.42944349443573754
3.790000000000001 -33.80841527811336 0.4310216821080832 0.4313303512350608
3.7800000000000007 -33.85633099625144 0.4329225906051233 0.4332324580220039
3.770000000000001 -33.90424884634934 0.4348389084022912 0.43514997596681215
3.760000000000001 -33.95216880665713 0.43677079883243985 0.4370830683863313
3.750000000000001 -34.00009085551843 0.4387184274095448 0.439031900778403
3.740000000000001 -34.04801497137064 0.4406819618637899 0.4409966408569053
3.730000000000001 -34.095941132745175 0.44266157217721847 0.4429774585874506
3.720000000000001 -34.14386931826758 0.44465743062012003 0.4449745262237574
3.710000000000001 -34.19179950665785 0.44666971178812964 0.44698801834470836
3.700000000000001 -34.23973167673058 0.4486985926399143 0.449018111892112
3.690000000000001 -34.287665807395086 0.4507442525357079 0.4510649862091787
3.680000000000001 -34.33560187765578 0.4528068732765018 0.4531288230797328
3.670000000000001 -34.383539866612175 0.4548866391440191 0.4552098067681727
3.660000000000001 -34.431479753459186 0.45698373694140315 0.4573081240601949
3.650000000000001 -34.47942151748727 0.45909835603476923 0.45942396430430155
3.640000000000001 -34.527365138082615 0.46123068839547454 0.4615575194541073
3.630000000000001 -34.57531059472732 0.46338092864327446 0.4637089841114621
3.620000000000001 -34.62325786699958 0.4655492740902634 0.46587855557041113
3.6100000000000008 -34.67120693457383 0.4677359247856816 0.4680664338620056
3.600000000000001 -34.719157777220936 0.46994108356161945 0.4702728217999879
3.5900000000000007 -34.76711037480834 0.4721649560795609 0.4724979250273687
3.580000000000001 -34.815064707300245 0.47440775087791753 0.4747419520639155
3.5700000000000007 -34.86302075475773 0.4766696794203981 0.47700511435457393
3.560000000000001 -34.910978497338945 0.47895095614543226 0.47928762631884203
3.5500000000000007 -34.958937915299266 0.4812517985164894 0.48158970540112067
3.540000000000001 -35.00689898899139 0.48357242707343395 0.4839115721220597
3.5300000000000007 -35.05486169886552 0.48591306548490004 0.4862534501309249
3.520000000000001 -35.1028260254695 0.4882739406016768 0.48861556625900704
3.510000000000001 -35.15079194944895 0.4906552825112267 0.4909981505740972
3.500000000000001 -35.19875945154738 0.4930573245931993 0.49340143643605494
3.490000000000001 -35.246728512606374 0.4954803035761593 0.495825660553491
3.480000000000001 -35.29469911356562 0.4979244595953819 0.49827106304159186
3.470000000000001 -35.34267123546313 0.5003900362518657 0.5007378874811136
3.460000000000001 -35.39064485943532 0.5028772806725025 0.5032263809785699
3.450000000000001 -35.43861996671713 0.5053864435714971 0.5057367942276433
3.440000000000001 -35.48659653864208 0.5079177793130437 0.5082693815718488
3.430000000000001 -35.53457455664251 0.5104715459752616 0.510824401068477
3.420000000000001 -35.58255400224958 0.5130480054154277 0.5134021145538489
3.410000000000001 -35.63053485709337 0.5156474233365946 0.5160027877099107
3.400000000000001 -35.67851710290305 0.5182700693555539 0.5186266901322037
3.390000000000001 -35.72650072150695 0.5209162170722184 0.5212740953992391
3.380000000000001 -35.77448569483257 0.5235861441404177 0.5239452811433097
3.370000000000001 -35.82247200490681 0.5262801323401978 0.5266405291227784
3.3600000000000008 -35.87045963385595 0.5289984676516067 0.5293601252958713
3.350000000000001 -35.91844856390577 0.531741440330056 0.5321043598960179
3.3400000000000007 -35.96643877738163 0.5345093449832107 0.5348735275087707
3.330000000000001 -36.01443025670855 0.5373024806495265 0.5376679271503453
3.3200000000000007 -36.06242298441126 0.5401211508784901 0.5404878623478176
3.310000000000001 -36.11041694311429 0.5429656638124797 0.5433336412210221
3.3000000000000007 -36.15841211554202 0.5458363322703914 0.5462055765661871
3.290000000000001 -36.206408484518775 0.548733473833098 0.5491039859413535
3.2800000000000007 -36.25440603296883 0.5516574109306577 0.5520291917536205
3.270000000000001 -36.302404743916505 0.5546084709314497 0.5549815213482593
3.260000000000001 -36.350404600486215 0.5575869862332015 0.5579613070997453
3.250000000000001 -36.39840558590253 0.5605932943559655 0.5609688865047531
3.240000000000001 -36.44640768349014 0.5636277380371434 0.5640046022771633
3.230000000000001 -36.494410876674046 0.5666906653285646 0.5670688024451324
3.220000000000001 -36.54241514897944 0.5697824296956364 0.5701618404502757
3.210000000000001 -36.59042048403184 0.5729033901187235 0.573284075249017
3.200000000000001 -36.63842686555712 0.5760539111967109 0.5764358714161574
3.190000000000001 -36.686434277381494 0.5792343632528346 0.5796175992507216
3.180000000000001 -36.734442703431554 0.5824451224428814 0.5828296348841377
3.170000000000001 -36.7824521277343 0.5856865708657338 0.5860723603908096
3.160000000000001 -36.830462534417215 0.5889590966764301 0.5893461639011406
3.150000000000001 -36.878473907708155 0.5922630942016712 0.5926514397170765
3.140000000000001 -36.92648623193547 0.5955989640579696 0.5959885884302253
3.130000000000001 -36.97449949152798 0.5989671132723808 0.5993580170426241
3.120000000000001 -37.02251367101498 0.6023679554060218 0.6027601390902194
3.1100000000000008 -37.07052875502623 0.6058019106803129 0.606195374769132
3.100000000000001 -37.11854472829197 0.6092694061060981 0.6096641510647763
3.0900000000000007 -37.16656157564292 0.6127708756156958 0.6131669018839105
3.080000000000001 -37.21457928201028 0.6163067601979688 0.6167040681896921
3.0700000000000007 -37.26259783242567 0.6198775080364293 0.6202760981398185
3.060000000000001 -37.3106172120212 0.6234835746505812 0.6238834472278315
3.0500000000000007 -37.35863740602936 0.6271254230404494 0.6275265784276717
3.040000000000001 -37.4066583997831 0.6308035238344775 0.6312059623415663
3.0300000000000007 -37.45468017871571 0.6345183554408308 0.6349220773513387
3.020000000000001 -37.502702728360894 0.6382704042022272 0.6386754097732305
3.010000000000001 -37.550726034352614 0.6420601645543613 0.6424664540163331
3.000000000000001 -37.598750082425205 0.6458881391880287 0.6462957127447176
2.990000000000001 -37.64677485841324 0.6497548392150727 0.65016369704337
2.980000000000001 -37.69480034825148 0.653660784338204 0.6540709265880292
2.970000000000001 -37.74282653797493 0.6576065030248704 0.6580179298190358
2.960000000000001 -37.79085341371869 0.6615925326852046 0.6620052441192978
2.950000000000001 -37.838880961718004 0.6656194198542329 0.6660334159964864
2.940000000000001 -37.88690916830809 0.6696877203784001 0.6701030012695784
2.930000000000001 -37.9349380199242 0.6737979996066008 0.6742145652598629
2.920000000000001 -37.98296750310151 0.677950832585729 0.6783686829865315
2.910000000000001 -38.03099760447506 0.6821468042610305 0.6825659393669863
2.900000000000001 -38.07902831077969 0.6863865096812201 0.6868069294219862
2.890000000000001 -38.12705960885002 0.6906705542086111 0.6910922584857762
2.880000000000001 -38.175091485620264 0.6949995537343758 0.6954225424213268
2.870000000000001 -38.223123928124316 0.6993741348990204 0.6997984078408379
2.8600000000000008 -38.27115692349556 0.7037949353183012 0.7042204923316442
2.850000000000001 -38.31919045896683 0.7082626038147019 0.7086894446876827
2.8400000000000007 -38.36722452187029 0.7127778006545898 0.713205925146673
2.830000000000001 -38.41525909963744 0.7173411977912888 0.7177706056331746
2.8200000000000007 -38.463294179798964 0.7219534791141953 0.7223841700076898
2.810000000000001 -38.51132974998459 0.7266153407040543 0.7270473143219817
2.8000000000000007 -38.55936579792313 0.7313274910947195 0.7317607470807871
2.790000000000001 -38.607402311442264 0.7360906515413979 0.7365251895101063
2.7800000000000007 -38.655439278468506 0.740905556295726 0.7413413758322619
2.770000000000001 -38.703476687027035 0.745772952887806 0.7462100535479197
2.760000000000001 -38.75151452524172 0.7506936024153725 0.7511319837252762
2.750000000000001 -38.79955278133486 0.7556682798403609 0.7561079412966211
2.740000000000001 -38.847591443627174 0.760697774293056 0.761138715362487
2.730000000000001 -38.89563050053762 0.7657828893840414 0.7662251095036157
2.720000000000001 -38.94366994058335 0.7709244435242428 0.7713679421009654
2.710000000000001 -38.99170975237953 0.7761232702531753 0.7765680466639999
2.700000000000001 -39.03974992463925 0.7813802185757809 0.7818262721675041
2.690000000000001 -39.08779044617339 0.7866961533080351 0.7871434833971802
2.680000000000001 -39.13583130589052 0.7920719554315416 0.7925205613042894
2.670000000000001 -39.183872492796645 0.7975085224575331 0.7979584033696051
2.660000000000001 -39.23191399599527 0.8030067688003983 0.8034579239769651
2.650000000000001 -39.279955804687106 0.8085676261611402 0.8090200547967085
2.640000000000001 -39.32799790816999 0.8141920439209482 0.8146457451792972
2.630000000000001 -39.376040295838756 0.8198809895453748 0.8203359625594369
2.620000000000001 -39.42408295718505 0.8256354489992171 0.8260916928710114
2.6100000000000008 -39.47212588179721 0.8314564271726583 0.831913940973172
2.600000000000001 -39.52016905936012 0.8373449483187998 0.8378037310879152
2.5900000000000007 -39.56821247965503 0.8433020565031139 0.8437621072495135
2.580000000000001 -39.61625613255942 0.8493288160650851 0.8497901337661619
2.5700000000000007 -39.66430000804684 0.855426312092444 0.8558888956942212
2.560000000000001 -39.712344096186726 0.8615956509084172 0.8620594993254578
2.5500000000000007 -39.760388387144296 0.8678379605723547 0.8683030726876818
2.540000000000001 -39.8084328711803 0.8741543913941995 0.8746207660592097
2.5300000000000007 -39.85647753865093 0.8805461164632004 0.8810137524975902
2.520000000000001 -39.90452238000758 0.8870143321913735 0.8874832283830454
2.510000000000001 -39.952567385796705 0.893560258872105 0.8940304139770971
2.500000000000001 -40.000612546659674 0.9001851412544682 0.9006565539968671
2.490000000000001 -40.04865785333251 0.9068902491336795 0.9073629182055535
2.480000000000001 -40.0967032966458 0.9136768779582676 0.9141508020196067
2.470000000000001 -40.14474886752443 0.9205463494545411 0.9210215271331496
2.460000000000001 -40.19279455698745 0.9275000122687509 0.9279764421601989
2.450000000000001 -40.24084035614787 0.9345392426277475 0.9350169232952772
2.440000000000001 -40.288886256212415 0.9416654450185278 0.9421443749930094
2.430000000000001 -40.33693224848145 0.9488800528874868 0.949360230667342
2.420000000000001 -40.38497832434868 0.956184529359903 0.9566659534110251
2.410000000000001 -40.43302447530094 0.9635803679803355 0.9640630367360395
2.400000000000001 -40.481070692918074 0.9710690934747103 0.9715530053356596
2.390000000000001 -40.5291169688727 0.9786522625347412 0.9791374158688857
2.380000000000001 -40.57716329492995 0.986331464625477 0.9868178577679955
2.370000000000001 -40.625209662947306 0.9941083228167668 0.9945959540699978
2.3600000000000008 -40.67325606487437 1.0019844946394099 1.0024733622727988
2.350000000000001 -40.72130249275271 1.0099616729668857 1.0104517752169249
2.3400000000000007 -40.769348938715545 1.018041586923499 1.0185329219936805
2.330000000000001 -40.817395394987564 1.0262260028199046 1.0267185688806444
2.3200000000000007 -40.86544185388473 1.0345167251168346 1.0350105203054567
2.310000000000001 -40.91348830781404 1.042915597418219 1.0434106198388682
2.3000000000000007 -40.96153474927327 1.0514245034944798 1.0519207512180877
2.290000000000001 -41.009581170850794 1.060045368337245 1.060542839401469
2.2800000000000007 -41.05762756522532 1.068780159246463 1.0692788516556553
2.270000000000001 -41.10567392516564 1.0776308869511622 1.0781307986763198
2.260000000000001 -41.153720243530444 1.0865996067649766 1.0871007357436955
2.250000000000001 -41.20176651326804 1.0956884197777093 1.0961907639141344
2.240000000000001 -41.249812727416085 1.104899474084188 1.1054030312489858
2.230000000000001 -41.29785887910148 1.1142349660518296 1.114739734082136
2.220000000000001 -41.345904961539965 1.1236971416282127 1.124203118327604
2.210000000000001 -41.39395096803589 1.1332882976901917 1.1337954808286477
2.200000000000001 -41.44199689198207 1.1430107834360381 1.1435191707498946
2.190000000000001 -41.49004272685946 1.1528670018221252 1.1533765910140683
2.180000000000001 -41.5380884662369 1.1628594110459474 1.163370199784957
2.170000000000001 -41.58613410377085 1.1729905260769957 1.1735025119983267
2.160000000000001 -41.63417963320521 1.1832629202374192 1.1837761009425616
2.150000000000001 -41.68222504837092 1.193679226834224 1.1941935998908912
2.140000000000001 -41.73027034318579 1.2042421408450295 1.2047577037871242
2.130000000000001 -41.77831551165428 1.21495442065932 1.215471170986918
2.120000000000001 -41.82636054786711 1.2258188898773537 1.2263368250566744
2.1100000000000008 -41.87440544600108 1.236838439168867 1.2373575566322579
2.100000000000001 -41.922450200318735 1.2480160281938968 1.2485363253398145
2.0900000000000007 -41.970494805168194 1.2593546875881012 1.2598761617810814
2.080000000000001 -42.0185392549827 1.2708575210150044 1.2713801695856666
2.0700000000000007 -42.06658354428054 1.2825277072878518 1.2830515275328969
2.060000000000001 -42.11462766766464 1.294368502563782 1.2948934917459425
2.0500000000000007 -42.162671619822305 1.3063832426129913 1.3069093979610455
2.040000000000001 -42.210715395524964 1.3185753451660494 1.3191026638748022
2.0300000000000007 -42.25875898962785 1.3309483123422874 1.3314767915725858
2.020000000000001 -42.306802397069724 1.3435057331626181 1.3440353700413268
2.010000000000001 -42.354845612872595 1.3562512861500287 1.356782077770027
2.000000000000001 -42.402888632141426 1.369188742021323 1.3697206854415103
1.9900000000000009 -42.4509314500638 1.3823219664738002 1.382855058719097
1.9800000000000009 -42.49897406190971 1.395654923070709 1.3961891611320494
1.9700000000000009 -42.54701646303117 1.4091916762294503 1.4097270570637974
1.9600000000000009 -42.59505864886195 1.42293639431682 1.4234729148471634
1.9500000000000008 -42.643100614917294 1.4368933528556083 1.4374310099709784
1.9400000000000008 -42.69114235679363 1.4510669378472159 1.451605728402697
1.9300000000000008 -42.73918387016815 1.4654616492151171 1.4660015700318363
1.9200000000000008 -42.787225150798676 1.4800821043741161 1.4806231522392788
1.9100000000000008 -42.8352661945232 1.4949330419308349 1.4954752135977274
1.9000000000000008 -42.88330699725968 1.5100193255208307 1.5105626177088551
1.890000000000001 -42.93134755500562 1.5253459477882692 1.525890357182939
1.880000000000001 -42.97938786383789 1.5409180345141007 1.5414635577670708
1.870000000000001 -43.027427919912306 1.5567408488992176 1.5572874826283059
1.860000000000001 -43.0754677194633 1.5728197960092252 1.5733675367984377
1.850000000000001 -43.12350725880369 1.5891604273878563 1.5897092717874086
1.840000000000001 -43.1715465343243 1.6057684458463564 1.6063183903727052
1.830000000000001 -43.219585542493654 1.622649710436577 1.6232007515724443
1.820000000000001 -43.267624279857614 1.6398102416158629 1.6403623758102688
1.810000000000001 -43.31566274303909 1.6572562266122213 1.6578094502805274
1.800000000000001 -43.363700928737735 1.6749940249987574 1.6755483345226847
1.790000000000001 -43.41173883372955 1.6930301744866463 1.6935855662143247
1.780000000000001 -43.459776454866585 1.7113713969466149 1.7119278671926146
1.770000000000001 -43.5078137890766 1.7300246046691896 1.7305821497145653
1.760000000000001 -43.55585083336277 1.74899690687465 1.7495555229669904
1.7500000000000009 -43.60388758480325 1.7682956164841541 1.7688552998376001
1.7400000000000009 -43.65192404055097 1.7879282571639548 1.788489003959278
1.7300000000000009 -43.69996019783314 1.8079025706555738 1.8084643770402005
1.7200000000000009 -43.747996053951084 1.828226524405071 1.8287893864931455
1.7100000000000009 -43.79603160627971 1.8489083195055798 1.849472233378013
1.7000000000000008 -43.84406685226733 1.869956398967836 1.8705213606723539
1.6900000000000008 -43.8921017894352 1.8913794563342654 1.8919454618854699
1.6800000000000008 -43.94013641537724 1.9131864446530753 1.9137534900324973
1.6700000000000008 -43.98817072775963 1.935386585829607 1.935954666985774
1.6600000000000008 -44.03620472432049 1.9579893803732278 1.958558493221717
1.6500000000000008 -44.08423840286956 1.9810046175589486 1.9815747579824559
1.640000000000001 -44.13227176128774 2.004442386024113 2.0050135498725097
1.630000000000001 -44.18030479752688 2.02831308482151 2.0288852679119187
1.620000000000001 -44.22833750960927 2.0526274349516056 2.053200633068459
1.610000000000001 -44.27636989562743 2.077396491397666 2.0779707002927887
1.600000000000001 -44.32440195374363 2.1026316556891125 2.103206871081789
1.590000000000001 -44.37243368218958 2.1283446890196855 2.1289209065967243
1.580000000000001 -44.420465079266066 2.154547725948591 2.1551249413644213
1.570000000000001 -44.46849614334261 2.181253288714521 2.1818314975912627
1.560000000000001 -44.51652687285703 2.2084743021939865 2.209053500121524
1.550000000000001 -44.564557266315134 2.2362241095373467 2.2368042920734164
1.540000000000001 -44.61258732229035 2.26451648851788 2.265097651188153
1.530000000000001 -44.660617039423336 2.2933656686312776 2.2939478069294412
1.520000000000001 -44.7086464164216 2.322786348985174 2.323369458373032
1.510000000000001 -44.75667545205917 2.352793717020757 2.3533777929283115
1.5000000000000009 -44.804704145176174 2.383403468110927 2.3839885059364705
1.4900000000000009 -44.852732494678484 2.4146318260822546 2.415217821192458
1.4800000000000009 -44.90076049953732 2.446495564710817 2.447082512440836
1.4700000000000009 -44.94878815878894 2.479012030245134 2.4795999258987007
1.4600000000000009 -44.99681547153418 2.512199165012633 2.5127880038621564
1.4500000000000008 -45.04484243693809 2.5460755321696493 2.546665309456312
1.4400000000000008 -45.0928690542296 2.580660341658686 2.5812510525925596
1.4300000000000008 -45.140895322701084 2.6159734774407664 2.616565117200903
1.4200000000000008 -45.188921241708 2.652035526074882 2.6526280898094345
1.4100000000000008 -45.236946810668506 2.68886780672132 2.6894612895476384
1.4000000000000008 -45.28497202906306 2.726492402650456 2.7270867996551993
1.390000000000001 -45.33299689643406 2.764932194343993 2.7655275005832483
1.380000000000001 -45.381021412385415 2.8042108942813173 2.8048071047807146
1.370000000000001 -45.4290455765822 2.8443530835097057 2.8449501932645256
1.360000000000001 -45.47706938875017 2.8853842501036664 2.8859822540789732
1.350000000000001 -45.52509284867555 2.9273308296258764 2.927929722756618
1.340000000000001 -45.573115956204454 2.9702202477095048 2.970820024900651
1.330000000000001 -45.6211387112426 3.0140809648901503 3.014681621016818
1.320000000000001 -45.669161113754825 3.0589425238241685 3.0595440537317335
1.310000000000001 -45.717183163764815 3.1048355990396557 3.105437997543889
1.300000000000001 -45.7652048613546 3.151792049376591 3.152395311263794
1.290000000000001 -45.813226206664176 3.199844973283554 3.200449093310676
1.280000000000001 -45.86124719989116 3.2490287671501563 3.2496337400449415
1.270000000000001 -45.9092678412903 3.29937918686729 3.299985007328403
1.260000000000001 -45.95728813117317 3.350933412820828 3.351540075517996
1.2500000000000009 -46.00530806990769 3.403730118539459 3.404337618113604
1.2400000000000009 -46.05332765791775 3.457809543233319 3.458417874296702
1.2300000000000009 -46.1013468956828 3.5132135684774948 3.51382272561387
1.2200000000000009 -46.14936578373746 3.5699857993133595 3.5705957770780987
1.2100000000000009 -46.19738432267111 3.628171650060916 3.6287824429811706
1.2000000000000008 -46.24540251312744 3.687818435157621 3.6884300377324655
1.1900000000000008 -46.293420355804095 3.7489754653629657 3.7495878720635383
1.1800000000000008 -46.34143785145226 3.8116941496940937 3.812307354963753
1.1700000000000008 -46.389455000876175 3.876028103486032 3.876642101740523
1.1600000000000008 -46.43747180493285 3.942033263000734 3.942648048628325
1.1500000000000008 -46.48548826453152 4.009768007042399 4.010383574404044
1.140000000000001 -46.53350438063333 4.079293286072943 4.079909629502445
1.130000000000001 -46.58152015425089 4.150672759360911 4.151289873165074
1.120000000000001 -46.62953558644781 4.223972940740172 4.224590819198976
1.110000000000001 -46.67755067833836 4.299263353601738 4.299881990968494
1.100000000000001 -46.725565431087006 4.376616695793164 4.377236086294679
1.090000000000001 -46.77357984590802 4.456109015156063 4.456729152992812
1.080000000000001 -46.821593924065 4.537819896493317 4.538440775839614
1.070000000000001 -46.86960766687054 4.621832660824528 4.622454275828689
1.060000000000001 -46.91762107568574 4.7082345778614245 4.708856922645942
1.050000000000001 -46.96563415191983 4.797117092715242 4.797740161376958
1.040000000000001 -47.013646897029716 4.888576067936039 4.88919985454633
1.030000000000001 -47.06165931251952 4.982712042080526 4.983336540685467
1.0200000000000011 -47.109671399940275 5.079630506111014 5.08025571073157
1.0100000000000011 -47.157683160889384 5.17944219904485 5.180068103677053
1.000000000000001 -47.20569459701024 5.282263424401907 5.282890023017036
0.990000000000001 -47.253705709991806 5.388216389139261 5.388843675684032
0.980000000000001 -47.30171650156815 5.497429566917994 5.498057535314741
0.970000000000001 -47.349726973518095 5.610038087719139 5.610666731865996
0.9600000000000011 -47.39773712766468 5.726184156015811 5.726813469786912
0.9500000000000011 -47.44574696587486 5.846017499918873 5.8466474771645425
0.9400000000000011 -47.49375649005895 5.969695853945975 5.970326488492911
0.930000000000001 -47.54176570217026 6.097385478321734 6.098016763973202
0.920000000000001 -47.589774604204685 6.229261718002734 6.229893648538782
0.910000000000001 -47.63778319820019 6.3655096049386755 6.366142174116304
0.900000000000001 -47.68579148623647 6.506324507433928 6.506957708987307
0.890000000000001 -47.733799470434455 6.6519128308668405 6.652546658507501
0.880000000000001 -47.78180715295591 6.80249277446189 6.803127221878931
0.870000000000001 -47.82981453600298 6.958295149298253 6.958930210158544
0.860000000000001 -47.877821621817716 7.119564263284 7.12019993123238
0.850000000000001 -47.92582841268179 7.286558879435137 7.287195148094626
0.840000000000001 -47.97383491091582 7.45955325448209 7.460190117454098
0.8300000000000011 -48.021841118879166 7.6388382655920735 7.639475716456604
0.8200000000000011 -48.069847038969336 7.824722633855829 7.825360666171694
0.810000000000001 -48.117852673621584 8.017534254154048 8.01817286145908
0.800000000000001 -48.16585802530854 8.217621642107112 8.21826081791837
0.790000000000001 -48.21386309653968 8.425355510038798 8.425995247852796
0.780000000000001 -48.26186788986094 8.641130485270022 8.641770778562938
0.770000000000001 -48.3098724078542 8.865366985624913 8.866007827852803
0.760000000000001 -48.357876653137 9.098513268805414 9.09915465340443
0.750000000000001 -48.40588062836193 9.341047674302482 9.341689594689107
0.740000000000001 -48.45388433621624 9.593481078797506 9.594123528368756
0.730000000000001 -48.50188777942146 9.856359588608209 9.857002560741877
0.720000000000001 -48.54989096073286 10.130267495697938 10.130910983752802
0.7100000000000011 -48.597893882939104 10.415830527151837 10.416474524467889
0.7000000000000011 -48.64589654886169 10.71371942189543 10.714363921794101
0.6900000000000011 -48.693898961354606 11.024653872867786 11.025298868652188
0.680000000000001 -48.74190112330386 11.34940687795582 11.350052362910963
0.670000000000001 -48.789903037627 11.688809548856025 11.689455516249044
0.660000000000001 -48.83790470727265 12.043756433784502 12.044402876864908
0.650000000000001 -48.88590613522016 12.415211417757611 12.41585832975751
0.640000000000001 -48.933907324479065 12.804214273195308 12.804861647329627
0.630000000000001 -48.98190827808867 13.211887944073357 13.212535773540102
0.620000000000001 -49.02990899911762 13.63944665902778 13.640094937008254
0.610000000000001 -49.07790949066342 14.088204983003815 14.088853702662867
0.600000000000001 -49.12590975585199 14.559587933615305 14.560237088101562
0.590000000000001 -49.17390979783721 15.05514230778596 15.055791890232076
0.5800000000000011 -49.2219096198005 15.576549387023862 15.577199390546753
0.5700000000000011 -49.269909224950375 16.125639216491 16.126289634192084
0.560000000000001 -49.31790861652189 16.704406684669618 16.70505750963507
0.550000000000001 -49.36590779777636 17.315029667870977 17.315680893171947
0.540000000000001 -49.41390677200075 17.959889548272546 17.96054116696545
0.530000000000001 -49.46190554250733 18.641594467072768 18.642246472199485
0.520000000000001 -49.50990411263314 19.363005737524315 19.363658122112465
0.510000000000001 -49.55790248573959 20.12726791828406 20.12792067534725
0.500000000000001 -49.60590066521203 20.937843138478545 20.938496261016617
0.49000000000000105 -49.65389865445919 21.798550375591827 21.799203856591106
0.48000000000000104 -49.70189645691287 22.713610520079392 22.714264352512917
0.47000000000000103 -49.74989407602737 23.68769822195532 23.68835239878315
0.460000000000001 -49.797891515279076 24.726001711390268 24.726656225559676
0.450000000000001 -49.845888778166 25.834292026351154 25.83494687079691
0.440000000000001 -49.89388586820735 27.019003376684545 27.01965854432918
0.43000000000000105 -49.94188278894302 28.287326740118754 28.28798222387279
0.42000000000000104 -49.98987954393321 29.647319239901183 29.647975032663407
0.41000000000000103 -50.0378761367579 31.10803242013175 31.10868851478949
0.400000000000001 -50.085872571016424 32.67966324450028 32.68031963392961
0.390000000000001 -50.133868850327005 34.37373253800613 34.374389215072185
0.380000000000001 -50.18186497832632 36.203296723336294 36.20395368089349
0.37000000000000105 -50.229860958669 38.1832001456517 38.18385737654402
0.36000000000000104 -50.27785679502721 40.330377127563146 40.331034624624394
0.35000000000000103 -50.325852491090174 42.664215279409774 42.664873035463806
0.340000000000001 -50.37384805056372 45.20699468421891 45.20765269207997
0.330000000000001 -50.421843477169844 47.98442162235574 47.98507987482863
0.320000000000001 -50.469838774646185 51.02628082979841 51.02693931967884
0.310000000000001 -50.51783394674563 54.36723735860688 54.36789607868167
0.30000000000000104 -50.565828997235855 58.04782857879501 58.04848752184238
0.29000000000000103 -50.61382392989882 62.11569965128524 62.11635881007509
0.280000000000001 -50.66181874853036 66.62715323837836 66.62781260567247
0.270000000000001 -50.709813456939656 71.64910822756714 71.64976779611953
0.260000000000001 -50.75780805894887 77.26159565820731 77.26225542076443
0.250000000000001 -50.805802558392614 83.56096707507703 83.5616270243781
0.240000000000001 -50.85379695911753 90.66405755448977 90.6647176832669
0.23000000000000098 -50.90179126498177 98.71364241320686 98.71430271418554
0.220000000000001 -50.9497854798546 107.88566830879695 107.88632877469611
0.210000000000001 -50.99777960761591 118.39895013745401 118.39961076098635
0.20000000000000098 -51.045773652155795 130.5283436734125 130.52900444728485
0.190000000000001 -51.09376761737401 144.6228942484299 144.6235551653433
0.180000000000001 -51.141761507179595 161.13123166739126 161.13189272004135
0.17000000000000098 -51.18975532549035 180.6377168386226 180.63837801969996
0.160000000000001 -51.237749076232454 203.91487550814173 203.91553681033184
0.150000000000001 -51.285742763339904 232.00107973375822 232.00174114974212
0.14000000000000098 -51.33373639075418 266.31839074367156 266.31905226612565
0.130000000000001 -51.38172996242367 308.85617193552287 308.8568335571194
0.120000000000001 -51.429723482303274 362.4660301722681 362.46669188567563
0.110000000000001 -51.47771695435402 431.3524829767349 431.35314477461793
0.10000000000000099 -51.52571038254253 521.9231933516041 521.9238552266237
0.090000000000001 -51.57370377084066 644.3347533606129 644.3354153054265
0.080000000000001 -51.62169712322509 815.4693358478956 815.4699978551575
0.07000000000000099 -51.66969044367703 1065.0834029493385 1065.0840650116995
0.060000000000001004 -51.71768373618208 1449.6739657216492 1449.6746278317567
0.050000000000001 -51.765677004730364 2087.5026220172094 2087.5032841677057
0.040000000000001 -51.81367025331761 3261.6871928420974 3261.6878550256192
0.030000000000001 -51.86166348594928 5798.505704956552 5798.506367165728
0.020000000000001003 -51.90965670665712 13046.558560612926 13046.559222840368
0.010000000000001 -51.95764991960379 52186.04329691751 52186.04395915578
