0.0089135	0.42634214324367	5.44	0.142717284810278	0.0387760108176049	-9.59495088358026E-05	0.884611727813053
0.017827	0.435408595075472	7.32	0.350626744325085	0.0707977427070202	-0.000213451876293883	0.790848531679896
0.0267405	0.444472941344131	8.57	0.567276016552483	0.0978360823004889	-0.00029450647403882	0.712890100613958
0.035654	0.453535266638516	9.48	0.773988033909005	0.120673347960842	-0.000438794842015026	0.647977354254017
0.0445675	0.462595650032635	10.18	0.965992275374609	0.140252731602554	-0.000500835159534035	0.59303413754488
0.053481	0.471654165576152	10.75	1.14610595994297	0.157580240722717	-0.000563048479536211	0.545123506635255
0.0623945	0.480710882730201	11.2	1.30588903341804	0.172335085913448	-0.000715930741299112	0.50471959109444
0.071308	0.489765866755771	11.59	1.45747827464263	0.185867777856523	-0.000731426317589909	0.468238505580487
0.0802215	0.498819179060831	11.9	1.58880660240609	0.197337457025529	-0.00103843795720708	0.437521110888591
0.089135	0.50787087751142	12.18	1.71530950042596	0.208152033311645	-0.000952565906663585	0.409013163205165
0.0980485	0.516921016711176	12.41	1.82653455987863	0.217541222767656	-0.00117104364010839	0.384437281328603
0.106962	0.525969648253129	12.61	1.92899920127826	0.226100964072903	-0.00118099141060281	0.362243105721295
0.1158755	0.535016820947046	12.78	2.02086524887776	0.233717888911436	-0.00163167973678666	0.342667955384618
0.124789	0.544062581025177	12.93	2.10649298508652	0.240794711944689	-0.00130177345401446	0.324581466849752
0.1337025	0.553106972328843	13.06	2.18416117796443	0.247187758581593	-0.00141892179997287	0.308398402451005
0.142616	0.562150036478021	13.18	2.25787013182834	0.253203089906845	-0.00202070379976716	0.293441937119316
0.1515295	0.571191813025764	13.28	2.3236186324725	0.258614117055201	-0.00190632851094216	0.27992279858091
0.160443	0.580232339599096	13.37	2.38473109342923	0.263629168549319	-0.00228795388245577	0.26755044545628
0.1693565	0.589271652027785	13.45	2.44154837880123	0.268304837318396	-0.00242426974328736	0.256083966348491
0.17827	0.598309784462267	13.52	2.49387345728556	0.272635982997242	-0.00229680798027863	0.245496817917307
0.1871835	0.6073467694818	13.58	2.54101267713449	0.276562004770263	-0.0027008776095446	0.235935918948857
0.196097	0.616382638193821	13.64	2.58859882169796	0.280501915756994	-0.00228812046009449	0.226520740746316
0.2050105	0.625417420325376	13.69	2.63064969221521	0.284017450289082	-0.0027020064566379	0.218126302536199
0.213924	0.634451144307368	13.73	2.66773826335995	0.287182606950537	-0.00283908554220652	0.210488844277684
0.2228375	0.643483837352319	13.77	2.70443947715878	0.290287796929634	-0.00327422674731556	0.203158297195891
0.231751	0.65251552552622	13.8	2.7362114648664	0.293059648768295	-0.00311852557027226	0.196488513430297
0.2406645	0.661546233815037	13.83	2.76785510778452	0.295805758775999	-0.00264540221878462	0.190000406075993
0.249578	0.670575986186333	13.86	2.79861103910063	0.298445314841608	-0.00340506567554259	0.183911511803129
0.2584915	0.67960480564644	13.88	2.82432356319188	0.300753324101672	-0.00354921508108947	0.178424062911147
0.267405	0.688632714293576	13.9	2.84973577878173	0.303022758714468	-0.00369543769926988	0.173121377419539
0.2763185	0.697659733367238	13.92	2.87513552327908	0.30528434777217	-0.00317994199353851	0.167918304901397
0.285232	0.706685883294208	13.94	2.89940495908715	0.307419602382839	-0.0046697786874991	0.163119311186591
0.2941455	0.715711183731421	13.95	2.91909280480336	0.309285206557674	-0.00414342423216322	0.158708043586197
0.303059	0.724735653605982	13.96	2.93794094904761	0.311059233200426	-0.00499484556938319	0.15458670699932
0.3119725	0.733759311152544	13.97	2.9572851704764	0.31288320545154	-0.00373560538290131	0.150395369315339
0.320886	0.742782173948257	13.98	2.97556219474101	0.314591738727433	-0.00460265760868284	0.146543164089922
0.3297995	0.751804258945489	13.99	2.99357155018086	0.316269550400318	-0.00549564660560891	0.142814444582201
0.338713	0.760825582502472	14	3.01204711360007	0.317994184690547	-0.00416879965475848	0.13902150295949
0.3476265	0.769846160412054	14	3.02435532662114	0.319293613290771	-0.00507431273933111	0.135942154801805
0.35654	0.778866007928681	14	3.03687239268639	0.320615091364657	-0.00445995717378492	0.13284582522341
0.3654535	0.78788513979374	14.01	3.05406354914729	0.322199889580498	-0.00461078268841932	0.129507990246629
0.374367	0.796903570259402	14.01	3.06583278413168	0.323441529170309	-0.00476014573399554	0.126666901293953
0.3832805	0.805921313111045	14.01	3.07692020741836	0.324611238477667	-0.00652929081607967	0.124018850438791
0.392194	0.814938381688386	14.01	3.08799972044496	0.325780113262467	-0.00752704210140594	0.121400256364568
0.4011075	0.823954788905387	14.01	3.09948207349979	0.326991487167055	-0.00605024887225099	0.118715499775351
0.410021	0.832970547269039	14	3.10514040131074	0.327822425421595	-0.00621424329611273	0.116579687192375
0.4189345	0.841985668897093	14	3.11574764100319	0.328942275281375	-0.00638271716411944	0.114145984674226
0.427848	0.85100016553481	14	3.12613918586646	0.33003935335215	-0.00655253131084426	0.11178604204556
0.4367615	0.860014048570795	13.99	3.13115805395626	0.330805505516395	-0.00672041741079439	0.109850686059868
0.445675	0.869027329051973	13.99	3.14132452941344	0.331879589288272	-0.00599885804503607	0.107583028887551
0.4545885	0.878040017697772	13.99	3.15072919491388	0.332873188164941	-0.00797258687652733	0.105505596782958
0.463502	0.887052124913555	13.98	3.15570627333914	0.333637497208906	-0.00540174513084987	0.103628518512682
0.4724155	0.896063660803352	13.98	3.16473961627139	0.334592548682741	-0.00741429846214761	0.101667298937593
0.481329	0.905074635181936	13.97	3.1684558990414	0.335225242367889	-0.00947312308695243	0.100090782683078
0.4902425	0.914085057586282	13.96	3.17235508568363	0.335878207733246	-0.00967250920447563	0.0984856260068908
0.499156	0.923094937286452	13.96	3.18189054060505	0.336887789391801	-0.00600996631314981	0.0964633533948276
0.5080695	0.932104283295941	13.95	3.18511153928272	0.337470558906279	-0.00812070236899675	0.0950255430621249
0.516983	0.941113104381501	13.94	3.18786359498704	0.338004443204853	-0.0122626788750106	0.0936943045430011
0.5258965	0.9501214090725	13.94	3.19655439349082	0.338925915664935	-0.0104884314063084	0.091891152548908
0.53481	0.95912920566982	13.93	3.19964674165465	0.339497334595721	-0.0106934570146407	0.0905086633259802
0.5437235	0.968136502254338	13.92	3.20289732758976	0.340086376352547	-0.00884520806811868	0.0891024491039529
0.552637	0.977143306695002	13.91	3.20569526037913	0.340628167391274	-0.00902816224682267	0.0877968085189897
0.5615505	0.986149626656529	13.91	3.21315810309585	0.341421148080843	-0.0113185975178884	0.0862909042177367
0.570464	0.995155469606751	13.9	3.21596946052433	0.341965716655377	-0.00940089576569194	0.0849997104766805
0.5793775	1.00416084282362	13.89	3.21835609841166	0.342465874860052	-0.00958701200577925	0.0838005365975838
0.588291	1.01316575340191	13.88	3.22005921513869	0.342893967737432	-0.0141249969651202	0.08274297922617
0.5972045	1.02217020825958	13.87	3.2227489128735	0.34342781155813	-0.00996230615425604	0.0814969434196204
0.606118	1.03117421414392	13.86	3.22502934075142	0.343918780969038	-0.00792760796954624	0.0803381409487861
0.6150315	1.04017777763736	13.86	3.23145313578653	0.344603817762271	-0.0125934632477231	0.0790887920971791
0.623945	1.04918090516305	13.85	3.23374684416767	0.345097408027904	-0.00826428690055962	0.0779411692295838
0.6328585	1.05818360299022	13.84	3.23464077282078	0.345442222634255	-0.0153216609782821	0.077068149350313
0.641772	1.06718587723931	13.83	3.23694876149918	0.345938659079851	-0.00860111371109448	0.0759290827004438
0.6506855	1.07618773388682	13.82	3.23863331672773	0.346369138268666	-0.00642605970520815	0.0749146159795008
0.659599	1.08518917877004	13.81	3.23924232950945	0.346685129225367	-0.0136800018999028	0.0741082054111451
0.6685125	1.09419021759155	13.8	3.24072186954174	0.34709481523571	-0.0115068548107914	0.0731413663617767
0.677426	1.10319085592351	13.79	3.24162857345829	0.347443697798611	-0.0141212721359132	0.0722863075205252
0.6863395	1.11219109921181	13.78	3.2431335189273	0.347857253881096	-0.00945984150493721	0.0713235456710169
0.695253	1.12119095278003	13.78	3.24840477520576	0.348422646802117	-0.0170361535913872	0.0703451338697623
0.7041665	1.13019042183328	13.77	3.24992654770981	0.348839020316677	-0.009813827320511	0.0693890290733453
0.71308	1.13918951146183	13.76	3.25024856705938	0.34912712692115	-0.0150188964903587	0.0686573894345601
0.7219935	1.14818822664461	13.75	3.25135366101948	0.349499828127206	-0.010167485028067	0.0677855525312857
0.730907	1.15718657225266	13.74	3.2517279418484	0.349794456903185	-0.0129084102131256	0.0670503895503966
0.7398205	1.16618455305229	13.73	3.25223298161082	0.350103591082127	-0.0131116700292276	0.0662943340908745
0.748734	1.17518217370825	13.72	3.25245295666263	0.350382466248778	-0.0159269628681734	0.0655926190762591
0.7576475	1.18417943878674	13.71	3.25340222171828	0.350740370990732	-0.00825009319263151	0.0647625069814603
0.766561	1.19317635275828	13.7	3.25346588618977	0.351003254361986	-0.0110671368207296	0.0640943087401465
0.7754745	1.20217292000051	13.69	3.25346024439804	0.351259039151167	-0.0139334391017306	0.0634407794290513
0.784388	1.21116914480084	13.68	3.25357812223165	0.351528543409207	-0.0141410330999528	0.0627675406871363
0.7933015	1.22016503135906	13.67	3.25343569977027	0.351770297593211	-0.01708163332674	0.0621427293288765
0.802215	1.22916058378984	13.66	3.25359943729756	0.352045532818791	-0.0145587637258128	0.0614659721330126
0.8111285	1.23815580612508	13.65	3.25350619193601	0.352293344920411	-0.0147688887087253	0.0608367744949238
0.820042	1.24715070231625	13.64	3.25334581403555	0.352534245866025	-0.0149798467463607	0.0602214151186835
0.8289555	1.25614527623662	13.64	3.25802000388352	0.353040743510996	-0.0151958806430186	0.0594046824416434
0.837869	1.26513953168341	13.63	3.2578970837097	0.35328643146468	-0.0125553535186349	0.0587875448276386
0.8467825	1.27413347237985	13.62	3.25702052174259	0.35345069525735	-0.0213766295341691	0.0583028491176638
0.855696	1.28312710197718	13.61	3.25711168670698	0.353720294977309	-0.0129346564342178	0.057652369600855
0.8646095	1.29212042405663	13.6	3.2562960316641	0.353891738669171	-0.0189769977640576	0.0571600956544993
0.873523	1.30111344213121	13.59	3.25575959280336	0.354093801997652	-0.01921705782138	0.0566211966397088
0.8824365	1.31010615964758	13.58	3.25548888582966	0.354325084984496	-0.0135096599065673	0.0560383877508868
0.89135	1.31909857998777	13.57	3.25451649427173	0.354480281717181	-0.0196995649609422	0.0555770483271874
