5 0.2391552943533235 5.4350000000000005 0.14232748940194304 0.07741135846068972 3.0137677220916474e-05 -0.06118836419127417
10 0.2442410922059077 7.315000000000001 0.3499247117578508 0.14140857037725063 6.401994657891159e-05 -0.11716100134229088
15 0.24932570894942024 8.565 0.5663083719031162 0.19545242504068933 9.25707031830659e-05 -0.1690064944486971
20 0.2544091920337218 9.475 0.7728188430695582 0.24110928353845318 0.0001313452064741012 -0.2167153228079356
25 0.25949158581513126 10.18 0.9659922877845554 0.280505466808716 0.00015759343077069023 -0.26125164950496016
30 0.2645729318315768 10.745 1.1445637558271746 0.3148828575622908 0.00018410526374221944 -0.3030544396213871
35 0.269653269047064 11.2 1.3058890499750866 0.3446701761968842 0.00022527569979894689 -0.3418761287757466
40 0.2747326340695411 11.585 1.4556641439016893 0.3714330931535766 0.00024509612257147704 -0.3790036782705413
45 0.2798110613456166 11.9 1.5888523426549954 0.394686276370913 0.0003111565271992664 -0.41334217891434105
50 0.2848885833350646 12.175 1.7133080318520668 0.4159890792818971 0.00031560645390383234 -0.44656967883424165
55 0.2899652306676255 12.405 1.82450535238786 0.434774257118899 0.000368264168809538 -0.47755960651721685
60 0.29504103228424794 12.605 1.9268563304841122 0.45187876454865694 0.00038841161694121054 -0.5072422632976901
65 0.3001160155646189 12.775 2.0188086971285064 0.46714285083085305 0.00047817270387668276 -0.5350893038851776
70 0.30519020644257394 12.925 2.1041947257895464 0.48125009083468717 0.0004453302136872751 -0.5620630575717934
75 0.310263629510766 13.06 2.1840667148466 0.4943541358415132 0.00048339903317202423 -0.5881202036634177
80 0.31533630811579105 13.175 2.255675015542062 0.5061058460393548 0.0005976901181503921 -0.6125795977473228
85 0.32040826444481085 13.275 2.3212948130579236 0.5169055792474727 0.0005995626856604141 -0.6360851508941562
90 0.32547951960458604 13.365 2.382466921595594 0.5269548002435985 0.0006798557714861214 -0.6587350368470308
95 0.3305500936937143 13.445 2.439254586991259 0.536304909129058 0.0007217857213755378 -0.6806220255680602
100 0.3356200058687762 13.515 2.4914649283877397 0.5449468877679458 0.0007224021994401686 -0.7016568168139672
105 0.34068927440500385 13.58 2.541099417632505 0.5531428910882183 0.0008072211977389554 -0.7221594893490026
110 0.3457579167520174 13.635 2.586062475651728 0.5606596723661298 0.0007632447125400437 -0.7417928273392662
115 0.35082594958511 13.685 2.6281805812818892 0.5677090911079912 0.0008498755766515233 -0.7607237131125284
120 0.35589338885250926 13.725 2.6652542572304503 0.5740394519812387 0.0008930004150875527 -0.778533296676234
125 0.36096024981899294 13.765 2.7020213429964937 0.5802671806391833 0.0009834592605247863 -0.7963067584073482
130 0.36602654710619825 13.8 2.7362114991407713 0.5861193048784459 0.0009812794682533764 -0.8135756581519892
135 0.37109229472992483 13.83 2.767701450920973 0.5915786743695745 0.0009291307151727872 -0.8302442579057308
140 0.3761575061347018 13.855 2.7960797064058 0.5965659558364146 0.001071060346252612 -0.8459808724792974
145 0.3812221942258598 13.88 2.824323598724476 0.601506655770854 0.0011168008423624483 -0.8617960999169056
150 0.3862863713993243 13.9 2.8497358146917002 0.6060455250658106 0.0011628114608973543 -0.8768811707142112
155 0.3913500495693265 13.92 2.8749945253929354 0.6105387529921639 0.0011049575168325815 -0.8920221807951002
160 0.3964132401942044 13.935 2.8969826395207345 0.6145459602526914 0.001362728813792879 -0.9060479045036206
165 0.40147595430045485 13.95 2.9190928417458695 0.6185704209436501 0.0013037754879841835 -0.9203444927202211
170 0.4065382025051788 13.96 2.9380731939495908 0.6221464696851385 0.0014616126052953147 -0.933613764771337
175 0.41159999503704714 13.97 2.957155924415306 0.6257390622237633 0.0012874301132987096 -0.9471312109873266
180 0.4166613417559081 13.98 2.9755622325775373 0.6291834854554107 0.0014482784862683493 -0.9602176388452147
185 0.42172225217113846 13.985 2.991116449711136 0.6322463038312367 0.0016130313687740688 -0.9724739419175361
190 0.42678273545883855 13.995 3.0093439702400744 0.6356446214238961 0.0014290084732839147 -0.9857054668428428
195 0.43184280047795714 13.995 3.0217726482725094 0.6382698521787893 0.0015962333972840245 -0.9970087960016569
200 0.4369024557854269 14.0 3.0367563634374224 0.6412056833605911 0.0015248875396681155 -1.0091756283867708
205 0.4419617096503841 14.005 3.0513643322674504 0.644060108426098 0.0015737844144389373 -1.0211334455745036
210 0.4470205700675388 14.005 3.063135753892829 0.646544735715012 0.0016226835321090176 -1.0322198819529644
215 0.4520790447697566 14.005 3.0744433299573397 0.6489314578081857 0.001926806702021921 -1.0429879333137153
220 0.4571371412399092 14.005 3.085627426799161 0.6512921167922405 0.002109714394265614 -1.0537553131951034
225 0.46219486672204335 14.005 3.096896522421481 0.6536707167095378 0.0019032891949897965 -1.0647249800876177
230 0.467252228231917 14.0 3.105140441409398 0.6556448593099489 0.0019553822618677856 -1.074590127768927
235 0.47230923256694496 14.0 3.1157476812798306 0.6578845590670909 0.0020083944744071647 -1.0851385545521757
240 0.4773658863155945 13.995 3.1235568831542553 0.6597690899156995 0.0020613222992034268 -1.0947827416218863
245 0.4824221958662674 13.99 3.1311580945713775 0.6616110196147308 0.0021146556916258417 -1.104316631271849
250 0.48747816741570227 13.99 3.141230321319081 0.6637392724870121 0.0020281791520059995 -1.1146490316477686
255 0.49253380697692917 13.985 3.1482434215433988 0.6654589683474366 0.0023656690978411297 -1.123777559168416
260 0.4975891203868038 13.98 3.155525287772073 0.6672367249678705 0.0019884833799219946 -1.1332809719659447
265 0.50264411331315 13.975 3.1621651999032854 0.6688799637426907 0.0023324632292928927 -1.1422026832028995
270 0.5076987912615336 13.965 3.1660585205569585 0.67018306059115 0.0026839082629168762 -1.1502002558163058
275 0.5127531595816915 13.96 3.172525943953426 0.6717925952558826 0.002743371669117137 -1.1591071202756227
280 0.517807223473637 13.955 3.1791558684278587 0.67343770575155 0.002194565787869214 -1.168280547099908
285 0.52286098799346 13.95 3.185111581004123 0.6749411266535312 0.0025552711905337893 -1.1768047907680819
290 0.5279144580588441 13.94 3.1881861712132458 0.6760772909662262 0.0032353446018184378 -1.1842176160168238
295 0.5329676384543106 13.935 3.194152554555019 0.6775855409189971 0.002984313456821226 -1.192910828617137
300 0.5380205338362146 13.925 3.1972450963197963 0.6787286390020495 0.0030450126309387003 -1.2004858893771164
305 0.5430731487374983 13.92 3.2028973697483636 0.6801727616579664 0.002783245237557191 -1.208984246088563
310 0.5481254875722231 13.91 3.2056953026399757 0.6812563437635848 0.002840813826101614 -1.2163650816818592
315 0.5531775546398885 13.905 3.210755942208662 0.6825771572718065 0.00323027939619628 -1.2243328856714946
320 0.5582293541295512 13.895 3.213423975364488 0.6836360041724057 0.0029575219284030075 -1.231697884569298
325 0.5632808901237574 13.885 3.21581391508377 0.684637170978124 0.0030160814415007694 -1.238799764071628
330 0.5683321666022941 13.88 3.2203370227734456 0.685847101195606 0.0037603889472848347 -1.2463395405515378
335 0.5733831874457753 13.87 3.2227489555690942 0.686855632215855 0.003134752881956286 -1.2535949004262383
340 0.5784339564390667 13.86 3.2248956179440302 0.6878090414007141 0.0028442333929605073 -1.2605930223202628
345 0.5834844772745604 13.855 3.2290541988764505 0.6889445247884303 0.0036085522491844557 -1.2678854377437614
350 0.5885347535553078 13.845 3.231090864765002 0.6898769901090791 0.0029571922692149563 -1.2748713696734277
355 0.593584788798016 13.835 3.232371100569704 0.6906491796976209 0.0040982404296290124 -1.2809770397572822
360 0.5986345864359176 13.825 3.234304060284877 0.6915620524417081 0.0030707889388056023 -1.2879478549056074
365 0.6036841498215181 13.82 3.2383885907263084 0.6926859300529139 0.002759564922616194 -1.2953934901908706
370 0.608733482229228 13.81 3.239362849314013 0.6933960561032527 0.003931995562713074 -1.3012680182652412
375 0.6137825868578866 13.8 3.2407219127639095 0.6941896397299689 0.003620762670395973 -1.3076806129718919
380 0.618831466833181 13.79 3.2417450465056405 0.6949123631870311 0.004063229644492604 -1.313710927194385
385 0.6238801252099667 13.78 3.2430192008153513 0.6956899843287545 0.003360645280179551 -1.3201152488329253
390 0.6289285649744948 13.775 3.246128837514544 0.6966098223851763 0.004584384526193567 -1.326582550444975
395 0.6339767890465484 13.765 3.2473185807164913 0.6973713965486016 0.00347901885567462 -1.3329808867843673
400 0.6390248002814976 13.755 3.24786332128661 0.6979954611030399 0.004329813396569315 -1.3385712987441176
405 0.644072601472269 13.745 3.2487562483576475 0.6986953166143202 0.0035979105654833526 -1.3446705814155278
410 0.6491201953512422 13.735 3.249240884269483 0.6993083179444418 0.004061140195287852 -1.3502654708651554
415 0.6541675845920715 13.725 3.2497494006429575 0.6999273558838345 0.0041250951321187895 -1.3559341750886793
420 0.6592147718114367 13.715 3.250074721440774 0.7005078113148402 0.004600303579424799 -1.3613936694764128
425 0.6642617595707301 13.705 3.25072539730311 0.7011592906846253 0.00342426246727244 -1.3673430119205312
430 0.6693085503776758 13.7 3.253367338810105 0.701985244968838 0.003900669203696988 -1.373562349864084
435 0.6743551466878931 13.69 3.2534602880985113 0.7025180877385541 0.004384314711224194 -1.3788242307205691
440 0.6794015509063981 13.68 3.253578165960646 0.7030570962676984 0.004449636719412542 -1.3841586266656225
445 0.6844477653890523 13.67 3.2535298524997174 0.7035609552836942 0.004945240609931552 -1.3892947538295635
450 0.6894937924439568 13.66 3.2535994810782207 0.7040910751118814 0.004581080286348063 -1.3946358014174316
455 0.6945396343327981 13.65 3.253506235739922 0.7045866993270979 0.00464719864500854 -1.3997804382171593
460 0.6995852932721431 13.64 3.2533458578610555 0.7050685012299573 0.004713578958945386 -1.4048636523287077
465 0.7046307714346901 13.635 3.2555696214054413 0.7058091652802411 0.004780888309168548 -1.4107885521430414
470 0.709676070950474 13.625 3.255363225536561 0.7062824107837055 0.004398739254498485 -1.4158808495012347
475 0.7147211939080302 13.615 3.25474844744964 0.7066676839364446 0.0058206650371642014 -1.4204026970735204
480 0.7197661423555183 13.605 3.254587277669458 0.7071520828251923 0.004525699675827034 -1.4256307467369715
485 0.7248109183018049 13.595 3.253942491841417 0.7075320376292838 0.005510505119918971 -1.4301691000161931
490 0.7298555237175129 13.585 3.253408227150369 0.7079366010359606 0.005582233395495099 -1.4349036468807417
495 0.7348999605360311 13.575 3.252978394901715 0.7083645015623635 0.004718042478249124 -1.4398289262499813
500 0.7399442306544931 13.57 3.2545960876492117 0.708977901974771 0.005727128029600888 -1.4451146116550557
