1e-15 0.1895294522458109 500 7.234973179291102e-48 1e-12 1.0
0.010000000000001 0.18952986361905355 500.187175145461 7.236572042042448e-09 -2773.9017744541165 0.9999978608150301
0.020000000000001003 0.18953094863876915 500.18033904654715 5.7896070075170746e-08 -2740.9625380543885 0.9999914427437326
0.030000000000001 0.18953275238225029 500.16885063457255 1.9539844577743904e-07 -2684.3805940374837 0.9999807462513133
0.040000000000001 0.18953527680674873 500.1527261485822 4.631603911031273e-07 -2604.513607723678 0.9999657715786717
0.050000000000001 0.18953852226072107 500.1319727589714 9.045928896708078e-07 -2501.484983729423 0.9999465191114734
0.060000000000001004 0.18954248885444297 500.1065944135235 1.5630993123558108e-06 -2375.3549599394064 0.9999229893533371
0.07000000000000099 0.18954717664165927 500.076593744542 2.4820735138417905e-06 -2226.159916250115 0.9998951829219653
0.080000000000001 0.18955258565983552 500.0419728016203 3.7048979300774906e-06 -2053.925634128172 0.9998631005481419
0.090000000000001 0.18955871594208218 500.0027333766796 5.27494167669228e-06 -1858.6728164099015 0.9998267430753675
0.10000000000000099 0.18956556752143147 499.958877164959 7.2355586484678575e-06 -1640.41972081981 0.9997861114596823
0.110000000000001 0.18957314043259635 499.91040585182367 9.630085619982896e-06 -1399.18354141325 0.9997412067695537
0.120000000000001 0.18958143471277256 499.85732116280775 1.2501840347556935e-05 -1134.9811913896372 0.9996920301857883
0.130000000000001 0.1895904504020351 499.7996248940525 1.5894119672624895e-05 -847.8297768526088 0.9996385830014519
0.14000000000000098 0.18960018754354716 499.73731893164904 1.9850197626676445e-05 -537.7468959812011 0.9995808666217909
0.150000000000001 0.1896106461836761 499.6704052643827 2.4413323537896152e-05 -204.750823013324 0.9995188825641514
0.160000000000001 0.18962182637206057 499.5988859923866 2.9626720139641313e-05 151.13932759779107 0.9994526324578951
0.17000000000000098 0.18963372816165053 499.5227633331677 3.553358168089499e-05 529.9035655348129 0.9993821180443097
0.180000000000001 0.1896463516087318 499.4420396258902 4.2177072038832113e-05 931.5209123959056 0.9993073411765157
0.190000000000001 0.18965969677294123 499.3567173344738 4.960032283363653e-05 1355.969367239043 0.9992283038193661
0.20000000000000098 0.18967376371727598 499.26679904986463 5.784643154570723e-05 1803.2259029983527 0.9991450080493426
0.210000000000001 0.18968855250809927 499.17228749171625 6.695845963539152e-05 2273.266369185824 0.9990574560544443
0.220000000000001 0.18970406321514344 499.07318550964254 7.697943066538317e-05 2766.065574808375 0.9989656501340719
0.23000000000000098 0.18972029591151157 498.9694960841529 8.795232842592312e-05 3281.5971705557286 0.9988695926989059
0.240000000000001 0.18973725067367783 498.86122232734925 9.99200950629404e-05 3819.833718206957 0.9987692862707784
0.250000000000001 0.18975492758148702 498.7483674834402 0.00011292562920927028 4380.746630903503 0.9986647334825408
0.260000000000001 0.1897733267181534 498.63093492911366 0.000127011784119087 4964.306205667744 0.9985559370779238
0.270000000000001 0.1897924481702592 498.5089281737985 0.00014222136580568733 5570.481597408377 0.9984428999113925
0.280000000000001 0.18981229202775268 498.38235085983683 0.00015859713118276188 6199.240813370162 0.9983256249479961
0.29000000000000103 0.18983285838394584 498.25120676258496 0.00017618178620928976 6850.550734291987 0.9982041152632116
0.30000000000000104 0.18985414733551195 498.1154997904554 0.00019501798403819248 7524.377083458152 0.998078374042781
0.310000000000001 0.18987615898248286 497.97523398491006 0.0002151483231688826 8220.684466166374 0.9979484045825437
0.320000000000001 0.18989889342824604 497.8304135204132 0.00023661534560384166 8939.43631563918 0.9978142102882629
0.330000000000001 0.18992235077954156 497.68104270434867 0.00025946153500936233 9680.594937696489 0.9976757946754461
0.340000000000001 0.18994653114645885 497.52712597690845 0.0002837293148805888 10444.121507520662 0.9975331613691599
0.35000000000000103 0.1899714346424333 497.3686679109545 0.0003094610467109887 11229.976060138171 0.9973863141038395
0.36000000000000104 0.18999706138424277 497.20567321185825 0.00033669902816639064 12038.117513691408 0.9972352567230918
0.37000000000000105 0.1900234114920039 497.03814671731965 0.0003654854912637191 12868.503621929935 0.9970799931794935
0.380000000000001 0.19005048508916844 496.8660933971682 0.0003958626005545596 13721.09103201577 0.9969205275343834
0.390000000000001 0.19007828230251922 496.68951835314755 0.0004278724513136863 14595.835261606751 0.9967568639576485
0.400000000000001 0.19010680326216617 496.508426818685 0.0004615570677326818 15492.690699020623 0.9965890067275053
0.41000000000000103 0.19013604810154222 496.32282415864717 0.0004969584011187819 16411.61065449761 0.9964169602302752
0.42000000000000104 0.19016601695739904 496.13271586908263 0.0005341183280990739 17352.547264003904 0.9962407289601537
0.43000000000000105 0.1901967099698026 495.9381075769528 0.0005730786488301793 18315.45159594217 0.9960603175189752
0.440000000000001 0.19022812728212873 495.7390050398511 0.0006138810852135485 19300.273611487308 0.9958757306159712
0.450000000000001 0.19026026904105856 495.53541414571157 0.0006565672791164981 20306.962141494547 0.9956869730675237
0.460000000000001 0.1902931353965737 495.32734091250705 0.0007011787905991168 21335.46495720462 0.9954940497969125
0.47000000000000103 0.19032672650195148 495.1147914879376 0.0007477570961471684 22385.72870513764 0.9952969658340569
0.48000000000000104 0.19036104251376004 494.8977721491095 0.000796343586911118 23457.698968042296 0.9950957263152536
0.49000000000000105 0.1903960835918532 494.6762893022049 0.0008469795669514081 24551.320234120318 0.9948903364829064
0.500000000000001 0.19043184989936535 494.4503494821426 0.0008997062514901089 25666.535929250495 0.9946808016852527
0.510000000000001 0.19046834160270615 494.21995935223055 0.000954564765169069 26803.28839278406 0.994467127376084
0.520000000000001 0.19050555887155515 493.9851257038096 0.0010115961403146898 27961.51888094277 0.9942493191144601
0.530000000000001 0.19054350187885635 493.74585545588917 0.001070841315209447 29141.16762183644 0.9940273825644194
0.540000000000001 0.19058217080081252 493.5021556547748 0.0011323411323702819 30342.173780848927 0.9938013234946824
0.550000000000001 0.19062156581687947 493.2540334736879 0.0011961363368339852 31564.47543360736 0.9935711477783518
0.560000000000001 0.1906616871097603 493.0014962123778 0.0012622675744496936 32808.009671013555 0.9933368613926047
0.5700000000000011 0.1907025348653994 492.744551296726 0.0013307753901786207 34072.71251299046 0.993098470418382
0.5800000000000011 0.19074410927297644 492.48320627834323 0.0014017002264011412 35358.518946354525 0.9928559810400711
0.590000000000001 0.1907864105249002 492.21746883415875 0.0014750824212313484 36665.36290719483 0.992609399545184
0.600000000000001 0.19082943881680228 491.94734676600274 0.0015509622068392024 37993.177360319976 0.9923587323240297
0.610000000000001 0.19087319434753078 491.6728480001812 0.0016293797077803866 39341.894230042904 0.9921039858693821
0.620000000000001 0.1909176773191437 491.3939805870438 0.0017103749393339912 40711.444405398426 0.9918451667761424
0.630000000000001 0.19096288793690247 491.1107527005448 0.0017939878058481351 42101.75785564532 0.991582281740996
0.640000000000001 0.19100882640926517 490.8231726377971 0.0018802580990936475 43512.76343023769 0.9913153375620652
0.650000000000001 0.19105549294787974 490.53124881861896 0.0019692254966259177 44944.38910241984 0.9910443411385562
0.660000000000001 0.191102887767577 490.23498978507456 0.002060929560155031 46396.5617998919 0.9907692994704012
0.670000000000001 0.19115101108636365 489.9344042010072 0.0021554097339242986 47869.20750101109 0.9904902196578952
0.680000000000001 0.19119986312541515 489.6295008515664 0.0022527053430973012 49362.25119594576 0.9902071089013289
0.6900000000000011 0.1912494441090684 489.3202886427277 0.0023528555921535454 50875.61690454663 0.9899199745006155
0.7000000000000011 0.19129975426481444 489.0067766008066 0.002455899563292855 52409.227740880946 0.989628823854913
0.7100000000000011 0.19135079382329084 488.6889738719655 0.0025618762148485992 53963.00583549185 0.9893336644622415
0.720000000000001 0.1914025630182743 488.3668897217146 0.002670824379709865 55536.87238362869 0.9890345039190961
0.730000000000001 0.19145506208667276 488.0405335344059 0.0027827827637526893 57130.74761194354 0.9887313499200545
0.740000000000001 0.19150829126851773 487.7099148127214 0.002897789944280445 58744.550895294014 0.98842421025738
0.750000000000001 0.19156225080695632 487.37504317715474 0.003015884368473499 60378.20059688599 0.9881130928206197
0.760000000000001 0.1916169409482432 487.0359283654865 0.0031371043518482367 62031.61423177101 0.9877980055961977
0.770000000000001 0.19167236194173243 486.69258023225376 0.003261488076725562 63704.708433054184 0.9874789566670046
0.780000000000001 0.19172851403986932 486.34500874821316 0.003389073590708974 65397.39886058183 0.9871559542119808
0.790000000000001 0.1917853974981819 485.9932239997979 0.0035198988051723225 67109.60036403364 0.9868290065056965
0.800000000000001 0.19184301257527264 485.63723618856915 0.00365400149375734 68841.22686718116 0.9864981219179266
0.810000000000001 0.19190135953280968 485.27705563066087 0.003791419290881056 70592.19140373507 0.9861633089132208
0.8200000000000011 0.1919604386355183 484.91269275621926 0.003932189690253185 72362.40617820768 0.9858245760504694
0.8300000000000011 0.192020250151172 484.54415810883603 0.0040763500434035935 74151.78252826957 0.9854819319824647
0.840000000000001 0.19208079435058364 484.171462344976 0.004223937558219933 75960.23091400329 0.9851353854554584
0.850000000000001 0.19214207150759646 483.794616233399 0.004374989297495545 77787.66099737365 0.9847849453087127
0.860000000000001 0.1922040818990748 483.41363065457574 0.004529542177487726 79633.98166173986 0.9844306204740499
0.870000000000001 0.19226682580489507 483.02851660009867 0.004687632966486449 81499.10080842761 0.984072419975395
0.880000000000001 0.19233030350793617 482.63928517208655 0.004849298283393628 83382.92561186456 0.983710352928315
0.890000000000001 0.1923945152940702 482.2459475825837 0.005014574596313029 85285.36246910642 0.9833444285395551
0.900000000000001 0.19245946145215279 481.8485151529542 0.005183498221150906 87206.31692640956 0.9829746561065682
0.910000000000001 0.19252514227401343 481.4469993132697 0.005356105320227454 89145.69379175628 0.9826010450170425
0.920000000000001 0.19259155805444575 481.0414116016931 0.005532431900899175 91103.39700139858 0.9822236047484234
0.930000000000001 0.19265870909119748 480.6317636638554 0.005712513814192233 93079.32978123493 0.9818423448674319
0.9400000000000011 0.19272659568496056 480.21806725222876 0.005896386753446893 95073.39463882372 0.9814572750295792
0.9500000000000011 0.1927952181393609 479.8003342254932 0.006084086252973119 97085.49322869263 0.9810684049786763
0.9600000000000011 0.19286457676094826 479.37857654789866 0.006275647686717427 99115.52647992132 0.9806757445463404
0.970000000000001 0.19293467185918578 478.9528062886218 0.006471106266941069 101163.39464190361 0.9802793036514971
0.980000000000001 0.19300550374643966 478.52303562111763 0.006670497042909624 103228.99718940195 0.9798790922998786
0.990000000000001 0.19307707273796842 478.08927682246645 0.006873854899594089 105312.23284293996 0.9794751205835176
1.000000000000001 0.1931493791519124 477.65154227271535 0.00708121455638354 107412.99967324283 0.9790673986802385
1.0100000000000011 0.19322242330928285 477.2098444542151 0.0072926105658094416 109531.19502449401 0.9786559368531434
1.0200000000000011 0.19329620553395102 476.7641959509522 0.007508077312281691 111666.715536319 0.978240745450095
1.030000000000001 0.19337072615263728 476.314609447876 0.007727649010836456 113819.45715726707 0.9778218349031957
1.040000000000001 0.19344598549489986 475.86109773022093 0.007951359705895899 115989.31522529252 0.9773992157282633
1.050000000000001 0.19352198389312367 475.4036736828245 0.008179243270039846 118176.1843382245 0.9769728985243019
1.060000000000001 0.19359872168250897 474.9423502894401 0.008411333402789488 120379.9584531776 0.9765428939729709
1.070000000000001 0.1936761992010599 474.47714063204575 0.008647663629403167 122600.5308889361 0.9761092128380486
1.080000000000001 0.19375441678957298 474.00805789014765 0.008888267299684335 124837.79432909227 0.9756718659648941
1.090000000000001 0.19383337479162527 473.5351153400802 0.00913317758680174 127091.64085333777 0.9752308642799037
1.100000000000001 0.19391307355356277 473.0583263543006 0.00938242748612192 129361.96184795079 0.9747862187899656
1.110000000000001 0.19399351342448845 472.57770440067975 0.009636049814054056 131648.6481534932 0.97433794058191
1.120000000000001 0.19407469475625025 472.0932630417886 0.009894077206907265 133951.58994377038 0.9738860408219568
1.130000000000001 0.19415661790342892 471.60501593418036 0.010156542119760381 136270.6768981214 0.9734305307551587
1.140000000000001 0.1942392832233259 471.11297682766843 0.010423476825344308 138605.79807246942 0.9729714217048424
1.1500000000000008 0.19432269107595088 470.6171595646002 0.01069491341293697 140956.84193498586 0.9725087250720456
1.1600000000000008 0.1944068418240094 470.1175780791267 0.010970883787270968 143323.69637246025 0.9720424523349509
1.1700000000000008 0.19449173583289034 469.6142463964686 0.01125141966745396 145706.2487559421 0.9715726150483172
1.1800000000000008 0.19457737347065315 469.1071786321778 0.01153655258590184 148104.3858638626 0.971099224842907
1.1900000000000008 0.19466375510801515 468.5963889913953 0.01182631388728477 150517.99405656912 0.9706222934249115
1.2000000000000008 0.19475088111833863 468.0818917681054 0.012120734727486128 152946.95900395093 0.9701418325753721
1.2100000000000009 0.19483875187761784 467.56370134438555 0.01241984607257441 155391.16598228997 0.9696578541495988
1.2200000000000009 0.1949273677644659 467.04183218965346 0.012723678697788149 157850.4997688898 0.9691703700765868
1.2300000000000009 0.19501672916010157 466.51629885990957 0.013032263186533902 160324.84457924752 0.9686793923584283
1.2400000000000009 0.19510683644833593 465.9871159969763 0.013345629929397357 162814.08416923718 0.9681849330697232
1.2500000000000009 0.19519769001555895 465.4542983277339 0.013663809123167598 165318.10184616994 0.9676870043569858
1.260000000000001 0.19528929025072592 464.9178606633527 0.01398683076987459 167836.78040374248 0.9671856184380501
1.270000000000001 0.19538163754534382 464.37781789852176 0.01431472467583992 170370.00224329854 0.9666807876014697
1.280000000000001 0.19547473229345755 463.83418501067445 0.014647520450740848 172917.649228292 0.9661725242059189
1.290000000000001 0.19556857489163604 463.2869770592104 0.014985247506687697 175479.6028827667 0.9656608406795878
1.300000000000001 0.19566316573895826 462.73620918471465 0.015327935057314649 178055.74422697426 0.9651457495195759
1.310000000000001 0.19575850523699917 462.181896608173 0.015675612116883952 180645.95394135092 0.9646272632912842
1.320000000000001 0.19585459378981548 461.62405463018496 0.01602830749940363 183250.11224337918 0.9641053946278033
1.330000000000001 0.19595143180393135 461.06269863017286 0.016386049817758677 185868.0989836444 0.9635801562293
1.340000000000001 0.19604901968832392 460.4978440655887 0.016748867482855798 188499.79362480566 0.9630515608624008
1.350000000000001 0.19614735785440884 459.92950647111763 0.017116788702781775 191145.075205926 0.9625196213595736
1.360000000000001 0.1962464467160256 459.3577014578784 0.0174898414819754 193803.82246805876 0.9619843506185071
1.370000000000001 0.19634628668942278 458.7824447126216 0.017868053620413098 196475.91376963834 0.9614457616014872
1.380000000000001 0.19644687819324322 458.20375199692444 0.018251452712808217 199161.2271088162 0.9609038673347721
1.390000000000001 0.196548221648509 457.6216391463834 0.018640066147824052 201859.64015908696 0.9603586809079648
1.4000000000000008 0.19665031747860637 457.0361220698039 0.019033921107300587 204571.0302538294 0.9598102154733832
1.4100000000000008 0.1967531661092706 456.4472167483875 0.019433044565495054 207295.27445165752 0.9592584842454286
1.4200000000000008 0.19685676796857068 455.85493923491674 0.019837463288336243 210032.24946626212 0.9587035004999518
1.4300000000000008 0.19696112348689387 455.25930565293714 0.020247203832692687 212781.83171080696 0.9581452775736174
1.4400000000000008 0.19706623309693022 454.6603321959374 0.020662292545654673 215543.89736719156 0.9575838288632667
1.4500000000000008 0.19717209723365697 454.05803512652653 0.02108275556383013 218318.32223711305 0.9570191678252765
1.4600000000000009 0.19727871633432278 453.4524307756097 0.02150861881265443 221104.98194016528 0.9564513079749196
1.4700000000000009 0.19738609083843192 452.84353554156075 0.021939908005714083 223903.75182345917 0.9558802628857203
1.4800000000000009 0.19749422118772827 452.2313658893936 0.0223766486440844 226714.5069929145 0.9553060461888097
1.4900000000000009 0.19760310782617937 451.6159383499308 0.02281886601568108 229537.1222921113 0.9547286715722789
1.5000000000000009 0.19771275119996015 450.99726951897054 0.023266585194625804 232371.4723458185 0.9541481527805311
1.510000000000001 0.19782315175743673 450.3753760564516 0.023719831040625777 235217.431577488 0.9535645036136307
1.520000000000001 0.19793430994915 449.75027468561643 0.02417862819836732 238074.87417979978 0.9529777379266522
1.530000000000001 0.19804622622779922 449.12198219217214 0.02464300109692343 240943.67416264562 0.9523878696290276
1.540000000000001 0.19815890104822523 448.49051542345023 0.025112973949175398 243823.70534680717 0.9517949126838905
1.550000000000001 0.198272334867394 447.85589128756425 0.02558857075124847 246714.84137511876 0.9511988811074215
1.560000000000001 0.19838652814437968 447.21812675256575 0.026069815281961523 249616.9557151449 0.9505997889681895
1.570000000000001 0.1985014813403477 446.57723884559914 0.026556731102290818 252529.92167623306 0.9499976503864941
1.580000000000001 0.19861719491853777 445.93324465205455 0.02704934155484782 255453.61242202952 0.9493924795337046
1.590000000000001 0.19873366934424672 445.2861613147194 0.02754766976337107 258387.90102646194 0.9487842906315993
1.600000000000001 0.19885090508481135 444.6360060329286 0.028051738632232134 261332.66034725396 0.9481730979517028
1.610000000000001 0.19896890260959096 443.9827960617137 0.028561570845955623 264287.76313405286 0.9475589158146223
1.620000000000001 0.19908766238995004 443.32654871095025 0.029077188868753295 267253.0820833427 0.9469417585893828
1.630000000000001 0.19920718489924064 442.6672813445043 0.029598614944072225 270228.4897713823 0.9463216406927618
1.640000000000001 0.1993274706127847 442.00501137937783 0.030125871094157052 273213.8586463035 0.9456985765886218
1.6500000000000008 0.19944852000785632 441.3397562848528 0.0306589791196263 276209.0611198739 0.9450725807872429
1.6600000000000008 0.19957033356366394 440.67153358163455 0.031197960599062775 279213.9695797301 0.944443667844654
1.6700000000000008 0.19969291176133225 440.000360840994 0.031742836888617995 282228.456205045 0.9438118523619633
1.6800000000000008 0.19981625508388418 439.3262556839091 0.032293629121630724 285252.39320165874 0.9431771489846879
1.6900000000000008 0.19994036401622273 438.64923578020534 0.032850358208259524 288285.6527736306 0.9425395724020824
1.7000000000000008 0.20006523904511264 437.96931884769566 0.03341304483512936 291328.10705397883 0.9418991373464677
1.7100000000000009 0.20019088065916202 437.2865226513195 0.03398170946499222 294379.6281294109 0.9412558585925574
1.7200000000000009 0.20031728934880386 436.6008650022814 0.03455637233640181 297440.0881183122 0.9406097509567856
1.7300000000000009 0.2004444656062774 435.91236375718887 0.0351370534634022 300509.3591020358 0.939960829296632
1.7400000000000009 0.20057240992560949 435.22103681718977 0.03572377263523047 303587.3131713316 0.939309108509949
1.7500000000000009 0.20070112280259564 434.5269021271094 0.036316549416033406 306673.8224313165 0.9386546035342852
1.760000000000001 0.20083060473478126 433.8299776745869 0.036915403144598055 309768.75902433234 0.9379973293462116
1.770000000000001 0.20096085622144258 433.13028148921177 0.037520352934096335 312871.9951104544 0.9373373009606447
1.780000000000001 0.20109187776356754 432.4278316416595 0.0381314176718435 315983.4028948448 0.9366745334301715
1.790000000000001 0.20122366986383655 431.7226462428278 0.038748616019070536 319102.8546291392 0.9360090418443722
1.800000000000001 0.20135623302660316 431.01474344297196 0.039371966410710495 322230.2225770845 0.935340841329144
1.810000000000001 0.2014895677578747 430.30414143084056 0.04000148705519862 325365.3791574369 0.9346699470460242
1.820000000000001 0.20162367456529265 429.59085843281093 0.04063719593428637 328508.19680690445 0.9339963741915135
1.830000000000001 0.20175855395811315 428.8749127120248 0.04127911080286926 331658.5480927974 0.933320137996398
1.840000000000001 0.20189420644718709 428.15632256752417 0.04192724918882847 334816.3056011394 0.9326412537250728
1.850000000000001 0.20203063254494044 427.4351063333869 0.042581628392886275 337981.34212788485 0.9319597366748642
1.860000000000001 0.20216783276535422 426.7112823778631 0.04324226548847515 341153.53046723065 0.9312756021753527
1.870000000000001 0.20230580762394448 425.9848691025112 0.04390917732162066 344332.74362361827 0.9305888655876954
1.880000000000001 0.20244455763774222 425.25588494133507 0.04458238051083799 347518.8546719938 0.9298995423039493
1.890000000000001 0.2025840833252731 424.5243483599208 0.045261891447042124 350711.73684653116 0.9292076477463942
1.9000000000000008 0.20272438520653716 423.7902778545745 0.0459477262934717 353911.26355386723 0.9285131973668557
1.9100000000000008 0.20286546380298826 423.0536919514605 0.04663990098562636 357117.3083384786 0.9278162066460286
1.9200000000000008 0.20300731963751373 422.3146092057398 0.04733843123121777 360329.744860422 0.927116691092801
1.9300000000000008 0.20314995323441362 421.5730482007097 0.048043332510134026 363548.4470477883 0.926414666243578
1.9400000000000008 0.20329336511937998 420.8290275469436 0.04875462007441768 366773.28892033454 0.9257101476616061
1.9500000000000008 0.2034375558194761 420.0825658814321 0.049472308948257084 370004.1447351984 0.9250031509362979
1.9600000000000009 0.20358252586311548 419.3336818667244 0.05019641392799124 373240.888963423 0.9242936916825578
1.9700000000000009 0.2037282757800409 418.582394190071 0.05092694958212794 376483.3961983819 0.9235817855401072
1.9800000000000009 0.20387480610130326 417.828721562567 0.05166393025137527 379731.5413330702 0.9228674481728111
1.9900000000000009 0.20402211735924033 417.07268271829673 0.052407370048686404 382985.1994330089 0.9221506952680047
2.000000000000001 0.20417021008745553 416.3142964134791 0.053157282859317596 386244.2458158604 0.9214315425358214
2.010000000000001 0.20431908482079644 415.5535814256142 0.05391368234089941 389508.55605048506 0.9207100057085204
2.020000000000001 0.2044687420953333 414.79055655263113 0.054676581923521074 392778.0059512693 0.9199861005398157
2.0300000000000007 0.2046191824483375 414.02524061203707 0.055445994809827946 396052.4715354075 0.9192598428042059
2.040000000000001 0.2047704064182597 413.2576524400674 0.056221933975132046 399331.8290987613 0.9185312482963047
2.0500000000000007 0.20492241454470822 412.4878108908374 0.05700441216753558 402615.95524756535 0.9178003328301719
2.060000000000001 0.2050752073684271 411.71573483549537 0.05779344190806743 405904.72678414144 0.9170671122386455
2.0700000000000007 0.20522878543127412 410.94144316137675 0.05858903549083255 409198.0208986411 0.916331602372675
2.080000000000001 0.2053831492761987 410.1649547711604 0.05939120498317424 412495.71500170825 0.9155938191006554
2.0900000000000007 0.2055382994472197 409.38628858202605 0.06019996222584918 415797.68682654784 0.9148537783077622
2.100000000000001 0.20569423648940333 408.6054635248132 0.06101531883321528 419103.8144324143 0.9141114958952873
2.1100000000000008 0.20585096094884062 407.82249854318223 0.061837286193432164 422413.9761228331 0.9133669877799764
2.120000000000001 0.20600847337262507 407.03741259277666 0.06266587546867435 425728.0506474574 0.9126202698933673
2.130000000000001 0.20616677430883007 406.2502246403876 0.06350109759535695 429045.91693331423 0.9118713581811293
2.140000000000001 0.20632586430648636 405.4609536631199 0.06434296328437401 432367.45434344397 0.9111202686024038
2.150000000000001 0.2064857439155592 404.66961864755984 0.06519148302134922 435692.5425395305 0.9103670171291466
2.160000000000001 0.2066464136869257 403.87623858894557 0.06604666706689906 439021.0615713534 0.9096116197454706
2.170000000000001 0.2068078741723518 403.0808324903386 0.06690852545690833 442352.89182461624 0.9088540924469907
2.180000000000001 0.20697012592446934 402.283419361798 0.06777706800281795 445687.91401034594 0.9080944512401697
2.190000000000001 0.20713316949675303 401.48401821955645 0.06865230429192501 449026.0093316711 0.9073327121416657
2.200000000000001 0.20729700544349722 400.68264808519837 0.06953424368769497 452367.05921244645 0.9065688911776806
2.210000000000001 0.2074616343197927 399.8793279848404 0.07042289533008594 455710.9455724145 0.9058030043833105
2.220000000000001 0.20762705668150333 399.0740769483141 0.07131826813588509 459057.5506628077 0.905035067801898
2.230000000000001 0.2077932730852427 398.26691400835074 0.07222037079905692 462406.7571767407 0.9042650974843848
2.240000000000001 0.20796028408835052 397.4578581997688 0.07312921179110356 465758.448154461 0.9034931094886668
2.250000000000001 0.20812809024886905 396.6469285586636 0.07404479936143679 469112.5070681486 0.9027191198789515
2.260000000000001 0.20829669212551952 395.8341441215994 0.07496714153776195 472468.81787014834 0.9019431447251153
2.270000000000001 0.20846609027767823 395.01952392480416 0.07589624612647347 475827.2648284162 0.9011652001020639
2.2800000000000007 0.20863628526535283 394.20308700336665 0.07683212071306211 479187.73276071716 0.9003853020890943
2.290000000000001 0.20880727764915824 393.3848523904364 0.0777747726625337 482550.1067914627 0.8996034667692581
2.3000000000000007 0.2089790679902928 392.5648391164259 0.07872420911983943 485914.2725321778 0.8988197102287264
2.310000000000001 0.2091516568505141 391.743066208216 0.07968043701031757 489280.1160722659 0.8980340485561583
2.3200000000000007 0.20932504479211472 390.91955268836375 0.08064346304014647 492647.5239546272 0.8972464978420687
2.330000000000001 0.20949923237789814 390.09431757431287 0.08161329369680892 496016.383181296 0.8964570741781999
2.3400000000000007 0.20967422017115428 389.2673798776074 0.08258993524956772 499386.5811582143 0.895665793656895
2.350000000000001 0.2098500087356351 388.43875860310817 0.08357339374995229 502758.0057933422 0.8948726723704723
2.3600000000000008 0.21002659863553017 387.6084727482119 0.08456367503225648 506130.5455638732 0.8940777264106028
2.370000000000001 0.21020399043544197 386.7765413020737 0.0855607847140472 509504.08925733465 0.8932809718676891
2.380000000000001 0.21038218470036132 385.9429832448323 0.0865647281966841 512878.5262544013 0.8924824248302468
2.390000000000001 0.21056118199564264 385.10781754683825 0.08757551066584995 516253.7464196846 0.8916821013842877
2.400000000000001 0.2107409828869791 384.27106316788564 0.08859313709209195 519629.64009020355 0.890880017612706
2.410000000000001 0.21092158794037774 383.4327390564466 0.08961761223137343 523006.0981501758 0.8900761895946652
2.420000000000001 0.21110299772213456 382.5928641489092 0.09064894062563647 526383.0119079262 0.8892706334049884
2.430000000000001 0.21128521279880938 381.7514573688183 0.09168712660337473 529760.2732621622 0.8884633651135512
2.440000000000001 0.2114682337372008 380.9085376261201 0.09273217428021695 533137.7745997355 0.8876544007846754
2.450000000000001 0.211652061104321 380.0641238164098 0.09378408755952063 536515.408867675 0.8868437564765266
2.460000000000001 0.21183669546737044 379.21823482018243 0.09484287013297607 539893.0694764702 0.8860314482405134
2.470000000000001 0.2120221373937126 378.37088950208744 0.09590852548122059 543270.6504037116 0.8852174921206887
2.480000000000001 0.2122083874508484 377.5221067101866 0.09698105687446278 546648.0461625903 0.8844019041531543
2.490000000000001 0.212395446206391 376.6719052752153 0.09806046737311688 550025.1517819037 0.8835847003654673
2.500000000000001 0.21258331422803997 375.8203040098473 0.099146759828447 553401.8629064062 0.8827658967760494
2.510000000000001 0.21277199208355582 374.9673217079635 0.1002399368832212 556778.075602632 0.8819455093935984
2.520000000000001 0.21296148034073428 374.1129771439238 0.10134000097237542 560153.6866253542 0.8811235542165022
2.5300000000000007 0.21315177956738052 373.25728907184276 0.10244695432368695 563528.5932359438 0.8803000472322559
2.540000000000001 0.21334289033128334 372.4002762248693 0.10356079895845763 566902.6932694198 0.8794750044168809
2.5500000000000007 0.21353481320018927 371.5419573144694 0.10468153669220645 570275.8850941738 0.8786484417343474
2.560000000000001 0.2137275487417766 370.6823510297133 0.10580916913537164 573648.0676944443 0.8778203751359986
2.5700000000000007 0.2139210975236294 369.821476036566 0.10694369769402201 577019.1405908398 0.8769908205599782
2.580000000000001 0.2141154601132113 368.95935097718194 0.10808512357057763 580389.0039024139 0.8761597939306608
2.5900000000000007 0.2143106370778395 368.0959944692031 0.10923344776453958 583757.558362264 0.8753273111580845
2.600000000000001 0.21450662898465844 367.2314251050616 0.11038867107322879 587124.7051927687 0.8744933881373866
2.6100000000000008 0.21470343640061348 366.3656614512857 0.11155079409253386 590490.3463653926 0.8736580407482426
2.620000000000001 0.2149010598924247 365.4987220478101 0.11271981721766777 593854.3842841727 0.8728212848543064
2.630000000000001 0.2150995000265603 364.63062540729004 0.11389574064393337 597216.7220417036 0.8719831363026558
2.640000000000001 0.21529875736921034 363.7613900144197 0.11507856436749754 600577.2633604561 0.8711436109232387
2.650000000000001 0.21549883248626 362.89103432525445 0.11626828818617402 603935.912441089 0.870302724528323
2.660000000000001 0.21569972594326317 362.0195767665372 0.1174649117002147 607292.5741899842 0.8694604929119504
2.670000000000001 0.21590143830541564 361.14703573502914 0.1186684343131094 610647.1540935328 0.8686169318493915
2.680000000000001 0.21610397013752855 360.2734295968443 0.11987885523239393 613999.5583010581 0.867772057096605
2.690000000000001 0.2163073220040015 359.3987766867887 0.12109617347046639 617349.6935434325 0.8669258843896994
2.700000000000001 0.21651149446879578 358.52309530770344 0.12232038784541163 620697.4671320099 0.8660784294443982
2.710000000000001 0.21671648809540756 357.64640372981205 0.12355149698183379 624042.787097752 0.8652297079555077
2.720000000000001 0.21692230344684083 356.76872019007243 0.12478949931169675 627385.5620274224 0.8643797355963884
2.730000000000001 0.21712894108558053 355.8900628915328 0.12603439307517247 630725.701124752 0.8635285280184285
2.740000000000001 0.21733640157356546 355.01045000269227 0.12728617632149716 634063.1142531577 0.862676100850522
2.750000000000001 0.21754468547216116 354.1298996568654 0.12854484690983492 637397.7118641022 0.861822469698549
2.760000000000001 0.21775379334213288 353.2484299515517 0.12981040251014928 640729.4051656004 0.860967650144859
2.770000000000001 0.21796372574361828 352.3660589478092 0.13108284060408187 644058.1059055035 0.8601116577477577
2.7800000000000007 0.21817448323610028 351.48280466963246 0.13236215848583882 647383.7265233158 0.8592545080409979
2.790000000000001 0.2183860663783797 350.5986851033353 0.13364835326308416 650706.1800153182 0.8583962165332719
2.8000000000000007 0.21859847572854796 349.713718196938 0.13494142185784064 654025.38012519 0.8575367987077085
2.810000000000001 0.2188117118439597 348.82792185955884 0.1362413610073975 657341.2411924523 0.8566762700213728
2.8200000000000007 0.21902577528120534 347.9413139608105 0.13754816726522534 660653.6782353271 0.8558146459047692
2.830000000000001 0.21924066659608363 347.0539123302008 0.13886183700189783 663962.6069121101 0.854951941761348
2.8400000000000007 0.2194563863435741 346.16573475653814 0.14018236640602025 667267.9435061059 0.8540881729670154
2.850000000000001 0.21967293507780952 345.2767989873418 0.1415097514851648 670569.6050369237 0.8532233548696462
2.8600000000000008 0.21989031335204834 344.3871227282565 0.14284398806681242 673867.5090593942 0.8523575027886006
2.870000000000001 0.22010852171864695 343.4967236424719 0.14418507179930123 677161.5739128767 0.8514906320142441
2.880000000000001 0.22032756072903206 342.605619350147 0.14553299815278137 680451.7185356016 0.8506227578074712
2.890000000000001 0.220547430933673 341.7138274278386 0.14688776242017604 683737.8625245019 0.8497538953992313
2.900000000000001 0.22076813288205385 340.8213654079355 0.14824935971814895 687019.9261699573 0.8488840599900597
2.910000000000001 0.22098966712264578 339.9282507780964 0.14961778498807782 690297.8303857838 0.848013266749611
2.920000000000001 0.22121203420287913 339.03450098069345 0.15099303299703387 693571.4968286633 0.8471415308161964
2.930000000000001 0.22143523466911552 338.1401334122602 0.15237509833876725 696840.8477195575 0.8462688672963239
2.940000000000001 0.22165926906662003 337.2451654229444 0.1537639754346984 700105.8060082132 0.8453952912642428
2.950000000000001 0.22188413793953315 336.3496143159659 0.15515965853491503 703366.2953782722 0.844520817761492
2.960000000000001 0.2221098418308429 335.45349734707895 0.15656214171917474 706622.2400805225 0.8436454617964496
2.970000000000001 0.22233638128235675 334.55683172403997 0.15797141889791327 709873.5650721708 0.8427692383438893
2.980000000000001 0.22256375683467366 333.6596346060797 0.15938748381325818 713120.1959959012 0.8418921623445379
2.990000000000001 0.22279196902715592 332.76192310338064 0.1608103300400477 716362.0591788561 0.8410142487046375
3.000000000000001 0.22302101839790114 331.8637142765592 0.162239950986855 719599.081633475 0.840135512295511
3.010000000000001 0.22325090548371407 330.9650251361529 0.1636763398970177 722831.1909973136 0.8392559679531308
3.020000000000001 0.2234816308200785 330.06587264211265 0.16511948984967198 726058.3156190565 0.8383756304776924
3.0300000000000007 0.22371319494112896 329.1662737032996 0.16656939376079227 729280.3845182162 0.8374945146331901
3.040000000000001 0.22394559837962272 328.26624517698764 0.16802604438423524 732497.3274129814 0.8366126351469974
3.0500000000000007 0.22417884166691138 327.36580386837016 0.1694894343127888 735709.0746654227 0.8357300067094502
3.060000000000001 0.22441292533291274 326.46496653007256 0.17095955597922569 738915.5573567203 0.8348466439734349
3.0700000000000007 0.22464784990608241 325.5637498616693 0.17243640165736177 742116.7071847188 0.8339625615539787
3.080000000000001 0.22488361591338568 324.6621705092061 0.1739199634631185 745312.4566266589 0.8330777740278449
3.0900000000000007 0.2251202238802691 323.7602450647273 0.17541023335558997 748502.7387715555 0.8321922959331309
3.100000000000001 0.22535767433063209 322.8579900658084 0.17690720313811417 751687.4874009542 0.8313061417688707
3.1100000000000008 0.22559596778679877 321.9554219950932 0.17841086445934828 754866.6369418681 0.8304193259946406
3.120000000000001 0.22583510476948945 321.0525572798367 0.17992120881434828 758040.1225460825 0.8295318630301685
3.130000000000001 0.22607508579779229 320.14941229145256 0.18143822754565228 761207.8800435787 0.8286437672549477
3.140000000000001 0.22631591138913495 319.2460033450659 0.18296191184436783 764369.8460034447 0.8277550530078537
3.150000000000001 0.2265575820592561 318.3423466990713 0.18449225275126305 767525.9575702108 0.8268657345867652
3.160000000000001 0.2268000983221771 317.43845855469567 0.18602924115786126 770676.1525766256 0.8259758262481884
3.170000000000001 0.22704346069017348 316.53435505556655 0.18757286780753946 773820.3695836174 0.8250853422068858
3.180000000000001 0.2272876696737465 315.6300522872853 0.18912312329662997 776958.5478419516 0.8241942966355078
3.190000000000001 0.2275327257815948 314.7255662770057 0.19067999807552574 780090.627233447 0.823302703664229
3.200000000000001 0.22777862952058583 313.82091299301754 0.19224348244978873 783216.5483493914 0.8224105773803878
3.210000000000001 0.22802538139572745 312.91610834433516 0.19381356658126161 786336.2524404685 0.82151793182813
3.220000000000001 0.22827298191013942 312.01116818029175 0.19539024048918258 789449.6814683592 0.8206247810080559
3.230000000000001 0.22852143156502494 311.10610829013825 0.19697349405130302 792556.7780258288 0.8197311388768714
3.240000000000001 0.22877073085964217 310.20094440264774 0.19856331700500815 795657.485415734 0.8188370193470434
3.250000000000001 0.22902088029127576 309.29569218572493 0.20015969894844063 798751.7476034805 0.817942436286458
3.260000000000001 0.22927188035520837 308.39036724602073 0.20176262934162656 801839.5092365129 0.8170474035180832
3.270000000000001 0.22952373154469216 307.4849851285523 0.20337209750760438 804920.7156000455 0.8161519348196357
3.2800000000000007 0.2297764343509203 306.5795613163279 0.20498809263355616 807995.3127447491 0.8152560439232502
3.290000000000001 0.23002998926299853 305.6741112299773 0.20661060377194135 811063.2473317479 0.8143597445151547
3.3000000000000007 0.2302843967679167 304.7686502273872 0.2082396198416328 814124.4666481358 0.8134630502353472
3.310000000000001 0.2305396573505202 303.8631936033417 0.2098751296290552 817178.9187072575 0.8125659746772782
3.3200000000000007 0.23079577149348163 302.9577565891684 0.21151712178932536 820226.5522013978 0.8116685313875363
3.330000000000001 0.2310527396772722 302.0523543523893 0.21316558484739492 823267.3164681258 0.8107707338655368
3.3400000000000007 0.23131056238013334 301.147001996377 0.21482050719919468 826301.1615121725 0.8098725955632158
3.350000000000001 0.23156924007804833 300.24171456001636 0.21648187711278097 829328.038026016 0.8089741298847273
3.3600000000000008 0.23182877324471374 299.3365070173708 0.21814968272948382 832347.89729296 0.8080753501861433
3.370000000000001 0.23208916235151109 298.43139427735446 0.2198239120650567 835360.6913277798 0.8071762697751597
3.380000000000001 0.23235040786747843 297.526391183409 0.2215045530108279 838366.3728188234 0.8062769019108039
3.390000000000001 0.23261251025928192 296.6215125131858 0.22319159333485342 841364.8950592029 0.8053772598031486
3.400000000000001 0.23287546999118747 295.7167729782337 0.22488502068307134 844356.2120191174 0.8044773566130266
3.410000000000001 0.23313928752503235 294.8121872236911 0.22658482258045734 847340.2783554367 0.8035772054517522
3.420000000000001 0.2334039633201969 293.9077698279843 0.22829098643218157 850317.0493480222 0.8026768193808448
3.430000000000001 0.23366949783357613 293.00353530252977 0.23000349952476662 853286.4809503938 0.8017762114117568
3.440000000000001 0.23393589151955146 292.0994980914429 0.23172234902724656 856248.5297350471 0.8008753945056053
3.450000000000001 0.23420314482996246 291.195672571251 0.2334475219923269 859203.1529539047 0.799974381572908
3.460000000000001 0.23447125821407847 290.29207305061175 0.2351790053575455 862150.3085197307 0.799073185473322
3.470000000000001 0.23474023211857048 289.3887137700369 0.23691678594643406 865089.9549353512 0.7981718190153877
3.480000000000001 0.23501006698748286 288.48560890162094 0.23866085046968066 868022.0513823715 0.7972702949562755
3.490000000000001 0.23528076326220515 287.58277254877527 0.24041118552629254 870946.5577079875 0.7963686260015372
3.500000000000001 0.23555232138144394 286.68021874596684 0.24216777760475958 873863.434348184 0.7954668248048602
3.510000000000001 0.23582474178119472 285.77796145846264 0.24393061308421826 876772.6424161395 0.7945649039678262
3.520000000000001 0.23609802489471374 284.87601458207894 0.2456996782356158 879674.1436699376 0.793662876039674
3.5300000000000007 0.23637217115248993 283.9743919429356 0.24747495922287477 882567.9004372477 0.7927607535170653
3.540000000000001 0.23664718098221693 283.0731072972157 0.24925644210405762 885453.8757571698 0.7918585488438554
3.5500000000000007 0.236923054808765 282.17217433093015 0.2510441128325316 888332.0332449673 0.790956274410866
3.560000000000001 0.23719979305415306 281.27160665968734 0.25283795725813335 891202.3371701308 0.790053942555664
3.5700000000000007 0.2374773961375208 280.371417828468 0.2546379611283338 894064.752415865 0.789151565562342
3.580000000000001 0.2377558644751007 279.471621311405 0.25644411008940254 896919.2444782724 0.7882491556613044
3.5900000000000007 0.23803519848019014 278.5722305115682 0.25825638968757225 899765.7795112936 0.7873467250290558
3.600000000000001 0.23831539856312373 277.6732587607545 0.2600747853702025 902604.3242633849 0.7864442857879942
3.6100000000000008 0.2385964651312453 276.77471931928284 0.2618992824869435 905434.8460477184 0.7855418500062075
3.620000000000001 0.23887839858888035 275.8766253757941 0.263729866290899 908257.3128997771 0.7846394296972737
3.630000000000001 0.23916119933730823 274.97899004705624 0.2655665219397889 911071.6933592606 0.7837370368200658
3.640000000000001 0.23944486777473448 274.0818263777742 0.2674092344971111 913877.9566786239 0.7828346832785584
3.650000000000001 0.2397294042962633 273.1851473404049 0.2692579889333026 916676.0725945025 0.7819323809216405
3.660000000000001 0.2400148092938699 272.28896583497743 0.2711127701268997 919466.0115613863 0.7810301415429304
3.670000000000001 0.24030108315637297 271.39329468891765 0.27297356286569774 922247.7445508965 0.7801279768805948
3.680000000000001 0.2405882262694073 270.4981466568783 0.2748403518479092 925021.2431737689 0.7792258986171717
3.690000000000001 0.24087623901539623 269.6035344205738 0.27671312168332146 927786.4796511919 0.7783239183793973
3.700000000000001 0.24116512177352442 268.7094705886197 0.27859185689445276 930543.4267300303 0.7774220477380354
3.710000000000001 0.24145487491971043 267.8159676963777 0.28047654191770754 933292.057816671 0.7765202982077124
3.720000000000001 0.24174549882657947 266.92303820580486 0.28236716110453025 936032.3468608587 0.7756186812467544
3.730000000000001 0.24203699386343625 266.030694505308 0.28426369872255774 938764.2684212544 0.7747172082570283
3.740000000000001 0.24232936039623773 265.13894890960313 0.28616613895677045 941487.7976237333 0.7738158905837875
3.750000000000001 0.24262259878756612 264.24781365957915 0.28807446591064184 944202.9101788886 0.7729147395155199
3.760000000000001 0.24291670939660176 263.35730092216716 0.2899886636072864 946909.5823853072 0.7720137662838009
3.770000000000001 0.24321169257909625 262.46742279021373 0.29190871599060625 949607.791089809 0.7711129820631483
3.7800000000000007 0.24350754868734545 261.5781912823597 0.2938346069264353 952297.5137150984 0.770212397970883
3.790000000000001 0.2438042780701626 260.6896183429231 0.29576632020368265 954978.7282644791 0.7693120250669919
3.8000000000000007 0.2441018810728517 259.8017158417875 0.29770383953547314 957651.4132969696 0.7684118743539938
3.810000000000001 0.2444003580371805 258.91449557429434 0.29964714856028657 960315.5479009118 0.7675119567768114
3.8200000000000007 0.24469970930135415 258.02796926114064 0.30159623084309484 962971.1118345066 0.7666122832226436
3.830000000000001 0.24499993519998842 257.14214854828094 0.30355106987649677 965618.085227496 0.7657128645208447
3.8400000000000007 0.2453010360640832 256.25704500683423 0.30551164908185113 968256.4489203475 0.764813711442804
3.850000000000001 0.24560301222099618 255.37267013299527 0.30747795181040716 970886.1842135129 0.7639148347018314
3.8600000000000008 0.24590586399441627 254.4890353479508 0.3094499613444329 973507.2730351981 0.7630162449530455
3.870000000000001 0.24620959170433745 253.60615199780008 0.31142766089834145 976119.69773481 0.762117952793265
3.880000000000001 0.24651419566703245 252.72403135348034 0.31341103361981426 978723.4413365095 0.7612199687609041
3.890000000000001 0.24681967619502662 251.84268461069652 0.31540006259092257 981318.4872720367 0.7603223033358713
3.900000000000001 0.24712603359707186 250.96212288985578 0.3173947308292458 983904.8195555516 0.7594249669394711
3.910000000000001 0.2474332681781206 250.08235723600635 0.3193950212889877 986482.4227521346 0.758527969934311
3.920000000000001 0.24774138023929992 249.20339861878105 0.32140091686208966 989051.2820252024 0.7576313226242088
3.930000000000001 0.24805037007788558 248.32525793234524 0.3234124003793412 991611.3829028783 0.7567350352541067
3.940000000000001 0.24836023798727638 247.44794599534916 0.325429454611488 994162.7114474146 0.7558391180099864
3.950000000000001 0.24867098425696843 246.57147355088486 0.3274520622703365 996705.2543474365 0.7549435810187888
3.960000000000001 0.24898260917252954 245.69585126644745 0.32948020600985645 999238.9987765194 0.7540484343483369
3.970000000000001 0.24929511301557372 244.8210897339007 0.3315138684272794 1001763.932352664 0.753153688007262
3.980000000000001 0.24960849606373575 243.94719946944718 0.3335530320641953 1004280.0433135442 0.7522593519449332
3.990000000000001 0.24992275859064583 243.07419091360262 0.3355976794076449 1006787.3202169026 0.7513654360513902
4.000000000000001 0.2502379008659043 242.2020744311746 0.3376477928912099 1009285.7522902666 0.7504719501572793
4.010000000000001 0.25055392315505653 241.33086031124563 0.3397033548960993 1011775.3292153052 0.7495789040337939
4.020000000000001 0.25087082571956787 240.4605587671604 0.34176434775223286 1014256.0410682777 0.7486863073926167
4.030000000000001 0.2511886088167985 239.5911799365174 0.34383075373932087 1016727.8785771842 0.7477941698858654
4.040000000000001 0.25150727269997875 238.72273388116463 0.3459025550879408 1019190.8327839336 0.7469025011060435
4.050000000000001 0.25182681761818415 237.8552305871997 0.34797973398061055 1021644.8953630017 0.7460113105859919
4.0600000000000005 0.2521472438163108 236.98867996497395 0.3500622725528579 1024090.0583848781 0.7451206077988451
4.070000000000001 0.2524685515350508 236.12309184910077 0.3521501528942867 1026526.3144303251 0.7442304021579906
4.080000000000001 0.25279074101086774 235.25847599846807 0.35424335704963944 1028953.656525257 0.7433407030170313
4.090000000000001 0.2531138124759721 234.3948420962549 0.35634186701985593 1031372.078120115 0.7424515196697505
4.1000000000000005 0.2534377661582972 233.53219974995207 0.35844566476312856 1033781.5732083864 0.7415628613500818
4.110000000000001 0.253762602281475 232.67055849138683 0.3605547321959535 1036182.1362721997 0.7406747372320797
4.120000000000001 0.2540883210648117 231.80992777675158 0.3626690511941786 1038573.7621138523 0.7397871564298955
4.130000000000001 0.25441492272326405 230.9503169866367 0.36478860359404663 1040956.446129773 0.7389001279977552
4.140000000000001 0.2547424074674153 230.09173542606712 0.36691337119323547 1043330.1840773808 0.7380136609299413
4.150000000000001 0.25507077550345136 229.23419232454305 0.36904333575189374 1045694.9722011262 0.7371277641607762
4.160000000000001 0.2554000270331374 228.37769683608457 0.3711784789936727 1048050.8071786672 0.7362424465646105
4.170000000000001 0.255730162253794 227.52225803928 0.373318782606754 1050397.6861412842 0.735357716955813
4.180000000000001 0.25606118135827377 226.6678849373383 0.3754642282448734 1052735.6066402374 0.7344735840887646
4.190000000000001 0.2563930845349379 225.81458645814527 0.37761479752834026 1055064.56661789 0.7335900566578549
4.200000000000001 0.2567258719676332 224.9623714543234 0.3797704720450529 1057384.5645377755 0.7327071432974812
4.210000000000001 0.2570595438356686 224.11124870329573 0.3819312333515097 1059695.599216315 0.7318248525820514
4.220000000000001 0.2573941003137925 223.26122690735332 0.38409706297381596 1061997.669928162 0.73094319302599
4.230000000000001 0.2577295415721696 222.41231469372656 0.38626794240868634 1064290.7763484954 0.7300621730837453
4.240000000000001 0.25806586777635815 221.56452061465998 0.3884438531244431 1066574.9185843447 0.7291818011498025
4.250000000000001 0.2584030790872875 220.717853147491 0.39062477656200956 1068850.0971187642 0.728302085558696
4.260000000000001 0.2587411756612352 219.8723206947321 0.39281069413589986 1071116.3129276768 0.7274230345850283
4.270000000000001 0.25908015764980497 219.02793158415668 0.3950015872352033 1073373.5672598456 0.7265446564434888
4.280000000000001 0.259420025199904 218.1846940688885 0.39719743722456474 1075621.8618399254 0.7256669592888774
4.290000000000001 0.25976077845372103 217.34261632749474 0.3993982254451604 1077861.1987731396 0.72478995121613
4.300000000000001 0.26010241754870417 216.5017064640825 0.40160393321566884 1080091.580572589 0.723913640260347
4.3100000000000005 0.26044494261753903 215.6619725083988 0.40381454183323734 1082313.01017059 0.7230380343968245
4.320000000000001 0.2607883537881268 214.82342241593412 0.4060300325744438 1084525.4908280184 0.7221631415410883
4.330000000000001 0.2611326511835627 213.98606406802926 0.4082503866962537 1086729.0262003366 0.7212889695489313
4.340000000000001 0.2614778349221143 213.14990527198577 0.4104755854369722 1088923.620311535 0.7204155262164522
4.3500000000000005 0.2618239051172 212.31495376117957 0.412705610017192 1091109.277604267 0.7195428192800988
4.360000000000001 0.26217086187736804 211.4812171951781 0.41494044164073574 1093286.0028599943 0.7186708564167117
4.370000000000001 0.26251870530627497 210.64870315986064 0.4171800614955937 1095453.8012296252 0.7177996452435729
4.380000000000001 0.26286743550266484 209.81741916754206 0.419424450754857 1097612.6782277848 0.7169291933184558
4.390000000000001 0.26321705256034816 208.98737265709968 0.4216735905776453 1099762.6397461994 0.7160595081396783
4.400000000000001 0.2635675565681812 208.15857099410348 0.42392746211003 1101903.6920132649 0.7151905971461576
4.410000000000001 0.26391894761004525 207.33102147094948 0.42618604648595226 1104035.8416058042 0.7143224677174691
4.420000000000001 0.26427122576482615 206.5047313069962 0.42844932482813586 1106159.0954536705 0.7134551271739069
4.430000000000001 0.2646243911063939 205.67970764870444 0.43071727824899525 1108273.4608575688 0.7125885827765468
4.440000000000001 0.26497844370358253 204.85595756977995 0.4329898878515385 1110378.9454609675 0.7117228417273116
4.450000000000001 0.2653333836201698 204.03348807131934 0.435267134730265 1112475.5572226038 0.710857911169041
4.460000000000001 0.26568921091485737 203.21230608195904 0.4375489999720581 1114563.3044392637 0.7099937981855603
4.470000000000001 0.26604592564125096 202.3924184580271 0.43983546465707246 1116642.1957350348 0.7091305098017551
4.480000000000001 0.26640352784784066 201.5738319836982 0.44212650985961655 1118712.2400700133 0.708268052983646
4.490000000000001 0.26676201757798135 200.75655337115148 0.4444221166490296 1120773.4467407328 0.7074064346384679
4.500000000000001 0.26712139486987335 199.94058926073131 0.4467222660905534 1122825.8253422256 0.7065456616147485
4.510000000000001 0.2674816597565431 199.12594622111098 0.4490269392461989 1124869.3858112462 0.7056857407023931
4.520000000000001 0.26784281226582407 198.3126307494593 0.45133611717560745 1126904.1383762758 0.7048266786327693
4.530000000000001 0.2682048524203379 197.50064927160986 0.4536497809369068 1128930.093598582 0.7039684820787934
4.540000000000001 0.26856778023747546 196.69000814223335 0.45596791158756145 1130947.2622992762 0.703111157655022
4.550000000000001 0.26893159572937814 195.88071364501238 0.4582904901852184 1132955.6556766059 0.7022547119177431
4.5600000000000005 0.2692962989029194 195.07277199281927 0.4606174977885465 1134955.285162323 0.7013991513650708
4.570000000000001 0.26966188975968647 194.26618932789634 0.4629489154580712 1136946.1625205076 0.7005444824370421
4.580000000000001 0.27002836829596194 193.46097172203912 0.4652847242570036 1138928.2998107246 0.6996907115157158
4.590000000000001 0.2703957345027059 192.6571251767819 0.4676249052520639 1140901.709346016 0.6988378449252737
4.6000000000000005 0.2707639883655377 191.8546556235862 0.4699694395142996 1142866.4037668863 0.6979858889321233
4.610000000000001 0.2711331298647186 191.05356892403168 0.47231830811989817 1144822.395978165 0.697134849745005
4.620000000000001 0.2715031589751337 190.2538708700095 0.4746714921509942 1146769.699171207 0.6962847335150975
4.630000000000001 0.27187407566627486 189.45556718391845 0.4770289726964711 1148708.3267827306 0.6954355463361295
4.640000000000001 0.27224587990222315 188.65866351886328 0.4793907308527571 1150638.2925459354 0.6945872942444906
4.650000000000001 0.2726185716416317 187.86316545885583 0.48175674772461574 1152559.6104877512 0.6937399832193456
4.660000000000001 0.27299215083770895 187.06907851901826 0.4841270044259312 1154472.294873686 0.6928936191827502
4.670000000000001 0.2733666174382014 186.27640814578885 0.4865014820804873 1156376.360207611 0.6920482079997696
4.680000000000001 0.2737419713853773 185.4851597171302 0.4888801618227417 1158271.821291818 0.6912037554785981
4.690000000000001 0.27411821261600994 184.69533854273956 0.49126302479859363 1160158.6931827224 0.6903602673706819
4.700000000000001 0.27449534106136125 183.90694986426178 0.493650052166147 1162036.9911600894 0.689517749370842
4.710000000000001 0.2748733566471657 183.11999885550424 0.4960412250964671 1163906.7307657413 0.6886762071174016
4.720000000000001 0.27525225929361424 182.33449062265416 0.49843652477433187 1165767.9278101681 0.687835646192313
4.730000000000001 0.27563204891533827 181.55043020449816 0.5008359323989777 1167620.5983032975 0.686996072121288
4.740000000000001 0.2760127254213941 180.76782257264387 0.5032394291848393 1169464.7585009704 0.6861574903739296
4.750000000000001 0.27639428871524735 179.9866726317438 0.505646996362284 1171300.424927286 0.6853199063638656
4.760000000000001 0.2767767386947575 179.20698521972133 0.5080586151783406 1173127.6143295874 0.6844833254488839
4.770000000000001 0.27716007525216263 178.42876510799866 0.5104742668974219 1174946.343658803 0.68364775293107
4.780000000000001 0.2775442982740644 177.65201700172693 0.5128939328020424 1176756.630115719 0.6828131940569462
4.790000000000001 0.2779294076414132 176.87674554001848 0.5153175941935294 1178558.491102676 0.6819796540176124
4.800000000000001 0.27831540322949344 176.10295529618074 0.5177452323927291 1180351.9442423456 0.6811471379488884
4.8100000000000005 0.2787022849079087 175.33065077795248 0.5201768287407061 1182137.0073989495 0.680315650931459
4.820000000000001 0.2790900525405677 174.55983642774183 0.5226123645994387 1183913.698644971 0.6794851979910197
4.830000000000001 0.27947870598566976 173.7905166228661 0.5250518213525066 1185682.0362488441 0.6786557840984244
4.840000000000001 0.27986824509569097 173.0226956757937 0.527495180405774 1187442.0386866096 0.6778274141698352
4.8500000000000005 0.28025866971737023 172.25637783438765 0.5299424231880671 1189193.724631052 0.6770000930668733
4.860000000000001 0.2806499796916954 171.49156728215112 0.5323935311518445 1190937.1129505173 0.676173825596772
4.870000000000001 0.28104217485388994 170.7282681384747 0.5348484857738641 1192672.2227558438 0.6753486165125309
4.880000000000001 0.28143525503339933 169.9664844588853 0.5373072685558418 1194399.0732892246 0.6745244705130718
4.890000000000001 0.281829220053878 169.2062202352969 0.5397698610251058 1196117.6840146685 0.673701392243397
4.900000000000001 0.2822240697331762 168.447479396263 0.5422362447352455 1197828.0746045131 0.6728793862947469
4.910000000000001 0.28261980388332725 167.69026580723056 0.5447064012667532 1199530.2648879972 0.6720584572047623
4.920000000000001 0.28301642231053475 166.93458327079588 0.5471803122276615 1201224.2748724462 0.6712386094576456
4.930000000000001 0.28341392481516003 166.1804355269618 0.5496579592541738 1202910.1247607835 0.6704198474843243
4.940000000000001 0.2838123111917099 165.42782625339652 0.55213932401129 1204587.8349237323 0.6696021756626167
4.950000000000001 0.28421158122882445 164.67675906569414 0.5546243881934254 1206257.4258954925 0.6687855983173981
4.960000000000001 0.284611734709265 163.9272375176365 0.557113133525025 1207918.9183982231 0.6679701197207686
4.970000000000001 0.2850127714099023 163.1792651014567 0.5596055417611708 1209572.333316095 0.6671557440922229
4.980000000000001 0.2854146911017049 162.43284524810386 0.5621015946881845 1211217.6916784658 0.6663424755988203
4.990000000000001 0.28581749354972785 161.68798132750945 0.5646012741242237 1212855.0147106943 0.665530318355358
5.000000000000001 0.286221178513101 160.94467664885505 0.567104561919872 1214484.3237570403 0.664719276424543
5.010000000000001 0.2866257457450183 160.20293446084136 0.569611439958725 1216105.6403382795 0.6639093538171682
5.020000000000001 0.28703119499272656 159.46275795195865 0.5721218901579684 1217718.986128807 0.6631005544922877
5.030000000000001 0.28743752599751493 158.72415025075836 0.574635894468952 1219324.3829548978 0.6622928823573944
5.040000000000001 0.2878447384947042 157.98711442612623 0.5771534348777569 1220921.8527807854 0.6614863412685983
5.050000000000001 0.28825283221363646 157.25165348755647 0.5796744934057578 1222511.417704883 0.6606809350308069
5.0600000000000005 0.2886618068776647 156.51777038542724 0.582199052110179 1224093.0999935942 0.6598766673979058
5.070000000000001 0.289071662204143 155.7854680112774 0.5847270930846444 1225666.922028213 0.6590735420729409
5.080000000000001 0.28948239790441654 155.05474919808418 0.5872585984597233 1227232.906335723 0.658271562708302
5.090000000000001 0.28989401368381207 154.3256167205423 0.5897935504034683 1228791.075574461 0.6574707329059073
5.1000000000000005 0.29030650924162815 153.59807329534405 0.592331931121949 1230341.4525065443 0.6566710562173892
5.110000000000001 0.290719884271126 152.87212158146036 0.5948737228597801 1231884.0600666017 0.655872536144281
5.120000000000001 0.29113413845952035 152.1477641804231 0.5974189079006424 1233418.9213037265 0.655075176138205
5.130000000000001 0.29154927148797055 151.42500363660832 0.5999674685677998 1234946.059380088 0.6542789796010609
5.140000000000001 0.2919652830315716 150.70384243752054 0.6025193872246095 1236465.4975547288 0.6534839498852165
5.150000000000001 0.29238217275934575 149.98428301407787 0.6050746462750269 1237977.259228102 0.6526900902936992
5.160000000000001 0.29279994033423395 149.26632774089836 0.607633228164105 1239481.3679170394 0.6518974040803864
5.170000000000001 0.2932185854130877 148.5499789365869 0.6101951153784879 1240977.8472642237 0.6511058944502006
5.180000000000001 0.2936381076466611 147.8352388640234 0.6127602904468988 1242466.7209832307 0.650315564559302
5.190000000000001 0.2940585066796027 147.1221097306515 0.6153287359406224 1243948.0129053772 0.6495264175152843
5.200000000000001 0.2944797821504481 146.41059368876824 0.6179004344739816 1245421.7469725232 0.6487384563773704
5.210000000000001 0.29490193369161244 145.70069283581478 0.6204753687048085 1246887.947239531 0.6479516841566093
5.220000000000001 0.29532496092938276 144.9924092146674 0.6230535213349102 1248346.6378391248 0.647166103816074
5.230000000000001 0.2957488634839114 144.2857448139297 0.6256348751105288 1249797.8429956592 0.6463817182710601
5.240000000000001 0.2961736409692085 143.5807015682255 0.6282194128227957 1251241.587067028 0.6455985303892853
5.250000000000001 0.29659929299313575 142.877281358492 0.6308071173081803 1252677.8944584187 0.6448165429910898
5.260000000000001 0.2970258191573994 142.17548601227435 0.6333979714489337 1254106.7896873688 0.6440357588496377
5.270000000000001 0.2974532190575441 141.47531730402008 0.6359919581735264 1255528.2973499869 0.6432561806911183
5.280000000000001 0.29788149228294675 140.77677695537488 0.6385890604570805 1256942.4421269807 0.6424778111949501
5.290000000000001 0.2983106384168101 140.0798666354785 0.6411892613217969 1258349.2487903272 0.641700652993983
5.300000000000001 0.2987406570361574 139.38458796126142 0.643792543837376 1259748.7421824806 0.6409247086747036
5.3100000000000005 0.2991715477118264 138.69094249774204 0.6463988911214344 1261140.947215225 0.64014998077744
5.320000000000001 0.2996033100084641 137.99893175832443 0.6490082863399146 1262525.8888947363 0.6393764717965672
5.330000000000001 0.30003594348452123 137.30855720509655 0.6516207127074906 1263903.5922773285 0.638604184180714
5.340000000000001 0.30046944769224737 136.61982024912896 0.654236153487967 1265274.0825086394 0.6378331203329698
5.3500000000000005 0.30090382217768596 135.932722250774 0.6568545919946741 1266637.3848032886 0.6370632826110925
5.360000000000001 0.3013390664806695 135.24726451996534 0.6594760115908556 1267993.5244392809 0.6362946733277168
5.370000000000001 0.301775180134815 134.56344831651813 0.6621003956900527 1269342.5267429024 0.6355272947505639
5.380000000000001 0.3022121626675199 133.8812748504292 0.6647277277564825 1270684.4170994232 0.6347611491026499
5.390000000000001 0.3026500135999574 133.200745282178 0.66735799130541 1272019.2209896955 0.6339962385624973
5.400000000000001 0.30308873244707296 132.5218607230275 0.6699911699035164 1273346.9639161807 0.6332325652643451
5.410000000000001 0.3035283187175801 131.84462223532577 0.672627247169261 1274667.6714493232 0.63247013129836
5.420000000000001 0.3039687719139571 131.1690308328076 0.6752662067732381 1275981.3692072192 0.6317089387108489
5.430000000000001 0.3044100915324433 130.49508748089644 0.6779080324385286 1277288.0828575308 0.630948989504471
5.440000000000001 0.30485227706303597 129.82279309700664 0.6805527079410466 1278587.8381283265 0.6301902856384507
5.450000000000001 0.3052953279894872 129.15214855084588 0.6832002171098809 1279880.660794577 0.6294328290287907
5.460000000000001 0.3057392437893012 128.48315466471774 0.6858505438276304 1281166.5766569527 0.6286766215484868
5.470000000000001 0.3061840239337312 127.81581221382461 0.6885036720307357 1282445.611584076 0.627921665027741
5.480000000000001 0.3066296678877773 127.15012192657055 0.6911595857098044 1283717.7914577997 0.6271679612541772
5.490000000000001 0.30707617511018404 126.4860844848644 0.6938182689099317 1284983.1422233551 0.6264155119730554
5.500000000000001 0.30752354505343815 125.82370052442305 0.6964797057310161 1286241.6898461657 0.6256643188874886
5.510000000000001 0.3079717771637666 125.16297063507463 0.6991438803280696 1287493.460332953 0.6249143836586575
5.520000000000001 0.30842087088113496 124.50389536106195 0.7018107769115233 1288738.4797308312 0.6241657079060271
5.530000000000001 0.30887082563924567 123.84647520134587 0.7044803797475272 1289976.7741001672 0.623418293207564
5.540000000000001 0.3093216408655366 123.19071060990869 0.707152673158246 1291208.369536949 0.6226721410999527
5.550000000000001 0.3097733159811799 122.53660199605767 0.709827641522149 1292433.2921799696 0.6219272530788134
5.5600000000000005 0.3102258504010809 121.88414972472837 0.7125052692742956 1293651.5681822277 0.6211836305989186
5.570000000000001 0.3106792435338773 121.23335411678809 0.7151855409066151 1294863.223705097 0.6204412750744126
5.580000000000001 0.31113349478193847 120.58421544933913 0.717868440968183 1296068.2849476477 0.6197001878790285
5.590000000000001 0.3115886035413647 119.93673395602205 0.7205539540654906 1297266.7781410096 0.6189603703463069
5.6000000000000005 0.3120445692019873 119.2909098273189 0.723242064862711 1298458.7295025347 0.6182218237698147
5.610000000000001 0.31250139114736813 118.6467432108561 0.7259327580819599 1299644.1652955147 0.6174845494033638
5.620000000000001 0.31295906875479973 118.00423421170747 0.7286260185035509 1300823.111777381 0.6167485484612307
5.630000000000001 0.3134176013953056 117.36338289269688 0.7313218309662471 1301995.5952330416 0.6160138221183751
5.640000000000001 0.31387698843364054 116.72418927470082 0.7340201803675075 1303161.641947532 0.6152803715106597
5.650000000000001 0.31433722922829116 116.08665333695082 0.7367210516637276 1304321.2782215646 0.6145481977350704
5.660000000000001 0.31479832313147676 115.45077501733552 0.7394244298704772 1305474.5303663777 0.6138173018499347
5.670000000000001 0.31526026948915026 114.81655421270263 0.7421303000627315 1306621.4246991172 0.6130876848751432
5.680000000000001 0.3157230676409991 114.18399077916058 0.7448386473750992 1307761.9875242584 0.6123593477923688
5.690000000000001 0.3161867169204469 113.55308453237996 0.7475494570020444 1308896.2451901534 0.6116322915452869
5.700000000000001 0.3166512166546546 112.92383524789453 0.7502627141981052 1310024.2239978784 0.610906517039796
5.710000000000001 0.3171165661645223 112.29624266140213 0.7529784042781066 1311145.950276375 0.6101820251442376
5.720000000000001 0.3175827647646909 111.67030646906508 0.7556965126173697 1312261.4503390521 0.6094588166896171
5.730000000000001 0.31804981176354435 111.04602632781035 0.7584170246519155 1313370.7505169404 0.6087368924698238
5.740000000000001 0.3185177064632117 110.42340185562931 0.7611399258786647 1314473.8771243424 0.6080162532418514
5.750000000000001 0.3189864481595694 109.80243263187717 0.763865201855633 1315570.856467362 0.6072968997260192
5.760000000000001 0.31945603614224394 109.18311819757196 0.7665928382021214 1316661.7148385393 0.6065788326061918
5.770000000000001 0.3199264696946144 108.56545805569313 0.7693228205989027 1317746.4785323534 0.6058620525299999
5.780000000000001 0.32039774809381555 107.94945167147972 0.7720551347884027 1318825.1738383933 0.6051465601090611
5.790000000000001 0.32086987061074074 107.3350984727281 0.7747897665748783 1319897.8270168381 0.6044323559191999
5.800000000000001 0.3213428365100452 106.72239785008924 0.7775267018245896 1320964.464337117 0.6037194405006685
5.8100000000000005 0.32181664505014934 106.11134915736545 0.7802659264659689 1322025.1120232781 0.6030078143583668
5.820000000000001 0.3222912954832425 105.50195171180677 0.7830074264897847 1323079.7962981313 0.6022974779620637
5.830000000000001 0.32276678705528655 104.89420479440666 0.7857511879493019 1324128.5433747275 0.6015884317466156
5.840000000000001 0.3232431190060199 104.28810765019736 0.7884971969604367 1325171.3794547888 0.6008806761121881
5.8500000000000005 0.3237202905689614 103.68365948854458 0.791245439701909 1326208.3306961737 0.6001742114244752
5.860000000000001 0.32419830097141494 103.08085948344167 0.7939959024153884 1327239.423238283 0.5994690380149201
5.870000000000001 0.32467714943447357 102.47970677380326 0.7967485714056382 1328264.6832101666 0.5987651561809334
5.880000000000001 0.32515683517302424 101.88020046375826 0.799503433040653 1329284.136715808 0.5980625661861144
5.890000000000001 0.32563735739575256 101.28233962294227 0.8022604737517941 1330297.8098378144 0.5973612682604696
5.900000000000001 0.3261187153051477 100.68612328678947 0.8050196800339199 1331305.728605715 0.5966612626006325
5.910000000000001 0.3266009080975075 100.09155045682373 0.8077810384455116 1332307.919059277 0.5959625493700821
5.920000000000001 0.3270839349629438 99.49862010094918 0.8105445356087966 1333304.407174375 0.5952651286993628
5.930000000000001 0.32756779508538775 98.90733115374013 0.8133101582098655 1334295.2189238733 0.5945690006863023
5.940000000000001 0.3280524876425956 98.31768251673027 0.8160778929987874 1335280.3802384739 0.5938741653962307
5.950000000000001 0.3285380118061543 97.72967305870122 0.8188477267897196 1336259.9170194238 0.5931806228621983
5.960000000000001 0.32902436674148744 97.14330161597039 0.821619646461014 1337233.8551304452 0.5924883730851944
5.970000000000001 0.3295115516078616 96.55856699267805 0.8243936389553196 1338202.2203901415 0.5917974160343642
5.980000000000001 0.3299995655583922 95.97546796107387 0.8271696912796807 1339165.0386067014 0.5911077516472272
5.990000000000001 0.33048840774005034 95.39400326180251 0.8299477905056317 1340122.3355363738 0.590419379829894
6.000000000000001 0.33097807729366896 94.81417160418856 0.8327279237692882 1341074.1369010936 0.5897323004572838
6.010000000000001 0.33146857335395 94.23597166652077 0.835510078271433 1342020.4683829423 0.5890465133733402
6.020000000000001 0.3319598950494711 93.6594020963354 0.8382942412776001 1342961.355615642 0.588362018391249
6.030000000000001 0.33245204150269264 93.08446151069889 0.8410804001181539 1343896.8242074663 0.5876788152936532
6.040000000000001 0.332945011829965 92.51114849648964 0.8438685421883645 1344826.8997176234 0.5869969038328695
6.050000000000001 0.333438805141536 91.93946161067906 0.8466586549484799 1345751.6076580482 0.586316283731103
6.0600000000000005 0.33393342054155845 91.36939938061177 0.8494507259237944 1346670.9734965859 0.5856369546806635
6.070000000000001 0.3344288571280977 90.80096030428494 0.8522447427047132 1347585.0226668008 0.5849589163441788
6.080000000000001 0.3349251139931398 90.23414285062685 0.8550406929468128 1348493.7805419674 0.584282168354811
6.090000000000001 0.335422190222599 89.66894545977458 0.8578385643708994 1349397.2724580946 0.5836067103164686
6.1000000000000005 0.3359200848963265 89.10536654335075 0.860638344763062 1350295.5237085752 0.5829325418040217
6.110000000000001 0.3364187970881185 88.54340448473957 0.8634400219747228 1351188.5595288945 0.5822596623635143
6.120000000000001 0.3369183258657245 87.98305763936176 0.8662435839226844 1352076.4051027216 0.5815880715123778
6.130000000000001 0.33741867029085626 87.42432433494885 0.8690490185891727 1352959.0855718574 0.5809177687396431
6.140000000000001 0.33791982941919635 86.86720287181633 0.8718563140218771 1353836.626025711 0.5802487535061531
6.150000000000001 0.33842180230040725 86.31169152313606 0.8746654583339867 1354709.0514935337 0.5795810252447742
6.160000000000001 0.33892458797814023 85.75778853520762 0.8774764397042234 1355576.3869506344 0.5789145833606069
6.170000000000001 0.3394281854900447 85.20549212772887 0.8802892463768718 1356438.6573437755 0.5782494272311978
6.180000000000001 0.3399325938677777 84.65480049406543 0.8831038666618053 1357295.8875253957 0.5775855562067485
6.190000000000001 0.34043781213701313 84.10571180151926 0.8859202889345092 1358148.1023239759 0.5769229696103266
6.200000000000001 0.3409438393174517 83.55822419159635 0.8887385016361008 1358995.3265014074 0.5762616667380749
6.210000000000001 0.3414506744228306 83.01233578027332 0.8915584932733454 1359837.584763315 0.5756016468594197
6.220000000000001 0.34195831646093355 82.46804465826308 0.8943802524186698 1360674.9017471082 0.57494290921728
6.230000000000001 0.34246676443360086 81.92534889127958 0.8972037677101726 1361507.302041401 0.5742854530282748
6.240000000000001 0.3429760173367396 81.38424652030143 0.900029027851631 1362334.810190125 0.5736292774829312
6.250000000000001 0.34348607416033416 80.84473556183464 0.9028560216125043 1363157.4506553286 0.5729743817458908
6.260000000000001 0.34399693388845676 80.30681400817426 0.9056847378279352 1363975.2478405528 0.5723207649561162
6.270000000000001 0.3445085954992779 79.77047982766501 0.9085151653987469 1364788.2261000818 0.5716684262270973
6.280000000000001 0.3450210579650776 79.23573096496098 0.9113472932914376 1365596.4097231205 0.5710173646470564
6.290000000000001 0.3455343202522559 78.7025653412841 0.9141811105381725 1366399.8229291504 0.570367579279153
6.300000000000001 0.34604838132134424 78.1709808546818 0.917016606236772 1367198.4898801704 0.5697190691616881
6.3100000000000005 0.34656324012701667 77.64097538028342 0.9198537695506971 1367992.4346711722 0.5690718333083081
6.320000000000001 0.34707889561810107 77.11254677055567 0.9226925897090325 1368781.6813387526 0.5684258707082077
6.330000000000001 0.3475953467375908 76.58569285555697 0.9255330560064657 1369566.2538441774 0.5677811803263331
6.340000000000001 0.3481125924226563 76.06041144319083 0.9283751578032644 1370346.1760941062 0.567137761103583
6.3500000000000005 0.34863063160465685 75.53670031945795 0.93121888452525 1371121.471918839 0.5664956119570115
6.360000000000001 0.34914946320915247 75.01455724870743 0.934064225663769 1371892.1650908326 0.5658547317800275
6.370000000000001 0.34966908615591596 74.4939799738868 0.9369111707756612 1372658.2793088069 0.5652151194425963
6.380000000000001 0.35018949935894506 73.97496621679092 0.9397597094832252 1373419.838205783 0.5645767737914382
6.390000000000001 0.35071070172647484 73.45751367830988 0.9426098314741814 1374176.8653519107 0.5639396936502286
6.400000000000001 0.35123269216098996 72.94162003867567 0.945461526501632 1374929.3842408853 0.5633038778197952
6.410000000000001 0.35175546955923737 72.42728295770783 0.948314784384018 1375677.4182933965 0.5626693250783175
6.420000000000001 0.35227903281223893 71.91450007505794 0.9511695950050746 1376420.9908750749 0.5620360341815227
6.430000000000001 0.3528033808053042 71.40326901045297 0.954025948313783 1377160.12526438 0.5614040038628826
6.440000000000001 0.35332851241804347 70.89358736393754 0.9568838343243197 1377894.8446849552 0.5607732328338102
6.450000000000001 0.35385442652438065 70.38545271611497 0.9597432431160036 1378625.172270976 0.5601437197838544
6.460000000000001 0.35438112199256666 69.8788626283873 0.9626041648332402 1379351.131101122 0.5595154633808948
6.470000000000001 0.3549085976851926 69.37381464319404 0.9654665896854636 1380072.7441703407 0.5588884622713359
6.480000000000001 0.3554368524592032 68.87030628424988 0.9683305079470759 1380790.034413933 0.5582627150803008
6.490000000000001 0.3559658851659103 68.36833505678115 0.9711959099573834 1381503.024679629 0.5576382204118226
6.500000000000001 0.3564956946510067 67.86789844776118 0.9740627861205318 1382211.7377409488 0.5570149768490384
6.510000000000001 0.35702627975457973 67.36899392614447 0.9769311269054378 1382916.196319911 0.5563929829543792
6.520000000000001 0.35755763931112533 66.8716189430997 0.9798009228457186 1383616.4230354843 0.5557722372697613
6.530000000000001 0.35808977214956195 66.3757709322416 0.9826721645396194 1384312.4404477486 0.5551527383167758
6.540000000000001 0.3586226770932447 65.8814473098615 0.9855448426499379 1385004.2710417318 0.5545344845968785
6.550000000000001 0.35915635295997966 65.38864547515696 0.9884189479039472 1385691.9372244077 0.5539174745915787
6.5600000000000005 0.35969079856203817 64.89736281045995 0.9912944710933159 1386375.4613275218 0.553301706762626
6.570000000000001 0.3602260127061714 64.40759668146401 0.9941714030740262 1387054.8656063871 0.5526871795521993
6.580000000000001 0.36076199419362476 63.91934443745013 0.9970497347662896 1387730.172228715 0.5520738913830914
6.590000000000001 0.36129874182015276 63.43260341151148 0.9999294571544604 1388401.4033056335 0.5514618406588968
6.6000000000000005 0.3618362543760338 62.947370920776976 1.0028105612869473 1389068.580858319 0.5508510257641952
6.610000000000001 0.36237453064608494 62.463644266633544 1.0056930382761229 1389731.726834518 0.5502414450647368
6.620000000000001 0.36291356940967706 61.981420734947285 1.0085768792982297 1390390.86309883 0.5496330969076264
6.630000000000001 0.36345336944075 61.50069759628336 1.0114620755932864 1391046.0114459528 0.5490259796215048
6.640000000000001 0.36399392950782766 61.02147210612472 1.01434861846499 1391697.193585126 0.5484200915167328
6.650000000000001 0.3645352483740334 60.54374150508959 1.0172364992806169 1392344.4311564886 0.5478154308855716
6.660000000000001 0.36507732479710553 60.067503019147765 1.020125709470922 1392987.745710325 0.5472119960023641
6.670000000000001 0.3656201575294128 59.59275385983565 1.023016240530035 1393627.1587300638 0.5466097851237148
6.680000000000001 0.36616374531797 59.11949122447016 1.0259080840153558 1394262.691604517 0.5460087964886688
6.690000000000001 0.3667080869044539 58.6477122963613 1.028801231547447 1394894.3656566439 0.545409028318891
6.700000000000001 0.3672531810252187 58.177414245023606 1.0316956748099253 1395522.2021197309 0.5448104788188435
6.710000000000001 0.36779902641131235 57.708594226386346 1.03459140554935 1396146.2221521062 0.5442131461759623
6.720000000000001 0.36834562178849245 57.241249383002454 1.0374884155751105 1396766.4468374078 0.5436170285608343
6.730000000000001 0.36889296587724235 56.775376844256286 1.040386696759312 1397382.8971657702 0.5430221241273726
6.740000000000001 0.3694410573927874 56.31097372657012 1.0432862410366586 1397995.594056629 0.5424284310129912
6.750000000000001 0.36998989504511115 55.848037133609466 1.046187040404335 1398604.5583466664 0.5418359473387787
6.760000000000001 0.37053947753897204 55.38656415648709 1.0490890869218863 1399209.8107879763 0.5412446712096725
6.770000000000001 0.3710898035739197 54.926551873965856 1.051992372711097 1399811.3720543128 0.54065460071463
6.780000000000001 0.3716408718443115 54.46799735266031 1.0548968899558662 1400409.2627428535 0.5400657339268016
6.790000000000001 0.37219268103932934 54.01089764723706 1.0578026309020836 1401003.5033610028 0.5394780689037002
6.800000000000001 0.37274522984299646 53.55524980061386 1.0607095878575017 1401594.114340377 0.538891603687373
6.8100000000000005 0.3732985169341942 53.10105084415754 1.0636177531916073 1402181.1160271605 0.5383063363045698
6.820000000000001 0.37385254098667886 52.64829779788068 1.066527119335492 1402764.5286883996 0.5377222647669115
6.830000000000001 0.37440730066909905 52.196987670636986 1.0694376787817192 1403344.3725137038 0.5371393870710586
6.840000000000001 0.3749627946450124 51.74711746031552 1.0723494240841918 1403920.6675978596 0.5365577011988778
6.8500000000000005 0.3755190215729031 51.29868415403365 1.075262347858016 1404493.4339694576 0.5359772051176082
6.860000000000001 0.37607598010619897 50.85168472832876 1.0781764427793663 1405062.6915593892 0.5353978967800271
6.870000000000001 0.37663366889328886 50.40611614934875 1.0810917015853456 1405628.460228535 0.5348197741246143
6.880000000000001 0.3771920865775401 49.96197537304127 1.0840081170738474 1406190.75974666 0.5342428350757162
6.890000000000001 0.3777512317973161 49.51925934534177 1.0869256821034134 1406749.609807114 0.5336670775437088
6.900000000000001 0.3783111031859938 49.07796500236026 1.089844389593092 1407305.030017271 0.5330924994251596
6.910000000000001 0.37887169937198145 48.63808927056686 1.092764232522294 1407857.0399036964 0.5325190986029901
6.920000000000001 0.3794330189787363 48.19962906697612 1.0956852039306468 1408405.6589160596 0.531946872946635
6.930000000000001 0.3799950606247825 47.76258129933012 1.0986072969178486 1408950.9064077593 0.5313758203122037
6.940000000000001 0.3805578229237288 47.32694286628031 1.10153050464352 1409492.8016574453 0.530805938542638
6.950000000000001 0.38112130448428677 46.892710657568124 1.104454820327054 1410031.363861295 0.5302372254678712
6.960000000000001 0.38168550391028866 46.45988155420438 1.1073802372474664 1410566.6121347747 0.5296696789049852
6.970000000000001 0.3822504198007056 46.02845242864746 1.1103067487432425 1411098.565505638 0.5291032966583673
6.980000000000001 0.3828160507496658 45.598420144980224 1.1132343482121851 1411627.24291584 0.5285380765198662
6.990000000000001 0.38338239534647256 45.16978155908571 1.1161630291112592 1412152.6632380232 0.5279740162689464
7.000000000000001 0.38394945217562293 44.74253351882165 1.119092784956436 1412674.845246079 0.5274111136728434
7.010000000000001 0.3845172198168259 44.31667286419369 1.1220236093225369 1413193.807648558 0.5268493664867167
7.020000000000001 0.3850856968450208 43.89219642752746 1.1249554958430743 1413709.5690498305 0.5262887724538013
7.030000000000001 0.3856548818303959 43.469101033639355 1.127888438210093 1414222.1479890132 0.5257293293055618
7.040000000000001 0.386224773338407 43.047383500006156 1.1308224301740093 1414731.562913498 0.5251710347618419
7.050000000000001 0.3867953699297959 42.627040636933394 1.1337574655434492 1415237.8321936042 0.5246138865310142
7.0600000000000005 0.38736667016060927 42.208069247722506 1.1366935381850864 1415740.9741070522 0.5240578823101305
7.070000000000001 0.3879386725822173 41.79046612883678 1.139630642023478 1416241.0068629496 0.5235030197850705
7.080000000000001 0.38851137574133265 41.3742280700661 1.1425687710408998 1416737.9485756196 0.5229492966306883
7.090000000000001 0.389084778180029 40.959351854690446 1.1455079192771798 1417231.8172841587 0.5223967105109608
7.1000000000000005 0.3896588784357604 40.54583425964223 1.148448080829532 1417722.630940922 0.5218452590791327
7.110000000000001 0.39023367504137985 40.13367205566737 1.1513892498523888 1418210.4074182538 0.5212949399778624
7.120000000000001 0.3908091665251586 39.722862007485226 1.1543314205572306 1418695.164501228 0.520745750839366
7.130000000000001 0.39138535141080516 39.31340087394728 1.1572745872124175 1419176.9199007563 0.5201976892855615
7.140000000000001 0.39196222821748433 38.90528540819463 1.1602187441430174 1419655.6912390038 0.5196507529282117
7.150000000000001 0.3925397954598365 38.498512357814306 1.1631638857306343 1420131.4960564116 0.5191049393690652
7.160000000000001 0.393118051647997 38.09307846499437 1.1661100064132366 1420604.3518148581 0.518560246199999
7.170000000000001 0.3936969952876151 37.688980466677826 1.1690571006849824 1421074.2758900162 0.5180166710031578
7.180000000000001 0.3942766248798735 37.286215094715345 1.1720051630960455 1421541.2855777792 0.5174742113510944
7.190000000000001 0.39485693892150786 36.88477907601681 1.1749541882524404 1422005.398092154 0.516932864806908
7.200000000000001 0.39543793590482584 36.48466913270166 1.1779041708158453 1422466.6305623406 0.5163926289243821
7.210000000000001 0.39601961431772703 36.08588198224806 1.1808551055034264 1422925.0000423389 0.515853501248122
7.220000000000001 0.39660197264372216 35.6884143376409 1.1838069870876593 1423380.5234993277 0.5153154793136909
7.230000000000001 0.3971850093619527 35.292262907518605 1.1867598103961507 1423833.2178218935 0.5147785606477455
7.240000000000001 0.3977687229472106 34.89742439631878 1.1897135703114592 1424283.0998126685 0.5142427427681706
7.250000000000001 0.3983531118699577 34.50389550442269 1.192668261770915 1424730.1861941563 0.5137080231842129
7.260000000000001 0.3989381745963457 34.11167292829853 1.1956238797664398 1425174.4936135164 0.5131743993966147
7.270000000000001 0.3995239095882355 33.72075336064364 1.1985804193443645 1425616.038633124 0.5126418688977454
7.280000000000001 0.4001103153032175 33.33113349052541 1.2015378756052482 1426054.8377297663 0.5121104291717331
7.290000000000001 0.4006973901946308 32.942810003521146 1.204496243703694 1426490.9073087643 0.5115800776945959
7.300000000000001 0.4012851327115834 32.55577958185673 1.2074555188481668 1426924.2636855892 0.5110508119343707
7.3100000000000005 0.40187354129897196 32.17003890454416 1.2104156963008086 1427354.9230969308 0.5105226293512433
7.320000000000001 0.40246261439750164 31.785584647517883 1.2133767713772539 1427782.9017083289 0.5099955273976756
7.330000000000001 0.4030523504437062 31.40241348377007 1.216338739446444 1428208.215596572 0.5094695035185339
7.340000000000001 0.40364274786996773 31.020522083484664 1.219301595930442 1428630.880758741 0.5089445551512152
7.3500000000000005 0.4042338051045369 30.639907114170374 1.2222653363042455 1429050.913116186 0.5084206797257727
7.360000000000001 0.40482552057155263 30.260565240792456 1.2252299560956 1429468.3285044811 0.5078978746650409
7.370000000000001 0.4054178926910626 29.882493125903437 1.228195450884811 1429883.142687532 0.5073761373847603
7.380000000000001 0.40601091987904286 29.50568742977266 1.2311618163045563 1430295.3713394455 0.5068554652937005
7.390000000000001 0.4066046005474182 29.13014481051474 1.2341290480396974 1430705.030066171 0.5063358557937825
7.400000000000001 0.40719893310408234 28.755861924216877 1.2370971418270897 1431112.1343880524 0.5058173062802009
7.410000000000001 0.4077939159529178 28.382835425065085 1.240066093455394 1431516.6997450418 0.5052998141415449
7.420000000000001 0.40838954749381634 28.01106196546928 1.2430358987648857 1431918.7415072874 0.504783376759918
7.430000000000001 0.408985826122699 27.640538196187286 1.246006553647265 1432318.274956062 0.5042679915110582
7.440000000000001 0.40958275023153645 27.27126076644772 1.2489780540454656 1432715.3153009638 0.5037536557644559
7.450000000000001 0.41018031820836914 26.9032263240718 1.2519503959534628 1433109.8776674613 0.5032403668834723
7.460000000000001 0.41077852843732754 26.536431515594025 1.2549235754160832 1433501.9771090967 0.5027281222254562
7.470000000000001 0.4113773792986525 26.17087298638181 1.2578975885288115 1433891.62859855 0.5022169191418601
7.480000000000001 0.41197686916871545 25.806547380754 1.2608724314375988 1434278.8470327044 0.5017067549783558
7.490000000000001 0.41257699642003887 25.443451342098317 1.263848100338669 1434663.6472307544 0.5011976270749493
7.500000000000001 0.41317775942131646 25.08158151298772 1.2668245914783265 1435046.0439318898 0.5006895327660943
7.510000000000001 0.4137791565374336 24.72093453529571 1.2698019011527621 1435426.0517998773 0.5001824693808056
7.520000000000001 0.4143811861294875 24.361507050310543 1.2727800257078596 1435803.6854236764 0.4996764342427713
7.530000000000001 0.4149838465548079 24.003295698848397 1.2757589615390017 1436178.9593152332 0.4991714246704644
7.540000000000001 0.4155871361669773 23.646297121365475 1.2787387050908754 1436551.8879069334 0.49866743797725355
7.550000000000001 0.4161910533158511 23.290507958069032 1.2817192528572776 1436922.4855556705 0.4981644714715132
7.5600000000000005 0.4167955963475785 22.93592484902739 1.2847006013809203 1437290.7665497027 0.4976625224567325
7.570000000000001 0.4174007636046225 22.58254443427887 1.2876827472532355 1437656.7450910034 0.49716158823162393
7.580000000000001 0.4180065534257806 22.23036335393969 1.2906656871141795 1438020.435311026 0.4966616660902312
7.590000000000001 0.4186129641462049 21.879378248310847 1.2936494176520374 1438381.8512664202 0.4961627533220362
7.6000000000000005 0.41921999409742294 21.529585757983934 1.2966339356032281 1438741.0069366926 0.4956648472120643
7.610000000000001 0.4198276416073579 21.18098252394595 1.2996192377521074 1439097.9162303938 0.4951679450409908
7.620000000000001 0.42043590500034905 20.833565187683075 1.3026053209307722 1439452.5929750858 0.49467204408524523
7.630000000000001 0.4210447825971723 20.487330391283425 1.3055921820188645 1439805.05092987 0.4941771416171149
7.640000000000001 0.42165427271506056 20.142274777538805 1.3085798179433745 1440155.3037765452 0.4936832349048482
7.650000000000001 0.4222643736677243 19.798394990045438 1.3115682256784447 1440503.3651233006 0.4931903212127573
7.660000000000001 0.4228750837653718 19.455687673303686 1.3145574022451725 1440849.2485089914 0.49269839780131897
7.670000000000001 0.4234864013147299 19.114149472816788 1.3175473447114137 1441192.9673901852 0.49220746192727627
7.680000000000001 0.4240983246190643 18.77377703518858 1.3205380501915858 1441534.5351601832 0.49171751084373816
7.690000000000001 0.42471085197819997 18.43456700822024 1.3235295158464704 1441873.965132266 0.4912285418002791
7.700000000000001 0.42532398168854163 18.09651604100604 1.3265217388830166 1442211.2705464566 0.49074055204303746
7.710000000000001 0.42593771204309433 17.759620784028108 1.329514716554144 1442546.4645776483 0.49025353881481315
7.720000000000001 0.4265520413314838 17.42387788925023 1.3325084461585452 1442879.560317527 0.4897674993551657
7.730000000000001 0.4271669678399767 17.089284010210676 1.3355029250404884 1443210.5707956504 0.4892824309005096
7.740000000000001 0.4277824898515015 16.755835802114028 1.3384981505896205 1443539.5089671612 0.4887983306842104
7.750000000000001 0.42839860564566856 16.423529921922103 1.3414941202407697 1443866.3877132968 0.4883151959366797
7.760000000000001 0.42901531349879063 16.092363028443867 1.3444908314737483 1444191.219844537 0.48783302388546923
7.770000000000001 0.4296326116839033 15.762331782424413 1.347488281813155 1444514.0181018435 0.48735181175536413
7.780000000000001 0.4302504984707854 15.433432846633007 1.3504864688281781 1444834.7951549324 0.48687155676847615
7.790000000000001 0.43086897212597935 15.105662885950169 1.3534853901323982 1445153.5636020722 0.48639225614433534
7.800000000000001 0.4314880309128117 14.779018567453823 1.3564850433835904 1445470.3359711492 0.4859139070999813
7.8100000000000005 0.43210767309141324 14.453496560504522 1.3594854262835279 1445785.124722727 0.485436506850054
7.820000000000001 0.4327278969187396 14.129093536829732 1.3624865365777843 1446097.9422463267 0.48496005260688335
7.830000000000001 0.4333487006485915 13.805806170607203 1.365488372055537 1446408.8008575458 0.4844845415805785
7.840000000000001 0.43397008253163505 13.483631138547421 1.36849093054937 1446717.7128098703 0.48400997097911636
7.8500000000000005 0.43459204081542224 13.162565119975138 1.3714942099350766 1447024.6902828887 0.4835363380084293
7.860000000000001 0.43521457374441097 12.842604796910006 1.3744982081314636 1447329.7453886382 0.4830636398724918
7.870000000000001 0.4358376795599856 12.523746854146298 1.3775029231001534 1447632.890172088 0.4825918737734073
7.880000000000001 0.43646135650047707 12.205987979331738 1.3805083528453885 1447934.136606984 0.48212103691149355
7.890000000000001 0.43708560280118325 11.889324863045438 1.3835144954138343 1448233.4966003895 0.4816511264853677
7.900000000000001 0.43771041669438904 11.573754198874937 1.386521348894383 1448530.9819956645 0.48118213969203005
7.910000000000001 0.4383357964093867 11.259272683492373 1.3895289114179576 1448826.6045640772 0.4807140737269484
7.920000000000001 0.43896174017249606 10.945877016729765 1.392537181157316 1449120.3760093306 0.48024692578413997
7.930000000000001 0.4395882462070847 10.633563901653424 1.3955461563268543 1449412.3079733984 0.47978069305625415
7.940000000000001 0.44021531273358794 10.322330044637505 1.3985558351824123 1449702.4120235203 0.47931537273465386
7.950000000000001 0.44084293796952917 10.012172155436685 1.401566216021077 1449990.6996688347 0.4788509620094964
7.960000000000001 0.44147112012953993 9.703086947257994 1.4045772971809873 1450277.1823477368 0.4783874580698133
7.970000000000001 0.4420998574253799 9.39507113683178 1.4075890770411403 1450561.8714347435 0.47792485810359
7.980000000000001 0.4427291480659569 9.088121444481844 1.4106015540211942 1450844.7782361123 0.47746315929784455
7.990000000000001 0.4433589902573474 8.78223459419472 1.4136147265812755 1451125.9139957866 0.47700235883870556
8.000000000000002 0.44398938220281575 8.477407313688127 1.416628593221783 1451405.2898901855 0.47654245391148986
8.010000000000002 0.44462032210283486 8.173636334478573 1.4196431524831947 1451682.9170337513 0.4760834417007792
8.020000000000001 0.44525180815510584 7.870918391948156 1.422658402945873 1451958.806474449 0.47562531939049624
8.030000000000001 0.44588383855457797 7.569250225410525 1.4256743432298717 1452232.9691972095 0.47516808416397993
8.040000000000001 0.44651641149346855 7.268628578176029 1.4286909719947416 1452505.4161223546 0.47471173320406035
8.05 0.447149525161283 6.969050197616059 1.4317082879393377 1452776.1581079578 0.47425626369313334
8.06 0.44778317774483434 6.670511835226575 1.4347262898016262 1453045.205943377 0.47380167281323315
8.07 0.4484173674282633 6.3730102466908445 1.437744976358492 1453312.570362534 0.4733479577461056
8.08 0.4490520923930581 6.076542191941371 1.4407643464255457 1453578.262031782 0.47289511567328046
8.090000000000002 0.4496873508180739 5.78110443522104 1.443784398856932 1453842.291554282 0.4724431437761428
8.100000000000001 0.45032314087955294 5.4866937451434765 1.4468051325451379 1454104.6694730094 0.4719920392360041
8.110000000000001 0.45095946075114385 5.193306894752622 1.4498265464208002 1454365.4062701887 0.47154179923417194
8.120000000000001 0.45159630860392147 4.900940661581536 1.4528486394525155 1454624.512362642 0.47109242095202053
8.13 0.4522336826064065 4.609591827710425 1.4558714106466488 1454881.9981097728 0.47064390157105895
8.14 0.45287158092458507 4.319257179823908 1.4588948590471427 1455137.8738055092 0.47019623827299994
8.15 0.4535100017219281 4.029933509267523 1.4619189837353277 1455392.1496854164 0.46974942823982735
8.16 0.4541489431594111 3.7416176121034708 1.4649437838297317 1455644.8359246838 0.46930346865386374
8.170000000000002 0.45478840339553345 3.4543062891656175 1.4679692584858908 1455895.9426365553 0.46885835669783615
8.180000000000001 0.45542838058633783 3.167996346113747 1.4709954068961604 1456145.4798752202 0.4684140895549431
8.190000000000001 0.4560688728854298 2.882684593487073 1.4740222282895254 1456393.457635127 0.46797066440891855
8.2 0.45670987844399685 2.598367846757018 1.4770497219314127 1456639.8858512782 0.4675280784440976
8.21 0.45735139541082803 2.3150429263792587 1.4800778871235027 1456884.774396861 0.4670863288454802
8.22 0.45799342193233306 2.0327066578450514 1.4831067232035415 1457128.1330894588 0.4666454127987947
8.23 0.45863595615256153 1.7513558717318332 1.4861362295451537 1457369.9716878375 0.4662053274905602
8.24 0.45927899621322227 1.470987403753108 1.4891664055576554 1457610.299889583 0.46576607010814985
8.25 0.4599225402537023 1.191598094807627 1.4921972506858676 1457849.1273338783 0.46532763783985154
8.26 0.46056658641108617 0.9131847910278585 1.4952287644099302 1458086.463606173 0.4648900278749294
8.27 0.4612111328201748 0.6357443438277619 1.4982609462451162 1458322.3182299598 0.46445323740368427
8.28 0.4618561776135046 0.3592736099498648 1.501293795741646 1458556.7006749827 0.46401726361751383
8.29 0.4625017189213666 0.0837694515116506 1.504327312484503 1458789.6203506384 0.46358210370897146
8.3 0.4631477548718251 -0.19077126394873906 1.5073614960932487 1459021.0866121617 0.46314775487182547
