10.99 5.220964507046878 0.17408041821845455 0.17408041830561183
10.98 5.220967787568363 0.17409059700884497 0.1740905970961786
10.97 5.189487542327519 0.17410126578696258 0.17410126587447283
10.96 5.158013759586559 0.17411242516544936 0.17411242525313647
10.95 5.126546374093231 0.17412407576466993 0.17412407585253417
10.94 5.095085320972084 0.17413621821271852 0.17413621830076015
10.93 5.063630535721675 0.1741488531454263 0.17414885323364562
10.92 5.032181954211806 0.1741619812063689 0.17416198129476612
10.91 5.000739512680779 0.17417560304687452 0.17417560313544997
10.9 4.969303147732686 0.17418971932603244 0.17418971941478634
10.89 4.937872796334728 0.1742043307107017 0.17420433079963438
10.88 4.906448395814552 0.17421943787552033 0.17421943796463202
10.87 4.8750298838576205 0.17423504150291497 0.17423504159220596
10.86 4.843617198504611 0.17425114228311067 0.17425114237258113
10.85 4.8122102781488305 0.1742677409141413 0.1742677410037916
10.84 4.780809061533663 0.17428483810186016 0.1742848381916906
10.83 4.749413487750045 0.1743024345599512 0.174302434649962
10.82 4.718023496233958 0.17432053100994024 0.17432053110013165
10.81 4.686639026763945 0.17433912818120684 0.17433912827157916
10.8 4.655260019458669 0.1743582268109966 0.17435822690155012
10.79 4.623886414774467 0.1743778276444334 0.17437782773516838
10.78 4.592518153502956 0.17439793143453275 0.17439793152544944
10.77 4.561155176768639 0.17441853894221465 0.17441853903331334
10.76 4.529797426026551 0.1744396509363175 0.17443965102759845
10.75 4.498444843059922 0.17446126819361205 0.1744612682850755
10.74 4.467097369977857 0.1744833914988157 0.17448339159046197
10.73 4.43575494921305 0.1745060216446074 0.17450602173643676
10.72 4.404417523519507 0.17452915943164268 0.1745291595236554
10.71 4.373085035970308 0.1745528056685693 0.17455280576076565
10.7 4.34175742995537 0.17457696117204274 0.17457696126442301
10.69 4.310434649179246 0.17460162676674287 0.1746016268593073
10.68 4.279116637658943 0.1746268032853903 0.17462680337813918
10.67 4.247803339721754 0.17465249156876328 0.1746524916616969
10.66 4.21649470000312 0.17467869246571527 0.17467869255883386
10.65 4.185190663444506 0.1747054068331923 0.1747054069264962
10.64 4.153891175291299 0.17473263553625135 0.17473263562974078
10.63 4.122596181090721 0.17476037944807862 0.1747603795417539
10.62 4.091305626689781 0.1747886394500083 0.1747886395438697
10.61 4.0600194582332145 0.17481741643154183 0.17481741652558958
10.6 4.028737622161472 0.17484671129036722 0.17484671138460162
10.59 3.9974600652087093 0.17487652493237918 0.1748765250268005
10.58 3.9661867344008024 0.17490685827169933 0.1749068583663079
10.57 3.9349175770533837 0.17493771223069662 0.17493771232549263
10.56 3.903652540769889 0.1749690877400086 0.17496908783499238
10.55 3.872391573439627 0.1750009857385626 0.17500098583373438
10.54 3.8411346232358703 0.17503340717359747 0.17503340726895758
10.53 3.809881638613959 0.17506635300068582 0.1750663530962345
10.52 3.778632568309422 0.1750998241837563 0.17509982427949383
10.51 3.747387361336122 0.17513382169511651 0.17513382179104323
10.5 3.7161459669844055 0.17516834651547625 0.17516834661159233
10.49 3.6849083348192835 0.17520339963397102 0.17520339973027688
10.48 3.6536744146786204 0.17523898204818616 0.17523898214468195
10.47 3.622444156671343 0.17527509476418068 0.17527509486086673
10.46 3.5912175111756626 0.1753117387965126 0.1753117388933892
10.45 3.559994428837318 0.17534891516826348 0.1753489152653309
10.44 3.528774860567832 0.17538662491106416 0.17538662500832264
10.43 3.497558757542783 0.17542486906512048 0.17542486916257033
10.42 3.4663460712000935 0.17546364867923933 0.1754636487768808
10.41 3.435136753238334 0.1755029648108554 0.17550296490868883
10.4 3.4039307556150433 0.17554281852605813 0.17554281862408377
10.39 3.3727280305450624 0.17558321089961884 0.17558321099783689
10.38 3.341528530498883 0.17562414301501847 0.17562414311342925
10.37 3.3103322082010136 0.17566561596447575 0.17566561606307965
10.36 3.2791390166283594 0.17570763084897564 0.17570763094777286
10.35 3.2479489090086124 0.17575018877829798 0.17575018887728883
10.34 3.216761838818664 0.17579329087104706 0.17579329097023175
10.33 3.1855777597830235 0.1758369382546806 0.17583693835405947
10.32 3.1543966258722578 0.1758811320655405 0.17588113216511378
10.31 3.1232183913014397 0.17592587344888258 0.17592587354865058
10.3 3.0920430105286147 0.1759711635589076 0.17597116365887064
10.29 3.060870438253274 0.17601700355879235 0.1760170036589507
10.28 3.0297006294148523 0.17606339462072126 0.17606339472107513
10.27 2.9985335391912287 0.17611033792591801 0.17611033802646778
10.26 2.9673691229972436 0.1761578346646783 0.17615783476542418
10.25 2.936207336483234 0.1762058860364022 0.17620588613734445
10.24 2.905048135533573 0.17625449324962716 0.17625449335076612
10.23 2.8738914762652317 0.17630365752206195 0.17630365762339792
10.22 2.842737315026342 0.17635338008062018 0.17635338018215335
10.21 2.8115856083947848 0.1764036621614544 0.1764036622631851
10.2 2.7804363131767795 0.1764545050099913 0.17645450511191985
10.19 2.7492893864054957 0.1765059098809665 0.17650590998309318
10.18 2.7181447853396667 0.17655787803845996 0.176557878140785
10.17 2.6870024674622246 0.176610410755932 0.17661041085845572
10.16 2.655862390478941 0.17666350931625946 0.17666350941898212
10.15 2.6247245123170804 0.1767171750117725 0.1767171751146944
10.14 2.5935887911240676 0.1767714091442918 0.1767714092474132
10.13 2.5624551852661663 0.17682621302516568 0.1768262131284869
10.12 2.531323653327166 0.17688158797530856 0.17688158807882984
10.11 2.5001941541070836 0.17693753532523884 0.1769375354289605
10.1 2.469066646620873 0.17699405641511795 0.17699405651904024
10.09 2.437941090097151 0.17705115259478937 0.1770511526989126
10.08 2.4068174439769257 0.17710882522381824 0.1771088253281427
10.07 2.3756956679123444 0.17716707567153153 0.17716707577605745
10.06 2.3445757217654495 0.17722590531705812 0.17722590542178582
10.05 2.313457565606939 0.17728531554937 0.1772853156542998
10.04 2.2823411597149477 0.17734530776732352 0.1773453078724557
10.03 2.251226464573828 0.17740588337970079 0.1774058834850356
10.02 2.2201134408729524 0.17746704380525227 0.17746704391079
10.01 2.189002049505517 0.177528790472739 0.1775287905784799
10.0 2.1578922515673584 0.17759112482097586 0.1775911249269202
9.99 2.1267840083557807 0.17765404829887466 0.17765404840502283
9.98 2.0956772813683924 0.17771756236548852 0.17771756247184073
9.97 2.0645720323019523 0.17778166849005597 0.1777816685966125
9.96 2.0334682230512264 0.1778463681520455 0.17784636825880668
9.95 2.0023658157078508 0.17791166284120105 0.1779116629481671
9.94 1.9712647725592127 0.17797755405758775 0.177977554164759
9.93 1.9401650560873276 0.17804404331163787 0.1780440434190146
9.92 1.9090666289677378 0.1781111321241974 0.17811113223177988
9.91 1.8779694540684126 0.1781788220265729 0.17817882213436145
9.9 1.8468734944486633 0.17824711456057968 0.17824711466857454
9.89 1.8157787133580596 0.17831601127858876 0.1783160113867903
9.88 1.7846850742353644 0.17838551374357625 0.17838551385198465
9.87 1.7535925407074684 0.1784556235291715 0.17845562363778703
9.86 1.7225010765883413 0.1785263422197067 0.17852634232852974
9.85 1.6914106458779834 0.17859767141026683 0.17859767151929767
9.84 1.660321212761395 0.17866961270673987 0.1786696128159787
9.83 1.6292327416075432 0.17874216772586732 0.1787421678353145
9.82 1.5981451969683502 0.17881533809529593 0.1788153382049517
9.81 1.5670585435776807 0.17888912545362895 0.17888912556349362
9.8 1.535972746350335 0.1789635314504788 0.1789635315605526
9.79 1.5048877703810626 0.17903855774651917 0.1790385578568025
9.78 1.473803580943572 0.17911420601353892 0.17911420612403198
9.77 1.4427201434895542 0.1791904779344952 0.1791904780451983
9.76 1.4116374236477105 0.17926737520356797 0.17926737531448142
9.75 1.3805553872227943 0.1793448995262145 0.17934489963733852
9.74 1.349474000194654 0.17942305261922462 0.17942305273055953
9.73 1.3183932287172844 0.17950183621077642 0.17950183632232253
9.72 1.2873130391178942 0.1795812520404925 0.1795812521522501
9.71 1.2562333978959668 0.17966130185949664 0.17966130197146596
9.7 1.22515427172234 0.17974198743047082 0.1797419875426522
9.69 1.194075627438292 0.17982331052771344 0.1798233106401071
9.68 1.1629974320546244 0.17990527293719713 0.17990527304980336
9.67 1.1319196527507656 0.17998787645662773 0.17998787656944693
9.66 1.100842256873877 0.18007112289550378 0.18007112300853614
9.65 1.0697652119379581 0.18015501407517615 0.18015501418842195
9.64 1.0386884856229726 0.1802395518289083 0.18023955194236788
9.63 1.0076120457739726 0.18032473800193766 0.18032473811561128
9.62 0.9765358604002268 0.18041057445153683 0.18041057456542475
9.61 0.9454598976743682 0.1804970630470755 0.18049706316117803
9.6 0.9143841259315323 0.18058420567008318 0.1805842057844006
9.59 0.8833085136685177 0.1806720042143124 0.180672004328845
9.58 0.852233029542941 0.18076046058580222 0.1807604607005503
9.57 0.8211576423724055 0.18084957670294258 0.18084957681790637
9.56 0.7900823211336719 0.18093935449653903 0.18093935461171887
9.55 0.7590070349618409 0.18102979590987822 0.18102979602527436
9.54 0.7279317531495363 0.18112090289879368 0.18112090301440648
9.53 0.6968564451460989 0.1812126774317327 0.18121267754756235
9.52 0.6657810805567805 0.18130512148982295 0.18130512160586976
9.51 0.6347056291419558 0.18139823706694058 0.1813982371832048
9.5 0.6036300608163246 0.1814920261697783 0.18149202628626032
9.49 0.5725543456481382 0.18158649081791442 0.18158649093461446
9.48 0.5414784538584118 0.1816816330438821 0.18168163316080044
9.47 0.5104023558201616 0.1817774548932396 0.18177745501037665
9.46 0.47932602205763397 0.18187395842464107 0.18187395854199692
9.45 0.44824942324554923 0.1819711457099075 0.18197114582748256
9.44 0.41717253020834594 0.18206901883409898 0.18206901895189345
9.43 0.3860953139194353 0.18216757989558702 0.18216758001360117
9.42 0.355017745500455 0.1822668310061277 0.18226683112436193
9.41 0.3239397962205403 0.18236677429093573 0.1823667744093903
9.4 0.2928614374955805 0.18246741188875862 0.18246741200743374
9.39 0.261782640887508 0.18256874595195158 0.1825687460708476
9.38 0.23070337810356523 0.1826707786465537 0.18267077876567092
9.37 0.19962362099560232 0.18277351215236387 0.1827735122717025
9.36 0.1685433415593543 0.18287694866301793 0.1828769487825783
9.35 0.1374625119337534 0.18298109038606636 0.18298109050584874
9.34 0.10638110440021319 0.18308593954305252 0.18308593966305714
9.33 0.07529909138195034 0.1831914983695918 0.18319149848981903
9.32 0.04421644544328774 0.18329776911545093 0.18329776923590102
9.31 0.013133139288974235 0.1834047540446288 0.18340475416530208
9.3 -0.017950854236492887 0.18351245543543698 0.18351245555633372
9.29 -0.04903556214954097 0.18362087558058188 0.1836208757017023
9.28 -0.08012101132819226 0.18373001678724662 0.18373001690859103
9.27 -0.11120722851271966 0.18383988137717477 0.1838398814987435
9.26 -0.14229424030631707 0.18395047168675363 0.1839504718085469
9.25 -0.17338207317573598 0.18406179006709886 0.184061790189117
9.24 -0.20447075345194843 0.18417383888413988 0.18417383900638315
9.23 -0.23556030733078206 0.1842866205187056 0.18428662064117426
9.22 -0.2666507608735628 0.18440013736661126 0.18440013748930562
9.21 -0.29774214000774557 0.18451439183874557 0.18451439196166597
9.2 -0.32883447052754583 0.1846293863611593 0.18462938648430594
9.19 -0.359927778094564 0.18474512337515367 0.18474512349852681
9.18 -0.3910220882384083 0.18486160533737006 0.1848616054609701
9.17 -0.42211742635730204 0.18497883471988097 0.1849788348437081
9.16 -0.4532138177187107 0.18509681401028022 0.18509681413433474
9.15 -0.48431128745992374 0.18521554571177562 0.18521554583605782
9.14 -0.5154098605886793 0.1853350323432813 0.18533503246779148
9.13 -0.5465095619837602 0.1854552764395113 0.1854552765642497
9.12 -0.5776104163955715 0.18557628055107372 0.18557628067604065
9.11 -0.6087124484467459 0.18569804724456587 0.18569804736976162
9.1 -0.6398156826327231 0.18582057910266994 0.18582057922809475
9.09 -0.6709201433223297 0.1859438787242498 0.185943878849904
9.08 -0.7020258547583534 0.18606794872444848 0.1860679488503323
9.07 -0.7331328410581236 0.1861927917347862 0.18619279186089993
9.06 -0.7642411262140749 0.18631841040325983 0.18631841052960377
9.05 -0.7953507340943106 0.18644480739444239 0.18644480752101683
9.04 -0.8264616884431689 0.18657198538958414 0.1865719855163894
9.03 -0.8575740128817652 0.18669994708671409 0.18669994721375038
9.02 -0.8886877309085658 0.1868286952007424 0.18682869532801008
9.01 -0.9198028658999119 0.1869582324635639 0.18695823259106312
9.0 -0.9509194411105937 0.18708856162416188 0.18708856175189295
8.99 -0.9820374796743572 0.18721968544871356 0.18721968557667687
8.98 -1.0131570046044727 0.18735160672069587 0.18735160684889157
8.97 -1.0442780387942439 0.18748432824099215 0.18748432836942058
8.96 -1.0754006050175557 0.18761785282800006 0.1876178529566615
8.95 -1.1065247259293864 0.18775218331774016 0.18775218344663488
8.94 -1.1376504240663352 0.1878873225639654 0.18788732269309372
8.93 -1.168777721847143 0.18802327343827155 0.18802327356763374
8.92 -1.1999066415731987 0.18816003883020868 0.18816003895980496
8.91 -1.2310372054290655 0.18829762164739347 0.18829762177722406
8.9 -1.2621694354829716 0.1884360248156222 0.18843602494568748
8.89 -1.2933033536873217 0.18857525127898533 0.18857525140928558
8.88 -1.3244389818792042 0.18871530399998246 0.18871530413051793
8.87 -1.3555763417808757 0.1888561859596384 0.1888561860904094
8.86 -1.386715455000266 0.18899790015762066 0.18899790028862745
8.85 -1.4178563430314552 0.18914044961235682 0.18914044974359961
8.84 -1.4489990272551776 0.18928383736115426 0.1892838374926334
8.83 -1.4801435289392904 0.18942806646031987 0.18942806659203562
8.82 -1.5112898692392664 0.1895731399852814 0.18957314011723408
8.81 -1.5424380691986517 0.1897190610307094 0.18971906116289922
8.8 -1.5735881497495665 0.18986583271064014 0.1898658328430674
8.79 -1.6047401317131562 0.19001345815860013 0.19001345829126512
8.78 -1.6358940358000555 0.19016194052773133 0.19016194066063424
8.77 -1.667049882610876 0.19031128299091693 0.19031128312405815
8.76 -1.6982076926366372 0.19046148874090932 0.19046148887428901
8.75 -1.7293674862592434 0.19061256099045773 0.19061256112407626
8.74 -1.7605292837519437 0.19076450297243855 0.1907645031062962
8.73 -1.7916931052797562 0.19091731793998523 0.19091731807408222
8.72 -1.822858970899949 0.19107100916662012 0.19107100930095672
8.71 -1.8540269005624632 0.19122557994638734 0.19122558008096388
8.7 -1.8851969141103646 0.19138103359398664 0.19138103372880336
8.69 -1.9163690312802846 0.1915373734449084 0.19153737357996548
8.68 -1.9475432717028542 0.19169460285556947 0.1916946029908673
8.67 -1.9787196549031296 0.19185272520345112 0.19185272533898998
8.66 -2.0098982003010453 0.192011743887237 0.1920117440230171
8.65 -2.0410789272118146 0.19217166232695285 0.1921716624629744
8.64 -2.0722618548463734 0.19233248396410743 0.19233248410037082
8.63 -2.103447002311802 0.19249421226183455 0.19249421239834003
8.62 -2.134634388611736 0.19265685070503605 0.19265685084178386
8.61 -2.165824032646784 0.19282040280052645 0.19282040293751684
8.6 -2.19701595321495 0.19298487207717846 0.19298487221441174
8.59 -2.228210169012037 0.1931502620860699 0.19315026222354634
8.58 -2.259406698632057 0.1933165764006318 0.19331657653835166
8.57 -2.2906055605676428 0.19348381861679778 0.19348381875476134
8.56 -2.3218067732104393 0.19365199235315475 0.1936519924913622
8.55 -2.353010354851519 0.19382110125109464 0.1938211013895463
8.54 -2.384216323681767 0.19399114897496797 0.19399114911366416
8.53 -2.415424697792282 0.19416213921223796 0.19416213935117888
8.52 -2.4466354951747715 0.19433407567363653 0.1943340758128225
8.51 -2.4778487337219377 0.19450696209332172 0.19450696223275296
8.5 -2.509064431227867 0.19468080222903572 0.19468080236871255
8.49 -2.54028260538842 0.19485559986226497 0.19485560000218757
8.48 -2.5715032738016035 0.1950313587984014 0.1950313589385701
8.47 -2.602726453967958 0.19520808286690491 0.19520808300731998
8.46 -2.633952163290943 0.19538577592146744 0.19538577606212912
8.45 -2.66518041907729 0.1955644418401783 0.19556444198108686
8.44 -2.696411238537401 0.19574408452569095 0.19574408466684665
8.43 -2.727644638785706 0.19592470790539124 0.19592470804679432
8.42 -2.7588806368410315 0.196106315931567 0.19610631607321774
8.41 -2.7901192496269687 0.19628891258157927 0.19628891272347795
8.4 -2.821360493972239 0.19647250185803494 0.19647250200018185
8.39 -2.8526043866110493 0.1966570877889606 0.19665708793135595
8.38 -2.8838509441834583 0.19684267442797823 0.19684267457062224
8.37 -2.9151001832357295 0.1970292658544822 0.19702926599737525
8.36 -2.9463521202206837 0.197216866173818 0.19721686631696028
8.35 -2.9776067714980607 0.1974054795174623 0.19740547966085403
8.34 -3.0088641533348537 0.19759511004320449 0.197595110186846
8.33 -3.0401242819056744 0.19778576193533018 0.19778576207922172
8.32 -3.0713871732930866 0.1979774394048059 0.19797743954894775
8.31 -3.1026528434879537 0.1981701466894655 0.19817014683385784
8.3 -3.133921308389784 0.1983638880541982 0.19836388819884132
8.29 -3.1651925838070594 0.1985586677911384 0.1985586679360326
8.28 -3.196466685457589 0.1987544902198568 0.19875449036500226
8.27 -3.2277436289688275 0.19895135968755345 0.1989513598329505
8.26 -3.259023429878219 0.19914928056925243 0.1991492807149013
8.25 -3.2903061036335246 0.19934825726799807 0.19934825741389903
8.24 -3.321591665593153 0.1995482942150532 0.1995482943612065
8.23 -3.352880131026485 0.19974939587009857 0.19974939601650443
8.22 -3.384171515114197 0.19995156672143474 0.19995156686809346
8.21 -3.415465832948593 0.200154811286185 0.2001548114330968
8.2 -3.4467630995339125 0.20035913411050063 0.20035913425766577
8.190000000000001 -3.47806332978666 0.2005645397697676 0.20056453991718634
8.180000000000001 -3.509366538535919 0.20077103286881517 0.2007710330164878
8.170000000000002 -3.540672740523666 0.20097861804212655 0.20097861819005322
8.16 -3.571981950405086 0.2011872999540508 0.20118730010223188
8.15 -3.6032941827488805 0.2013970832990173 0.20139708344745294
8.14 -3.6346094520375765 0.2016079728017517 0.20160797295044222
8.13 -3.665927772667844 0.20181997321749384 0.20181997336643948
8.120000000000001 -3.6972491589507928 0.2020330893322175 0.2020330894814185
8.110000000000001 -3.728573625112275 0.20224732596285222 0.20224732611230883
8.100000000000001 -3.7599011852931916 0.2024626879575071 0.2024626881072195
8.090000000000002 -3.7912318535497933 0.2026791801956964 0.20267918034566496
8.08 -3.822565643853978 0.2028968075885672 0.20289680773879215
8.07 -3.8539025700935845 0.2031155750791292 0.20311557522961068
8.06 -3.885242646072694 0.20333548764248613 0.20333548779322452
8.05 -3.9165858855119193 0.20355655028607023 0.20355655043706566
8.040000000000001 -3.9479323020486983 0.20377876804987713 0.20377876820112992
8.030000000000001 -3.979281909237573 0.2040021460067046 0.20400214615821496
8.020000000000001 -4.010634720550503 0.20422668926239204 0.20422668941416022
8.010000000000002 -4.041990749377125 0.20445240295606293 0.2044524031080892
8.000000000000002 -4.073350009025054 0.20467929226036916 0.20467929241265373
7.990000000000001 -4.104712512720159 0.20490736238173732 0.20490736253428046
7.980000000000001 -4.1360782736068495 0.20513661856061757 0.20513661871341948
7.970000000000001 -4.1674473047483485 0.20536706607173436 0.2053670662247953
7.960000000000001 -4.198819619126979 0.20559871022433995 0.2055987103776602
7.950000000000001 -4.230195229644437 0.20583155636246936 0.20583155651604912
7.940000000000001 -4.2615741491220644 0.20606560986519837 0.20606561001903786
7.930000000000001 -4.292956390301125 0.20630087614690332 0.20630087630100283
7.920000000000001 -4.324341965843074 0.20653736065752365 0.20653736081188342
7.910000000000001 -4.3557308883298385 0.2067750688828264 0.20677506903744666
7.900000000000001 -4.387123170264068 0.20701400634467332 0.2070140064995543
7.890000000000001 -4.418518824069412 0.20725417860129042 0.20725417875643232
7.880000000000001 -4.449917862090796 0.20749559124753958 0.20749559140294266
7.870000000000001 -4.481320296594663 0.20773824991519327 0.20773825007085775
7.860000000000001 -4.512726139769252 0.207982160273211 0.20798216042913714
7.8500000000000005 -4.544135403724865 0.20822732802801894 0.208227328184207
7.840000000000001 -4.575548100494102 0.20847375892379139 0.2084737590802416
7.830000000000001 -4.606964242032142 0.20872145874273554 0.2087214588994481
7.820000000000001 -4.638383840216999 0.20897043330537812 0.20897043346235328
7.8100000000000005 -4.669806906849758 0.2092206884708552 0.2092206886280932
7.800000000000001 -4.701233453654856 0.20947223013720406 0.20947223029470508
7.790000000000001 -4.732663492280309 0.20972506424165838 0.20972506439942273
7.780000000000001 -4.764097034297981 0.2099791967609455 0.20997919691897338
7.770000000000001 -4.795534091203824 0.21023463371158693 0.2102346338698785
7.760000000000001 -4.826974674418138 0.2104913811502009 0.21049138130875653
7.750000000000001 -4.858418795285797 0.21074944517380864 0.21074944533262843
7.740000000000001 -4.889866465076517 0.2110088319201423 0.21100883207922652
7.730000000000001 -4.921317694985094 0.21126954756795685 0.21126954772730566
7.720000000000001 -4.9527724961316295 0.21153159833734386 0.21153159849695766
7.710000000000001 -4.984230879561806 0.21179499049004907 0.2117949906499279
7.700000000000001 -5.015692856247089 0.2120597303297917 0.2120597304899359
7.690000000000001 -5.047158437084999 0.2123258242025881 0.21232582436299788
7.680000000000001 -5.078627632899325 0.21259327849707724 0.2125932786577528
7.670000000000001 -5.110100454440385 0.21286209964484976 0.21286209980579132
7.660000000000001 -5.14157691238523 0.21313229412077972 0.21313229428198752
7.650000000000001 -5.173057017337908 0.21340386844336 0.2134038686048343
7.640000000000001 -5.204540779829679 0.21367682917504008 0.213676829336781
7.630000000000001 -5.23602821031925 0.2139511829225674 0.2139511830845752
7.620000000000001 -5.267519319193009 0.21422693633733164 0.21422693649960653
7.610000000000001 -5.2990141167652505 0.2145040961157125 0.21450409627825479
7.6000000000000005 -5.330512613278402 0.2147826689994306 0.2147826691622404
7.590000000000001 -5.362014818903252 0.21506266177590114 0.21506266193897866
7.580000000000001 -5.393520743739183 0.21534408127859167 0.21534408144193723
7.570000000000001 -5.425030397814374 0.2156269343873827 0.21562693455099644
7.5600000000000005 -5.4565437910860535 0.21591122802893178 0.21591122819281394
7.550000000000001 -5.488060933440697 0.21619696917704095 0.21619696934119173
7.540000000000001 -5.519581834694257 0.21648416485302766 0.2164841650174473
7.530000000000001 -5.551106504592381 0.21677282212609933 0.21677282229078798
7.520000000000001 -5.582634952810632 0.217062948113731 0.2170629482786889
7.510000000000001 -5.614167188954697 0.21735454998204679 0.21735455014727426
7.500000000000001 -5.645703222560615 0.21764763494620545 0.21764763511170254
7.490000000000001 -5.677243063094994 0.2179422102707884 0.21794221043655534
7.480000000000001 -5.7087867199552065 0.2182382832701921 0.21823828343622925
7.470000000000001 -5.740334202469612 0.21853586130902475 0.21853586147533222
7.460000000000001 -5.771885519897777 0.21883495180250526 0.21883495196908323
7.450000000000001 -5.803440681430674 0.21913556221686734 0.21913556238371598
7.440000000000001 -5.834999696190899 0.21943770006976657 0.21943770023688616
7.430000000000001 -5.866562573232871 0.21974137293069176 0.2197413730980825
7.420000000000001 -5.898129321543046 0.22004658842138025 0.2200465885890423
7.410000000000001 -5.929699950040121 0.2203533542162367 0.2203533543841703
7.400000000000001 -5.961274467575239 0.2206616780427564 0.2206616782109618
7.390000000000001 -5.992852882932201 0.2209715676819523 0.22097156785042965
7.380000000000001 -6.024435204827644 0.2212830309687863 0.22128303113753586
7.370000000000001 -6.056021441911285 0.22159607579260443 0.22159607596162628
7.360000000000001 -6.087611602766076 0.2219107100975763 0.22191071026687073
7.3500000000000005 -6.119205695908441 0.22222694188313896 0.22222694205270613
7.340000000000001 -6.150803729788452 0.2225447792044448 0.22254477937428493
7.330000000000001 -6.182405712790042 0.2228642301728137 0.22286423034292696
7.320000000000001 -6.214011653231183 0.22318530295618957 0.2231853031265762
7.3100000000000005 -6.245621559364109 0.22350800577960173 0.22350800595026182
7.300000000000001 -6.27723543937549 0.22383234692562964 0.22383234709656355
7.290000000000001 -6.30885330138663 0.22415833473487368 0.22415833490608145
7.280000000000001 -6.3404751534536725 0.2244859776064289 0.22448597777791085
7.270000000000001 -6.372101003567778 0.2248152839983647 0.22481528417012092
7.260000000000001 -6.403730859655314 0.22514626242820784 0.22514626260023854
7.250000000000001 -6.435364729578064 0.22547892147343143 0.22547892164573677
7.240000000000001 -6.4670026211334 0.2258132697719477 0.225813269944528
7.230000000000001 -6.498644542054476 0.22614931602260654 0.22614931619546194
7.220000000000001 -6.53029050001042 0.22648706898569745 0.2264870691588281
7.210000000000001 -6.561940502606512 0.22682653748345777 0.2268265376568638
7.200000000000001 -6.593594557384377 0.22716773040058527 0.227167730574267
7.190000000000001 -6.625252671822172 0.2275106566847558 0.2275106568587133
7.180000000000001 -6.656914853334755 0.22785532534714606 0.22785532552137955
7.170000000000001 -6.688581109273892 0.2282017454629613 0.22820174563747098
7.160000000000001 -6.720251446928424 0.22854992617196862 0.22854992634675467
7.150000000000001 -6.751925873524445 0.22889987667903527 0.22889987685409782
7.140000000000001 -6.783604396225493 0.22925160625467195 0.22925160643001127
7.130000000000001 -6.815287022132727 0.22960512423558205 0.22960512441119826
7.120000000000001 -6.846973758285106 0.22996044002521593 0.22996044020110923
7.110000000000001 -6.878664611659564 0.23031756309433088 0.23031756327050146
7.1000000000000005 -6.910359589171185 0.23067650298155634 0.2306765031580043
7.090000000000001 -6.942058697673388 0.231037269293965 0.23103726947069061
7.080000000000001 -6.973761943958106 0.23139987170764945 0.2313998718846528
7.070000000000001 -7.005469334755936 0.23176431996830474 0.23176432014558612
7.0600000000000005 -7.037180876736341 0.23213062389181646 0.23213062406937596
7.050000000000001 -7.0688965765078215 0.23249879336485466 0.2324987935426924
7.040000000000001 -7.1006164406180625 0.23286883834547412 0.23286883852359033
7.030000000000001 -7.132340475554131 0.23324076886372005 0.23324076904211496
7.020000000000001 -7.164068687742641 0.23361459502224063 0.2336145952009144
7.010000000000001 -7.195801083549912 0.23399032699690467 0.23399032717585738
7.000000000000001 -7.22753766928215 0.23436797503742632 0.23436797521665817
6.990000000000001 -7.25927845118562 0.23474754946799567 0.2347475496475068
6.980000000000001 -7.2910234354467915 0.23512906068791556 0.23512906086770619
6.970000000000001 -7.322772628192538 0.23551251917224547 0.23551251935231574
6.960000000000001 -7.3545260354902755 0.23589793547245094 0.23589793565280107
6.950000000000001 -7.386283663348143 0.23628532021706078 0.23628532039769087
6.940000000000001 -7.418045517715164 0.23667468411232928 0.23667468429323943
6.930000000000001 -7.449811604481406 0.23706603794290673 0.23706603812409718
6.920000000000001 -7.481581929478155 0.23745939257251608 0.23745939275398698
6.910000000000001 -7.513356498478061 0.23785475894463606 0.2378547591263876
6.900000000000001 -7.545135317195328 0.2382521480831921 0.23825214826522437
6.890000000000001 -7.576918391285834 0.2386515710932537 0.23865157127556688
6.880000000000001 -7.608705726347331 0.23905303916173903 0.23905303934433328
6.870000000000001 -7.640497327919585 0.2394565635581267 0.23945656374100224
6.860000000000001 -7.672293201484538 0.23986215563517543 0.23986215581833223
6.8500000000000005 -7.704093352466473 0.2402698268296497 0.24026982701308808
6.840000000000001 -7.735897786232163 0.2406795886630545 0.24067958884677462
6.830000000000001 -7.76770650809103 0.2410914527423765 0.24109145292637846
6.820000000000001 -7.799519523295302 0.2415054307608331 0.24150543094511703
6.8100000000000005 -7.831336837040178 0.2419215344986296 0.24192153468319563
6.800000000000001 -7.863158454463964 0.24233977582372354 0.24233977600857182
6.790000000000001 -7.894984380648256 0.2427601666925975 0.24276016687772817
6.780000000000001 -7.92681462061806 0.24318271915103967 0.24318271933645288
6.770000000000001 -7.958649179341967 0.24360744533493242 0.2436074455206284
6.760000000000001 -7.99048806173231 0.24403435747104943 0.24403435765702827
6.750000000000001 -8.022331272645289 0.24446346787786047 0.24446346806412222
6.740000000000001 -8.054178816881151 0.24489478896634503 0.24489478915288992
6.730000000000001 -8.086030699184333 0.2453283332408147 0.24532833342764288
6.720000000000001 -8.117886924243596 0.24576411329974326 0.24576411348685487
6.710000000000001 -8.149747496692207 0.2462021418366063 0.24620214202400142
6.700000000000001 -8.18161242110804 0.2466424316407293 0.24664243182840806
6.690000000000001 -8.213481702013782 0.24708499559814426 0.24708499578610682
6.680000000000001 -8.245355343877028 0.24752984669245603 0.24752984688070254
6.670000000000001 -8.277233351110466 0.24797699800571749 0.24797699819424812
6.660000000000001 -8.309115728071996 0.24842646271931346 0.24842646290812828
6.650000000000001 -8.341002479064901 0.24887825411485462 0.24887825430395374
6.640000000000001 -8.372893608337959 0.2493323855750804 0.24933238576446398
6.630000000000001 -8.40478912008564 0.24978887058477184 0.24978887077444004
6.620000000000001 -8.436689018448185 0.2502477227316738 0.2502477229216267
6.610000000000001 -8.468593307511805 0.2507089557074269 0.2507089558976647
6.6000000000000005 -8.500501991308793 0.25117258330850994 0.2511725834990326
6.590000000000001 -8.53241507381768 0.25163861943719135 0.25163861962799905
6.580000000000001 -8.564332558963361 0.25210707810249183 0.2521070782935848
6.570000000000001 -8.596254450617263 0.2525779734211567 0.252577973612535
6.5600000000000005 -8.628180752597459 0.25305131961863864 0.2530513198103024
6.550000000000001 -8.66011146866882 0.2535271310300913 0.25352713122204057
6.540000000000001 -8.69204660254316 0.25400542210137295 0.25400542229360795
6.530000000000001 -8.723986157879361 0.25448620739006184 0.25448620758258256
6.520000000000001 -8.75593013828353 0.25496950156648135 0.25496950175928806
6.510000000000001 -8.78787854730911 0.25545531941473726 0.25545531960782997
6.500000000000001 -8.81983138845706 0.2559436758337655 0.25594367602714435
6.490000000000001 -8.851788665175944 0.2564345858383914 0.2564345860320565
6.480000000000001 -8.88375038086209 0.2569280645604008 0.25692806475435226
6.470000000000001 -8.915716538859739 0.25742412724962194 0.25742412744385984
6.460000000000001 -8.94768714246116 0.25792278927501994 0.2579227894695444
6.450000000000001 -8.979662194906792 0.2584240661258026 0.2584240663206138
6.440000000000001 -9.011641699385383 0.2589279734125389 0.25892797360763686
6.430000000000001 -9.043625659034108 0.25943452686828855 0.25943452706367337
6.420000000000001 -9.07561407693872 0.2599437423497454 0.25994374254541713
6.410000000000001 -9.107606956133695 0.2604556358383916 0.26045563603435046
6.400000000000001 -9.139604299602306 0.26097022344166665 0.2609702236379127
6.390000000000001 -9.171606110276837 0.2614875213941467 0.26148752159068006
6.380000000000001 -9.203612391038648 0.26200754605873894 0.2620075462555596
6.370000000000001 -9.235623144718334 0.26253031392788784 0.26253031412499606
6.360000000000001 -9.267638374095863 0.26305584162479545 0.26305584182219116
6.3500000000000005 -9.29965808190068 0.26358414590465484 0.2635841461023382
6.340000000000001 -9.331682270811871 0.26411524365589695 0.2641152438538681
6.330000000000001 -9.363710943458253 0.26464915190145194 0.26464915209971096
6.320000000000001 -9.395744102418535 0.2651858878000236 0.2651858879985705
6.3100000000000005 -9.427781750221442 0.2657254686473791 0.265725468846214
6.300000000000001 -9.459823889345808 0.26626791187765175 0.26626791207677475
6.290000000000001 -9.491870522220754 0.26681323506465937 0.2668132352640706
6.280000000000001 -9.523921651225791 0.2673614559232368 0.2673614561229362
6.270000000000001 -9.555977278690934 0.2679125923105837 0.2679125925105715
6.260000000000001 -9.588037406896845 0.26846666222762694 0.2684666624279032
6.250000000000001 -9.620102038074954 0.26902368382039876 0.26902368402096355
6.240000000000001 -9.652171174407588 0.26958367538143013 0.2695836755822835
6.230000000000001 -9.684244818028088 0.2701466553511599 0.2701466555523019
6.220000000000001 -9.716322971020938 0.27071264231935976 0.2707126425207906
6.210000000000001 -9.748405635421891 0.2712816550265755 0.2712816552282951
6.200000000000001 -9.78049281321809 0.27185371236558414 0.2718537125675927
6.190000000000001 -9.812584506348186 0.272428833382868 0.2724288335851655
6.180000000000001 -9.844680716702467 0.2730070372801053 0.27300703748269184
6.170000000000001 -9.876781446122973 0.2735883434156778 0.27358834361855344
6.160000000000001 -9.90888669640363 0.2741727713061951 0.2741727715093599
6.150000000000001 -9.940996469290367 0.27476034062803745 0.2747603408314915
6.140000000000001 -9.973110766481222 0.27535107121891467 0.275351071422658
6.130000000000001 -10.005229589626492 0.27594498307944415 0.27594498328347694
6.120000000000001 -10.037352940328827 0.27654209637474647 0.2765420965790686
6.110000000000001 -10.069480820143347 0.2771424314360589 0.27714243164067054
6.1000000000000005 -10.101613230577794 0.27774600876236843 0.27774600896726964
6.090000000000001 -10.13375017309262 0.2783528490220627 0.2783528492272535
6.080000000000001 -10.16589164910111 0.27896297305460005 0.2789629732600805
6.070000000000001 -10.19803765996953 0.27957640187219956 0.2795764020779698
6.0600000000000005 -10.23018820701719 0.2801931566615499 0.2801931568676099
6.050000000000001 -10.262343291516608 0.2808132587855383 0.2808132589918881
6.040000000000001 -10.294502914693618 0.28143672978499945 0.28143672999163916
6.030000000000001 -10.326667077727452 0.28206359138048503 0.2820635915874147
6.020000000000001 -10.358835781750932 0.28269386547405345 0.28269386568127297
6.010000000000001 -10.391009027850487 0.28332757415108045 0.2833275743585901
6.000000000000001 -10.423186817066366 0.28396473968209174 0.2839647398898914
5.990000000000001 -10.455369150392665 0.2846053845246154 0.2846053847327052
5.980000000000001 -10.487556028777515 0.2852495313250578 0.2852495315334377
5.970000000000001 -10.519747453123161 0.2858972029206004 0.28589720312927047
5.960000000000001 -10.551943424286073 0.286548422341119 0.28654842255007934
5.950000000000001 -10.584143943077066 0.28720321281112615 0.28720321302037677
5.940000000000001 -10.61634901026142 0.28786159775173575 0.2878615979612767
5.930000000000001 -10.648558626558996 0.28852360078265166 0.28852360099248303
5.920000000000001 -10.680772792644326 0.28918924572417914 0.28918924593430073
5.910000000000001 -10.71299150914676 0.28985855659926013 0.28985855680967215
5.900000000000001 -10.745214776650544 0.2905315576355336 0.29053155784623613
5.890000000000001 -10.777442595694945 0.2912082732674196 0.2912082734784125
5.880000000000001 -10.809674966774379 0.291888728138228 0.2918887283495115
5.870000000000001 -10.841911890338496 0.29257294710229365 0.2925729473138676
5.860000000000001 -10.87415336679231 0.293260955227135 0.29326095543899955
5.8500000000000005 -10.90639939649629 0.29395277779564105 0.2939527780077961
5.840000000000001 -10.938649979766495 0.29464844030828236 0.294648440520728
5.830000000000001 -10.970905116874667 0.29534796848534994 0.29534796869808627
5.820000000000001 -11.00316480804834 0.2960513882692208 0.2960513884822476
5.8100000000000005 -11.035429053470954 0.29675872582665036 0.29675872603996784
5.800000000000001 -11.06769785328197 0.29747000755109354 0.2974700077647017
5.790000000000001 -11.099971207576964 0.2981852600650528 0.2981852602789517
5.780000000000001 -11.132249116407754 0.2989045102224558 0.29890451043664534
5.770000000000001 -11.164531579782484 0.2996277851110606 0.29962778532554096
5.760000000000001 -11.196818597665755 0.30035511205489174 0.3003551122696627
5.750000000000001 -11.229110169978718 0.30108651861670427 0.30108651883176596
5.740000000000001 -11.261406296599183 0.3018220326004793 0.3018220328158317
5.730000000000001 -11.293706977361747 0.30256168205394957 0.3025616822695927
5.720000000000001 -11.326012212057849 0.30330549527115536 0.3033054954870892
5.710000000000001 -11.358322000435932 0.30405350079503307 0.30405350101125767
5.700000000000001 -11.390636342201525 0.30480572742003426 0.3048057276365495
5.690000000000001 -11.422955237017344 0.3055622041947778 0.3055622044115838
5.680000000000001 -11.455278684503403 0.3063229604247345 0.30632296064183123
5.670000000000001 -11.487606684237118 0.3070880256749449 0.3070880258923323
5.660000000000001 -11.519939235753416 0.3078574297727707 0.3078574299904489
5.650000000000001 -11.55227633854483 0.3086312028106807 0.3086312030286496
5.640000000000001 -11.584617992061624 0.3094093751490703 0.3094093753673298
5.630000000000001 -11.616964195711866 0.3101919774191174 0.3101919776376676
5.620000000000001 -11.649314948861546 0.31097904052567316 0.31097904074451405
5.610000000000001 -11.681670250834701 0.31177059565018916 0.3117705958693207
5.6000000000000005 -11.714030100913481 0.31256667425368045 0.31256667447310266
5.590000000000001 -11.746394498338276 0.31336730807972735 0.31336730829944015
5.580000000000001 -11.778763442307813 0.3141725291575132 0.3141725293775166
5.570000000000001 -11.81113693197925 0.3149823698049012 0.3149823700251951
5.5600000000000005 -11.843514966468287 0.31579686263155 0.3157968628521346
5.550000000000001 -11.875897544849275 0.31661604054206893 0.31661604076294403
5.540000000000001 -11.908284666155298 0.3174399367392121 0.3174399369603778
5.530000000000001 -11.94067632937829 0.31826858472711406 0.31826858494857013
5.520000000000001 -11.97307253346913 0.31910201831456575 0.31910201853631226
5.510000000000001 -12.005473277337744 0.319940271618333 0.3199402718403699
5.500000000000001 -12.037878559853201 0.32078337906651644 0.32078337928884376
5.490000000000001 -12.070288379843817 0.32163137540195447 0.3216313756245721
5.480000000000001 -12.102702736097264 0.32248429568567044 0.32248429590857836
5.470000000000001 -12.135121627360652 0.3233421753003629 0.32334217552356126
5.460000000000001 -12.167545052340644 0.3242050499539421 0.32420505017743056
5.450000000000001 -12.19997300970354 0.3250729556831096 0.32507295590688834
5.440000000000001 -12.232405498075398 0.3259459288569871 0.32594592908105596
5.430000000000001 -12.264842516042114 0.3268240061807893 0.3268240064051483
5.420000000000001 -12.297284062149512 0.32770722469954616 0.32770722492419524
5.410000000000001 -12.329730134903478 0.3285956218018722 0.32859562202681125
5.400000000000001 -12.362180732770033 0.32948923522378526 0.3294892354490142
5.390000000000001 -12.394635854175423 0.3303881030525747 0.3303881032780937
5.380000000000001 -12.427095497506235 0.3312922637307207 0.3312922639565295
5.370000000000001 -12.459559661109484 0.3322017560598629 0.33220175628596155
5.360000000000001 -12.492028343292729 0.3331166192048235 0.3331166194312119
5.3500000000000005 -12.524501542324135 0.33403689269768044 0.33403689292435856
5.340000000000001 -12.556979256432601 0.3349626164418962 0.3349626166688639
5.330000000000001 -12.589461483807838 0.3358938307164992 0.33589383094375647
5.320000000000001 -12.62194822260048 0.33683057618032164 0.33683057640786845
5.3100000000000005 -12.654439470922163 0.33777289387629217 0.3377728941041285
5.300000000000001 -12.68693522684565 0.3387208252357861 0.33872082546391186
5.290000000000001 -12.719435488404873 0.339674412083033 0.339674412311448
5.280000000000001 -12.751940253595098 0.34063369663958226 0.3406336968682865
5.270000000000001 -12.784449520372965 0.34159872152882875 0.34159872175782213
5.260000000000001 -12.816963286656602 0.3425695297805988 0.3425695300098814
5.250000000000001 -12.849481550325724 0.34354616483579686 0.3435461650653685
5.240000000000001 -12.882004309221731 0.34452867055111447 0.34452867078097493
5.230000000000001 -12.914531561147793 0.34551709120380214 0.34551709143395154
5.220000000000001 -12.947063303868934 0.3465114714965065 0.34651147172694474
5.210000000000001 -12.979599535112149 0.3475118565621707 0.3475118567928976
5.200000000000001 -13.012140252566486 0.34851829196900175 0.34851829220001723
5.190000000000001 -13.044685453883144 0.34953082372550537 0.34953082395680946
5.180000000000001 -13.077235136675558 0.3505494982855881 0.3505494985171807
5.170000000000001 -13.1097892985195 0.35157436255372904 0.35157436278560994
5.160000000000001 -13.142347936953167 0.35260546389022185 0.35260546412239097
5.150000000000001 -13.174911049477286 0.3536428501164874 0.3536428503489447
5.140000000000001 -13.207478633555176 0.3546865695204601 0.3546865697532055
5.130000000000001 -13.240050686612882 0.35573667086204697 0.3557366710950804
5.120000000000001 -13.272627206039237 0.356793203378661 0.3567932036119824
5.110000000000001 -13.30520818918597 0.35785621679083157 0.35785621702444065
5.1000000000000005 -13.337793633367776 0.3589257613078908 0.35892576154178757
5.090000000000001 -13.370383535862446 0.3600018876337393 0.3600018878679237
5.080000000000001 -13.402977893910917 0.3610846469726905 0.3610846472071624
5.070000000000001 -13.435576704717386 0.3621740910353961 0.3621740912701553
5.0600000000000005 -13.468179965449403 0.3632702720448537 0.36327027227990016
5.050000000000001 -13.500787673237948 0.36437324274249794 0.3643732429778317
5.040000000000001 -13.533399825177534 0.3654830563943754 0.3654830566299962
5.030000000000001 -13.566016418326301 0.36659976679740724 0.36659976703331487
5.020000000000001 -13.598637449706075 0.36772342828573723 0.3677234285219317
5.010000000000001 -13.631262916302502 0.36885409573717 0.36885409597365126
5.000000000000001 -13.663892815065111 0.3699918245796996 0.3699918248164673
4.990000000000001 -13.69652714290742 0.3711366707981282 0.37113667103518244
4.980000000000001 -13.729165896706993 0.3722886909407799 0.3722886911781204
4.970000000000001 -13.76180907330558 0.37344794212630744 0.37344794236393425
4.960000000000001 -13.794456669509167 0.37461448205059683 0.37461448228850974
4.950000000000001 -13.827108682088078 0.37578836899376805 0.37578836923196685
4.940000000000001 -13.859765107777049 0.37696966182727615 0.37696966206576077
4.930000000000001 -13.892425943275361 0.3781584200211127 0.378158420259883
4.920000000000001 -13.925091185246874 0.37935470365111035 0.37935470389016623
4.910000000000001 -13.957760830320153 0.38055857340635113 0.3805585736456924
4.900000000000001 -13.990434875088534 0.381770090596681 0.38177009083630753
4.890000000000001 -14.02311331611024 0.3829893171603318 0.38298931740024356
4.880000000000001 -14.05579614990843 0.38421631567165326 0.38421631591184996
4.870000000000001 -14.088483372971325 0.3854511493489553 0.38545114958943694
4.860000000000001 -14.121174981752265 0.3866938820624645 0.38669388230323076
4.8500000000000005 -14.15387097266981 0.3879445783423945 0.38794457858344533
4.840000000000001 -14.186571342107854 0.3892033033871342 0.38920330362846944
4.830000000000001 -14.219276086415652 0.3904701230715538 0.3904701233131733
4.820000000000001 -14.251985201907955 0.39174510395543255 0.3917451041973361
4.8100000000000005 -14.284698684865084 0.3930283132920082 0.39302831353419576
4.800000000000001 -14.317416531533018 0.3943198190366531 0.39431981927912446
4.790000000000001 -14.350138738123468 0.3956196898556743 0.39561969009842934
4.780000000000001 -14.382865300813991 0.39692799513524596 0.3969279953782844
4.770000000000001 -14.415596215748042 0.3982448049904703 0.3982448052337921
4.760000000000001 -14.448331479035089 0.39957019027457386 0.3995701905181788
4.750000000000001 -14.481071086750683 0.40090422258823794 0.4009042228321258
4.740000000000001 -14.513815034936545 0.4022469742890679 0.40224697453323865
4.730000000000001 -14.546563319600667 0.403598518501203 0.4035985187456564
4.720000000000001 -14.579315936717371 0.4049589291250677 0.40495892936980354
4.710000000000001 -14.612072882227425 0.40632828084726896 0.40632828109228714
4.700000000000001 -14.644834152038094 0.4077066491506415 0.4077066493959418
4.690000000000001 -14.677599742023263 0.40909411032444143 0.40909411057002376
4.680000000000001 -14.710369648023491 0.4104907414746952 0.4104907417205592
4.670000000000001 -14.74314386584612 0.4118966205347008 0.41189662078084627
4.660000000000001 -14.775922391265325 0.4133118262756891 0.413311826522116
4.650000000000001 -14.808705220022242 0.41473643831764534 0.41473643856435355
4.640000000000001 -14.841492347825035 0.4161705371402937 0.4161705373872828
4.630000000000001 -14.874283770348956 0.41761420409424754 0.41761420434151764
4.620000000000001 -14.907079483236465 0.41906752141233117 0.4190675216598818
4.610000000000001 -14.939879482097306 0.4205305722210701 0.4205305724689013
4.6000000000000005 -14.972683762508565 0.42200344055235994 0.4220034408004714
4.590000000000001 -15.005492320014794 0.42348621135531106 0.42348621160370264
4.580000000000001 -15.03830515012806 0.4249789705082753 0.42497897075694674
4.570000000000001 -15.071122248328058 0.4264818048310571 0.4264818050800081
4.5600000000000005 -15.10394361006216 0.4279948020973125 0.42799480234654286
4.550000000000001 -15.136769230745536 0.42951805104713814 0.42951805129664783
4.540000000000001 -15.169599105761208 0.4310516413998565 0.4310516416496454
4.530000000000001 -15.202433230460144 0.4325956638669967 0.43259566411706424
4.520000000000001 -15.23527160016135 0.4341502101654777 0.43415021041582397
4.510000000000001 -15.268114210151943 0.43571537303099683 0.4357153732816215
4.500000000000001 -15.300961055687228 0.43729124623162574 0.4372912464825286
4.490000000000001 -15.333812131990774 0.4388779245816189 0.4388779248327998
4.480000000000001 -15.366667434254552 0.4404755039554389 0.4404755042068974
4.470000000000001 -15.399526957638933 0.44208408130200005 0.44208408155373613
4.460000000000001 -15.432390697272837 0.44370375465913753 0.4437037549111511
4.450000000000001 -15.465258648253766 0.44533462316830363 0.44533462342059427
4.440000000000001 -15.498130805647943 0.4469767870894949 0.4469767873420624
4.430000000000001 -15.531007164490358 0.44863034781641764 0.4486303480692617
4.420000000000001 -15.563887719784812 0.45029540789189193 0.45029540814501245
4.410000000000001 -15.596772466504095 0.45197207102350145 0.45197207127689815
4.400000000000001 -15.629661399589976 0.45366044209949213 0.45366044235316483
4.390000000000001 -15.662554513953335 0.4553606272049252 0.4553606274588736
4.380000000000001 -15.69545180447423 0.45707273363808754 0.45707273389231134
4.370000000000001 -15.728353266001974 0.45879686992716684 0.4587968701816658
4.360000000000001 -15.761258893355217 0.4605331458471925 0.4605331461019666
4.3500000000000005 -15.794168681322063 0.4622816724372526 0.46228167269230136
4.340000000000001 -15.82708262466007 0.46404256201798544 0.4640425622733087
4.330000000000001 -15.860000718096414 0.46581592820935713 0.4658159284649546
4.320000000000001 -15.892922956327922 0.4676018859487254 0.46760188620459686
4.3100000000000005 -15.925849334021164 0.4694005515091986 0.46940055176534395
4.300000000000001 -15.958779845812561 0.4712120425182934 0.4712120427747121
4.290000000000001 -15.991714486308393 0.4730364779768965 0.47303647823358846
4.280000000000001 -16.024653250084963 0.47487397827853856 0.47487397853550345
4.270000000000001 -16.057596131688623 0.4767246652289829 0.47672466548622056
4.260000000000001 -16.090543125635897 0.47858866206613704 0.4785886623236473
4.250000000000001 -16.123494226413502 0.4804660934802931 0.4804660937380755
4.240000000000001 -16.156449428478464 0.48235708563470164 0.4823570858927559
4.230000000000001 -16.189408726258222 0.4842617661864872 0.48426176644481295
4.220000000000001 -16.222372114150655 0.486180264307911 0.48618026456650815
4.210000000000001 -16.255339586524197 0.48811271070798756 0.488112710966856
4.200000000000001 -16.28831113771791 0.49005923765446263 0.49005923791360195
4.190000000000001 -16.321286762041556 0.49201997899615674 0.49201997925556656
4.180000000000001 -16.35426645377567 0.49399507018568606 0.4939950704453661
4.170000000000001 -16.387250207171668 0.49598464830256334 0.49598464856251345
4.160000000000001 -16.420238016451894 0.4979888520766888 0.4979888523369086
4.150000000000001 -16.453229875809722 0.5000078219122369 0.5000078221727262
4.140000000000001 -16.486225779409615 0.502041699911949 0.5020417001727074
4.130000000000001 -16.519225721387222 0.5040906299018365 0.5040906301628638
4.120000000000001 -16.55222969584943 0.5061547574563053 0.506154757717601
4.110000000000001 -16.5852376968745 0.5082342299237084 0.5082342301852725
4.1000000000000005 -16.61824971851207 0.5103291964523358 0.5103291967141679
4.090000000000001 -16.65126575478329 0.5124398080168486 0.5124398082789484
4.080000000000001 -16.684285799680868 0.5145662174451681 0.5145662177075352
4.070000000000001 -16.71730984716916 0.5167085794458277 0.5167085797084618
4.0600000000000005 -16.750337891184287 0.5188670506357977 0.5188670508986987
4.050000000000001 -16.783369925634112 0.5210417895687891 0.5210417898319566
4.040000000000001 -16.816405944398422 0.5232329567640526 0.5232329570274862
4.030000000000001 -16.84944594132896 0.5254407147356738 0.5254407149993733
4.020000000000001 -16.882489910249497 0.527665228022383 0.5276652282863482
4.010000000000001 -16.91553784495594 0.5299066632178845 0.5299066634821148
4.000000000000001 -16.948589739216363 0.5321651890017153 0.5321651892662106
3.990000000000001 -16.98164558677112 0.5344409761706503 0.5344409764354101
3.980000000000001 -17.014705381332934 0.5367341976706568 0.5367341979356809
3.970000000000001 -17.047769116586935 0.5390450286294145 0.5390450288947025
3.960000000000001 -17.080836786190748 0.5413736463894111 0.5413736466549628
3.950000000000001 -17.113908383774607 0.5437202305416257 0.5437202308074407
3.940000000000001 -17.14698390294139 0.5460849629598094 0.5460849632258875
3.930000000000001 -17.1800633372667 0.5484680278353803 0.5484680281017209
3.920000000000001 -17.21314668029895 0.5508696117129388 0.550869611979542
3.910000000000001 -17.246233925559476 0.5532899035264237 0.5532899037932888
3.900000000000001 -17.27932506654254 0.5557290946359139 0.5557290949030407
3.890000000000001 -17.312420096715467 0.5581873788650965 0.5581873791324845
3.880000000000001 -17.345519009518693 0.5606649525394095 0.5606649528070585
3.870000000000001 -17.378621798365852 0.563162014524877 0.5631620147927867
3.8600000000000008 -17.41172845664385 0.5656787662676487 0.5656787665358186
3.850000000000001 -17.44483897771294 0.5682154118342585 0.5682154121026886
3.8400000000000007 -17.477953354906802 0.5707721579526199 0.5707721582213096
3.830000000000001 -17.511071581532626 0.57334921405377 0.5733492143227187
3.8200000000000007 -17.544193650871154 0.5759467923143798 0.5759467925835875
3.810000000000001 -17.5773195561768 0.5785651077000474 0.5785651079695137
3.8000000000000007 -17.610449290677696 0.5812043780093883 0.5812043782791126
3.790000000000001 -17.64358284757581 0.5838648239189419 0.5838648241889242
3.7800000000000007 -17.67672022004695 0.5865466690289118 0.5865466692991516
3.770000000000001 -17.709861401240886 0.5892501399097543 0.5892501401802511
3.760000000000001 -17.74300638428146 0.5919754661496365 0.5919754664203902
3.750000000000001 -17.77615516226658 0.5947228804027828 0.5947228806737926
3.740000000000001 -17.809307728268337 0.5974926184387239 0.5974926187099898
3.730000000000001 -17.842464075333126 0.6002849191924757 0.6002849194639974
3.720000000000001 -17.87562419648163 0.603100024815661 0.603100025087438
3.710000000000001 -17.908788084708966 0.6059381807285966 0.6059381810006285
3.700000000000001 -17.941955732984713 0.6087996356733691 0.6087996359456557
3.690000000000001 -17.975127134253047 0.611684641767918 0.6116846420404585
3.680000000000001 -18.008302281432744 0.6145934545611486 0.6145934548339429
3.670000000000001 -18.041481167417313 0.6175263330890977 0.6175263333621454
3.660000000000001 -18.074663785075046 0.620483539932176 0.6204835402054768
3.650000000000001 -18.107850127249076 0.6234653412735082 0.6234653415470616
3.640000000000001 -18.141040186757518 0.6264720069583974 0.626472007232203
3.630000000000001 -18.174233956393433 0.6295038105549382 0.6295038108289955
3.620000000000001 -18.207431428925023 0.6325610294158024 0.6325610296901113
3.6100000000000008 -18.240632597095605 0.6356439447412252 0.635643945015785
3.600000000000001 -18.273837453623774 0.6387528416432179 0.6387528419180284
3.5900000000000007 -18.30704599120341 0.641888009211034 0.6418880094860947
3.580000000000001 -18.34025820250377 0.645049740577917 0.6450497408532275
3.5700000000000007 -18.373474080169586 0.6482383329891597 0.6482383332647197
3.560000000000001 -18.406693616821112 0.6514540878715024 0.6514540881473114
3.5500000000000007 -18.43991680505421 0.6546973109039026 0.6546973111799603
3.540000000000001 -18.473143637440426 0.6579683120897054 0.6579683123660115
3.5300000000000007 -18.506374106527055 0.6612674058302472 0.661267406106801
3.520000000000001 -18.539608204837233 0.6645949109999245 0.6645949112767259
3.510000000000001 -18.57284592486998 0.6679511510227646 0.6679511512998128
3.500000000000001 -18.60608725910031 0.671336453950525 0.67133645422782
3.490000000000001 -18.639332199979286 0.6747511525423678 0.6747511528199088
3.480000000000001 -18.672580739934087 0.6781955843461326 0.6781955846239193
3.470000000000001 -18.7058328713681 0.6816700917812567 0.6816700920592886
3.460000000000001 -18.739088586660973 0.6851750222233712 0.685175022501648
3.450000000000001 -18.77234787816871 0.6887107280906193 0.6887107283691407
3.440000000000001 -18.805610738223727 0.692277566931731 0.6922775672104964
3.430000000000001 -18.83887715913495 0.6958759015158996 0.6958759017949084
3.420000000000001 -18.872147133187852 0.6995060999244989 0.6995061002037509
3.410000000000001 -18.90542065264456 0.7031685356446885 0.7031685359241833
3.400000000000001 -18.93869770974389 0.706863587664946 0.7068635879446832
3.390000000000001 -18.97197829670148 0.710591640572577 0.7105916408525559
3.380000000000001 -19.00526240570981 0.7143530846532458 0.714353084933466
3.370000000000001 -19.038550028938293 0.7181483159925789 0.7181483162730402
3.3600000000000008 -19.071841158533346 0.7219777365798857 0.7219777368605875
3.350000000000001 -19.10513578661848 0.7258417544140514 0.7258417546949935
3.3400000000000007 -19.13843390529434 0.7297407836116526 0.7297407838928341
3.330000000000001 -19.17173550663881 0.7336752445173476 0.7336752447987682
3.3200000000000007 -19.205040582707074 0.7376455638165996 0.7376455640982591
3.310000000000001 -19.23834912553167 0.7416521746507858 0.7416521749326836
3.3000000000000007 -19.271661127122606 0.7456955167347528 0.7456955170168882
3.290000000000001 -19.30497657946738 0.7497760364768762 0.7497760367592491
3.2800000000000007 -19.338295474531098 0.7538941871016877 0.7538941873842974
3.270000000000001 -19.37161780425652 0.7580504287751294 0.7580504290579755
3.260000000000001 -19.40494356056416 0.7622452287325037 0.7622452290155858
3.250000000000001 -19.438272735352303 0.7664790614091811 0.7664790616924987
3.240000000000001 -19.471605320497154 0.7707524085741388 0.7707524088576915
3.230000000000001 -19.504941307852842 0.7750657594663957 0.7750657597501829
3.220000000000001 -19.538280689251543 0.7794196109344182 0.7794196112184395
3.210000000000001 -19.57162345650351 0.7838144675785729 0.7838144678628276
3.200000000000001 -19.60496960139717 0.7882508418966966 0.7882508421811847
3.190000000000001 -19.638319115699208 0.79272925443287 0.7927292547175905
3.180000000000001 -19.671671991154607 0.7972502339294667 0.7972502342144193
3.170000000000001 -19.70502821948674 0.8018143174825699 0.8018143177677542
3.160000000000001 -19.738387792397443 0.8064220507008328 0.8064220509862484
3.150000000000001 -19.771750701567086 0.8110739878678781 0.8110739881535244
3.140000000000001 -19.805116938654624 0.8157706921083219 0.8157706923941983
3.130000000000001 -19.83848649529771 0.8205127355575176 0.8205127358436236
3.120000000000001 -19.871859363112723 0.8253006995351131 0.8253006998214484
3.1100000000000008 -19.905235533694864 0.8301351747225213 0.8301351750090854
3.100000000000001 -19.938614998618245 0.8350167613444053 0.8350167616311976
3.0900000000000007 -19.971997749435914 0.8399460693542794 0.8399460696412995
3.080000000000001 -20.005383777679963 0.8449237186243371 0.8449237189115845
3.0700000000000007 -20.038773074861595 0.8499503391396144 0.8499503394270884
3.060000000000001 -20.07216563247117 0.8550265711965997 0.8550265714843002
3.0500000000000007 -20.105561441978328 0.8601530656064129 0.8601530658943389
3.040000000000001 -20.138960494832006 0.8653304839026674 0.8653304841908185
3.0300000000000007 -20.17236278246052 0.8705594985541446 0.8705594988425202
3.020000000000001 -20.205768296271696 0.8758407931824036 0.8758407934710039
3.010000000000001 -20.239177027652854 0.8811750627844639 0.8811750630732876
3.000000000000001 -20.272588967970922 0.8865630139606874 0.8865630142497343
2.990000000000001 -20.306004108572523 0.8920053651480082 0.8920053654372775
2.980000000000001 -20.33942244078403 0.8975028468586493 0.897502847148141
2.970000000000001 -20.372843955911616 0.903056201924475 0.9030562022141881
2.960000000000001 -20.406268645241347 0.9086661857471298 0.908666186037064
2.950000000000001 -20.439696500039272 0.9143335665541267 0.9143335668442812
2.940000000000001 -20.47312751155145 0.9200591256610385 0.9200591259514131
2.930000000000001 -20.506561671004064 0.9258436577399688 0.9258436580305631
2.920000000000001 -20.53999896960345 0.931687971094465 0.9316879713852779
2.910000000000001 -20.573439398536216 0.9375928879410589 0.9375928882320903
2.900000000000001 -20.606882948969265 0.9435592446976143 0.9435592449888635
2.890000000000001 -20.640329612049893 0.9495878922786695 0.9495878925701361
2.880000000000001 -20.673779378905866 0.9556796963979723 0.9556796966896555
2.870000000000001 -20.70723224064547 0.9618355378784045 0.9618355381703041
2.8600000000000008 -20.740688188357584 0.9680563129695099 0.968056313261625
2.850000000000001 -20.774147213111778 0.9743429336728273 0.9743429339651578
2.8400000000000007 -20.807609305958348 0.9806963280752653 0.9806963283678102
2.830000000000001 -20.84107445792841 0.987117440690729 0.9871174409834882
2.8200000000000007 -20.874542660033956 0.9936072328102492 0.9936072331032216
2.810000000000001 -20.908013903267936 1.0001666828608433 1.0001666831540286
2.8000000000000007 -20.94148817860433 1.0067967867733671 1.006796787066765
2.790000000000001 -20.974965476998197 1.0134985583596123 1.013498558653222
2.7800000000000007 -21.008445789385778 1.0202730296989149 1.0202730299927356
2.770000000000001 -21.04192910668454 1.0271212515345503 1.0271212518285817
2.760000000000001 -21.07541541979327 1.0340442936802037 1.0340442939744456
2.750000000000001 -21.108904719592097 1.0410432454368024 1.0410432457312537
2.740000000000001 -21.142396996942633 1.0481192160200168 1.048119216314677
2.730000000000001 -21.175892242687983 1.0552733349987442 1.0552733352936132
2.720000000000001 -21.20939044765286 1.0625067527448993 1.062506753039976
2.710000000000001 -21.24289160264361 1.069820640894838 1.0698206411901219
2.700000000000001 -21.276395698448326 1.077216192822775 1.0772161931182658
2.690000000000001 -21.3099027258369 1.084694624126536 1.084694624422233
2.680000000000001 -21.34341267556106 1.092257173126026 1.0922571734219284
2.670000000000001 -21.376925538354506 1.0999051013747867 1.099905101670894
2.660000000000001 -21.410441304932935 1.1076396941850446 1.1076396944813565
2.650000000000001 -21.443959965994114 1.115462261166653 1.1154622614631684
2.640000000000001 -21.477481512217974 1.123374136780349 1.1233741370770678
2.630000000000001 -21.511005934266645 1.1313766809057684 1.13137668120269
2.620000000000001 -21.544533222784562 1.1394712794246609 1.1394712797217843
2.6100000000000008 -21.578063368398478 1.1476593448197796 1.1476593451171047
2.600000000000001 -21.611596361717627 1.155942316789925 1.1559423170874512
2.5900000000000007 -21.645132193333712 1.1643216628816433 1.1643216631793694
2.580000000000001 -21.678670853821 1.172798879138097 1.1727988794360225
2.5700000000000007 -21.712212333736392 1.1813754907656429 1.1813754910637675
2.560000000000001 -21.745756623619503 1.190053052818674 1.1900530531169973
2.5500000000000007 -21.77930371399273 1.198833150903296 1.1988331512018169
2.540000000000001 -21.812853595361297 1.2077174019004342 1.2077174021991528
2.5300000000000007 -21.846406258213353 1.2167074547089898 1.2167074550079047
2.520000000000001 -21.879961693020036 1.2258049910096755 1.2258049913087865
2.510000000000001 -21.91351989023551 1.2350117260501996 1.235011726349506
2.500000000000001 -21.9470808402971 1.2443294094524773 1.2443294097519786
2.490000000000001 -21.9806445336253 1.2537598260425808 1.2537598263422765
2.480000000000001 -22.01421096062387 1.2633047967041613 1.2633047970040505
2.470000000000001 -22.047780111679906 1.2729661792561078 1.2729661795561897
2.460000000000001 -22.081351977163894 1.2827458693552274 1.2827458696555019
2.450000000000001 -22.11492654742979 1.2926458014247737 1.29264580172524
2.440000000000001 -22.148503812815104 1.3026679496096631 1.3026679499103206
2.430000000000001 -22.18208376364094 1.3128143287592657 1.3128143290601135
2.420000000000001 -22.21566639021209 1.323086995438684 1.3230869957397215
2.410000000000001 -22.249251682817075 1.3334880489694625 1.333488049270689
2.400000000000001 -22.28283963172825 1.3440196325007185 1.344019632802134
2.390000000000001 -22.31643022720184 1.3546839341117063 1.3546839344133097
2.380000000000001 -22.35002345947804 1.3654831879468798 1.3654831882486707
2.370000000000001 -22.38361931878105 1.3764196753845503 1.376419675686528
2.3600000000000008 -22.417217795319182 1.387495726240282 1.3874957265424452
2.350000000000001 -22.450818879284885 1.3987137200062045 1.3987137203085536
2.3400000000000007 -22.48442256085486 1.4100760871274878 1.4100760874300213
2.330000000000001 -22.518028830190083 1.421585310317236 1.4215853106199536
2.3200000000000007 -22.551637677435927 1.433243925911149 1.4332439262140504
2.310000000000001 -22.585249092722165 1.4450545252633193 1.4450545255664036
2.3000000000000007 -22.61886306616312 1.4570197561846026 1.4570197564878686
2.290000000000001 -22.652479587857645 1.4691423244250483 1.4691423247284965
2.2800000000000007 -22.686098647889274 1.4814249952019505 1.4814249955055794
2.270000000000001 -22.719720236326218 1.493870594775114 1.4938705950789233
2.260000000000001 -22.7533443432215 1.5064820120710256 1.5064820123750142
2.250000000000001 -22.78697095861296 1.5192622003576641 1.5192622006618313
2.240000000000001 -22.820600072523398 1.5322141789717636 1.5322141792761097
2.230000000000001 -22.854231674960545 1.5453410351004224 1.5453410354049457
2.220000000000001 -22.887865755917236 1.5586459256190073 1.558645925923708
2.210000000000001 -22.9215023053714 1.5721320789874087 1.5721320792922855
2.200000000000001 -22.955141313286195 1.585802797206765 1.5858027975118174
2.190000000000001 -22.988782769609976 1.5996614578388757 1.599661458144103
2.180000000000001 -23.0224266642765 1.6137115160906024 1.6137115163960043
2.170000000000001 -23.056072987204853 1.6279565069656665 1.6279565072712419
2.160000000000001 -23.089721728299658 1.642400047486338 1.6424000477920864
2.150000000000001 -23.123372877450993 1.6570458389876324 1.6570458392935528
2.140000000000001 -23.15702642453461 1.6718976694867163 1.6718976697928087
2.130000000000001 -23.190682359411902 1.686959416130375 1.6869594164366384
2.120000000000001 -23.22434067193001 1.7022350477234702 1.7022350480299038
2.1100000000000008 -23.25800135192184 1.7177286273414867 1.7177286276480894
2.100000000000001 -23.29166438920625 1.7334443150303689 1.7334443153371406
2.0900000000000007 -23.32532977358799 1.7493863705969952 1.7493863709039352
2.080000000000001 -23.358997494857835 1.76555915649379 1.7655591568008977
2.0700000000000007 -23.392667542792637 1.7819671408011166 1.7819671411083908
2.060000000000001 -23.426339907155427 1.7986149003112573 1.7986149006186984
2.0500000000000007 -23.460014577695404 1.8155071237179619 1.8155071240255678
2.040000000000001 -23.493691544148074 1.832648614915698 1.832648615223469
2.0300000000000007 -23.527370796235324 1.8500442964129604 1.8500442967208957
2.020000000000001 -23.56105232366543 1.867699212864141 1.8676992131722394
2.010000000000001 -23.59473611613316 1.8856185347247196 1.8856185350329804
2.000000000000001 -23.628422163319854 1.903807562034692 1.9038075623431152
1.9900000000000009 -23.662110454893472 1.9222717283354191 1.922271728644004
1.9800000000000009 -23.695800980508658 1.941016604725308 1.941016605034053
1.9700000000000009 -23.729493729806848 1.960047904059953 1.9600479043688577
1.9600000000000009 -23.76318869241627 1.9793714853026738 1.979371485611738
1.9500000000000008 -23.79688585795208 1.9989933580316257 1.998993358340848
1.9400000000000008 -23.83058521601638 2.0189196871099435 2.018919687419324
1.9300000000000008 -23.864286756198315 2.0391567975257217 2.039156797835259
1.9200000000000008 -23.897990468074127 2.059711179408895 2.0597111797185894
1.9100000000000008 -23.93169634120725 2.080589493232475 2.0805894935423246
1.9000000000000008 -23.965404365148306 2.1017985752059056 2.1017985755159105
1.890000000000001 -23.99911452943526 2.1233454428687013 2.12334544317886
1.880000000000001 -24.032826823593464 2.14523730089291 2.1452373012032226
1.870000000000001 -24.066541237135667 2.1674815471033613 2.1674815474138263
1.860000000000001 -24.10025775956215 2.1900857787250843 2.1900857790357007
1.850000000000001 -24.13397638036077 2.2130577988677547 2.2130577991785234
1.840000000000001 -24.167697089007046 2.236405623257502 2.2364056235684213
1.830000000000001 -24.201419874964152 2.2601374872269075 2.2601374875379765
1.820000000000001 -24.235144727683117 2.2842618529745984 2.284261853285817
1.810000000000001 -24.268871636602736 2.3087874171063603 2.3087874174177268
1.800000000000001 -24.3026005911498 2.333723118470329 2.333723118781844
1.790000000000001 -24.33633158073901 2.3590781462994452 2.359078146611107
1.780000000000001 -24.37006459477317 2.384861948675 2.3848619489868073
1.770000000000001 -24.40379962264317 2.411084241325851 2.4110842416378047
1.760000000000001 -24.4375366537281 2.437755016778593 2.437755017090691
1.7500000000000009 -24.471275677395294 2.4648845538747683 2.4648845541870106
1.7400000000000009 -24.5050166830004 2.4924834276720618 2.492483427984448
1.7300000000000009 -24.538759659887482 2.520562519747264 2.5205625200597925
1.7200000000000009 -24.57250459738902 2.5491330289197602 2.5491330292324306
1.7100000000000009 -24.606251484826036 2.5782064824152675 2.5782064827280786
1.7000000000000008 -24.640000311508146 2.6077947474905994 2.6077947478035517
1.6900000000000008 -24.67375106673361 2.6379100435413525 2.6379100438544443
1.6800000000000008 -24.707503739789423 2.668564954715567 2.6685649550287978
1.6700000000000008 -24.741258319951367 2.6997724430576873 2.699772443371055
1.6600000000000008 -24.775014796484093 2.7315458622084337 2.7315458625219398
1.6500000000000008 -24.808773158641152 2.7638989716876554 2.7638989720012974
1.640000000000001 -24.84253339566511 2.7968459517886384 2.796845952102417
1.630000000000001 -24.87629549678759 2.8304014191140268 2.8304014194279405
1.620000000000001 -24.910059451229344 2.864580442785091 2.8645804430991393
1.610000000000001 -24.943825248200312 2.899398561357931 2.899398561672112
1.600000000000001 -24.97759287689971 2.934871800482066 2.9348718007963805
1.590000000000001 -25.011362326516068 2.971016691338877 2.971016691653324
1.580000000000001 -25.04513358622732 3.007850289899514 3.0078502902140927
1.570000000000001 -25.078906645200867 3.0453901970441564 3.045390197358865
1.560000000000001 -25.112681492593648 3.0836545795869355 3.0836545799017743
1.550000000000001 -25.146458117552168 3.1226621922534292 3.1226621925683973
1.540000000000001 -25.18023650921265 3.1624324006603404 3.1624324009754363
1.530000000000001 -25.214016656701002 3.2029852053499677 3.202985205665192
1.520000000000001 -25.24779854913296 3.2443412669351432 3.2443412672504937
1.510000000000001 -25.2815821756141 3.2865219324136574 3.2865219327291344
1.5000000000000009 -25.315367525239974 3.329549262714785 3.329549263030388
1.4900000000000009 -25.34915458709608 3.373446061544239 3.3734460618599664
1.4800000000000009 -25.382943350258035 3.418235905598009 3.418235905913859
1.4700000000000009 -25.416733803791566 3.4639431762198156 3.4639431765357895
1.4600000000000009 -25.450525936752598 3.5105930925815634 3.5105930928976594
1.4500000000000008 -25.484319738187356 3.5582117464710943 3.5582117467873116
1.4400000000000008 -25.518115197132346 3.6068261387768508 3.6068261390931884
1.4300000000000008 -25.55191230261452 3.6564642177647193 3.656464218081177
1.4200000000000008 -25.58571104365129 3.7071549192483535 3.707154919564931
1.4100000000000008 -25.61951140925061 3.7589282087608176 3.7589282090775122
1.4000000000000008 -25.653313388411014 3.8118151258422723 3.811815126159085
1.390000000000001 -25.687116970121732 3.8658478305659836 3.8658478308829127
1.380000000000001 -25.720922143362717 3.921059652432819 3.9210596527498653
1.370000000000001 -25.754728897104734 3.9774851417730863 3.9774851420902464
1.360000000000001 -25.78853722030942 4.035160123803707 4.035160124120982
1.350000000000001 -25.822347101929328 4.094121755498693 4.094121755816081
1.340000000000001 -25.856158530908054 4.154408585441464 4.154408585758966
1.330000000000001 -25.889971496180223 4.216060616839076 4.216060617156691
1.320000000000001 -25.923785986671636 4.2791193738906905 4.279119374208415
1.310000000000001 -25.95760199129928 4.343627971715885 4.343627972033721
1.300000000000001 -25.991419498971414 4.409631190062756 4.409631190380701
1.290000000000001 -26.02523849858763 4.47717555103106 4.477175551349114
1.280000000000001 -26.05905897903893 4.54630940106236 4.5463094013805225
1.270000000000001 -26.092880929207805 4.617082997466987 4.617082997785257
1.260000000000001 -26.126704337968253 4.6895485997769955 4.689548600095371
1.2500000000000009 -26.160529194185916 4.763760566235231 4.763760566553713
1.2400000000000009 -26.19435548671805 4.8397754557531725 4.839775456071759
1.2300000000000009 -26.22818320441371 4.917652135694686 4.917652136013377
1.2200000000000009 -26.26201233611373 4.997451895869275 4.9974518961880685
1.2100000000000009 -26.295842870650805 5.079238569147038 5.079238569465934
1.2000000000000008 -26.329674796849588 5.1630786591386295 5.163078659457629
1.1900000000000008 -26.36350810352673 5.249041475417147 5.249041475736246
1.1800000000000008 -26.397342779490945 5.337199276795399 5.337199277114598
1.1700000000000008 -26.43117881354309 5.42762742321172 5.427627423531017
1.1600000000000008 -26.465016194476235 5.520404536820514 5.520404537139912
1.1500000000000008 -26.498854911075707 5.61561267293067 5.615612673250165
1.140000000000001 -26.532694952119186 5.713337501485875 5.7133375018054675
1.130000000000001 -26.56653630637675 5.813668499836486 5.813668500156175
1.120000000000001 -26.600378962610932 5.916699157613024 5.916699157932808
1.110000000000001 -26.634222909576827 6.022527194577406 6.022527194897284
1.100000000000001 -26.668068136022125 6.131254792399973 6.131254792719944
1.090000000000001 -26.701914630687178 6.242988841389074 6.242988841709138
1.080000000000001 -26.735762382305083 6.3578412032858465 6.357841203606004
1.070000000000001 -26.769611379601724 6.475928991330921 6.475928991651167
1.060000000000001 -26.803461611295887 6.597374868912668 6.597374869233008
1.050000000000001 -26.837313066099274 6.722307368219421 6.722307368539849
1.040000000000001 -26.87116573271657 6.850861230441732 6.850861230762247
1.030000000000001 -26.90501959984557 6.983177769206552 6.983177769527157
1.0200000000000011 -26.938874656177184 7.119405259074272 7.119405259394963
1.0100000000000011 -26.97273089039551 7.259699351093507 7.2596993514142865
1.000000000000001 -27.006588291177916 7.404223517589011 7.404223517909874
0.990000000000001 -27.04044684719515 7.553149528556774 7.5531495288777215
0.980000000000001 -27.074306547111288 7.7066579622595315 7.706657962580564
0.970000000000001 -27.108167379583932 7.864938752857749 7.864938753178866
0.9600000000000011 -27.142029333264173 8.028191778178236 8.028191778499435
0.9500000000000011 -27.175892396796762 8.196627491018058 8.196627491339335
0.9400000000000011 -27.209756558820036 8.370467597708359 8.370467598029716
0.930000000000001 -27.243621807966143 8.549945788025127 8.549945788346564
0.920000000000001 -27.277488132860956 8.735308520935808 8.735308521257325
0.910000000000001 -27.31135552212427 8.926815871117169 8.926815871438764
0.900000000000001 -27.345223964369787 9.124742441675936 9.12474244199761
0.890000000000001 -27.379093448205197 9.329378349056123 9.32937834937787
0.880000000000001 -27.412963962232283 9.541030286732349 9.541030287054172
0.870000000000001 -27.44683549504693 9.760022674974998 9.760022675296899
0.860000000000001 -27.48070803523923 9.986698904739965 9.98669890506194
0.850000000000001 -27.51458157139354 10.22142268459328 10.221422684915327
0.840000000000001 -27.548456092088543 10.464579500541186 10.464579500863305
0.8300000000000011 -27.5823315858973 10.716578199712963 10.716578200035153
0.8200000000000011 -27.616208041387356 10.977852710052488 10.97785271037475
0.810000000000001 -27.65008544712078 11.248863909533451 11.248863909855782
0.800000000000001 -27.683963791654218 11.53010165994292 11.530101660265316
0.790000000000001 -27.717843063538997 11.822087022002586 11.822087022325057
0.780000000000001 -27.751723251321156 12.125374670544298 12.125374670866831
0.770000000000001 -27.785604343541518 12.440555530657862 12.440555530980461
0.760000000000001 -27.819486328735795 12.76825965822265 12.768259658545317
0.750000000000001 -27.853369195434585 13.109159391062102 13.109159391384836
0.740000000000001 -27.887252932163488 13.463972800172783 13.46397280049558
0.730000000000001 -27.921137527443165 13.83346747413527 13.833467474458127
0.720000000000001 -27.955022969789418 14.218464673980684 14.218464674303606
0.7100000000000011 -27.9889092477132 14.619843900544453 14.619843900867433
0.7000000000000011 -28.02279634972074 15.03854792178082 15.038547922103861
0.6900000000000011 -28.05668426431359 15.475588313748064 15.475588314071166
0.680000000000001 -28.090572979988682 15.932051576134421 15.932051576457583
0.670000000000001 -28.1244624852384 16.409105891431373 16.409105891754596
0.660000000000001 -28.158352768550643 16.90800860635469 16.908008606677967
0.650000000000001 -28.192243818408897 17.430114525079166 17.430114525402498
0.640000000000001 -28.226135623292322 17.976885116544928 17.976885116868317
0.630000000000001 -28.260028171675746 18.549898752815242 18.54989875313868
0.620000000000001 -28.293921452029828 19.15086211258146 19.150862112904957
0.610000000000001 -28.32781545282105 19.781622903854412 19.781622904177965
0.600000000000001 -28.361710162511823 20.444184083176708 20.444184083500314
0.590000000000001 -28.395605569560516 21.140719775966296 21.14071977628995
0.5800000000000011 -28.429501662421565 21.873593134620208 21.873593134943913
0.5700000000000011 -28.46339842954553 22.645376408691348 22.645376409015103
0.560000000000001 -28.497295859379104 23.45887354592322 23.45887354624702
0.550000000000001 -28.531193940365295 24.31714569555721 24.317145695881056
0.540000000000001 -28.565092660943346 25.223540047791154 25.22354004811505
0.530000000000001 -28.59899200954893 26.18172251762655 26.18172251795049
0.520000000000001 -28.63289197461414 27.19571487013394 27.195714870457934
0.510000000000001 -28.666792544567592 28.269936990535733 28.269936990859765
0.500000000000001 -28.700693707834464 29.409255130356204 29.40925513068028
0.49000000000000105 -28.734595452836576 30.619037115091174 30.619037115415285
0.48000000000000104 -28.768497767992464 31.90521568550377 31.905215685827926
0.47000000000000103 -28.80240064171743 33.27436137143243 33.27436137175662
0.460000000000001 -28.836304062423615 34.733766573598345 34.73376657392259
0.450000000000001 -28.870208018520053 36.29154286763252 36.29154286795681
0.440000000000001 -28.90411249841279 37.956733961111 37.95673396143532
0.43000000000000105 -28.938017490504862 39.739447248927085 39.739447249251434
0.42000000000000104 -28.971922983196432 41.651007550795995 41.651007551120394
0.41000000000000103 -29.005828964884824 43.70413741072135 43.70413741104578
0.400000000000001 -29.039735423964572 45.91316933570899 45.91316933603346
0.390000000000001 -29.073642348827562 48.29429660740789 48.294296607732385
0.380000000000001 -29.10754972786302 50.865870891595726 50.86587089192026
0.37000000000000105 -29.1414575494576 53.64875689735738 53.64875689768194
0.36000000000000104 -29.175365801995454 56.66675693533429 56.666756935658874
0.35000000000000103 -29.209274473858297 59.94712157435374 59.94712157467836
0.340000000000001 -29.243183553425485 63.52116694494195 63.521166945266614
0.330000000000001 -29.277093029074067 67.42502492462474 67.42502492494943
0.320000000000001 -29.311002889178837 71.70055993007996 71.7005599304047
0.310000000000001 -29.344913122112427 76.39649598506934 76.3964959853941
0.30000000000000104 -29.378823716245382 81.56981104469025 81.569811045015
0.29000000000000103 -29.412734659946175 87.28747353433968 87.28747353466447
0.280000000000001 -29.446645941581316 93.62862057029261 93.62862057061743
0.270000000000001 -29.48055754951541 100.68731107559107 100.6873110759159
0.260000000000001 -29.51446947211123 108.5760339700851 108.57603397040998
0.250000000000001 -29.548381697729745 117.43021772359303 117.4302177239179
0.240000000000001 -29.582294214730247 127.41408176448576 127.4140817648107
0.23000000000000098 -29.616207011470337 138.7283062450249 138.7283062453498
0.220000000000001 -29.650120076306077 151.62019583125365 151.6201958315786
0.210000000000001 -29.684033397591993 166.3973093343296 166.39730933465455
0.20000000000000098 -29.717946963681193 183.44597472659223 183.4459747269172
0.190000000000001 -29.751860762925382 203.256798311111 203.256798311436
0.180000000000001 -29.785774783674935 226.46035895544298 226.460358955768
0.17000000000000098 -29.81968901427902 253.87801457164298 253.87801457196804
0.160000000000001 -29.853603443085586 286.5956011982541 286.59560119857906
0.150000000000001 -29.887518058441508 326.0726194508078 326.0726194511329
0.14000000000000098 -29.92143284869257 374.3078704549335 374.3078704552586
0.130000000000001 -29.95534780218362 434.097536062618 434.09753606294316
0.120000000000001 -29.989262907258578 509.4497383541128 509.449738354438
0.110000000000001 -30.023178152260517 606.2742048379229 606.2742048382479
0.10000000000000099 -30.05709352553179 733.5773297342135 733.5773297345387
0.090000000000001 -30.091009015414034 905.6348750538294 905.6348750541547
0.080000000000001 -30.12492461024834 1146.175851500391 1146.1758515007164
0.07000000000000099 -30.158840298375296 1497.024935033542 1497.0249350338675
0.060000000000001004 -30.192756068135232 2037.5924120705615 2037.5924120708871
0.050000000000001 -30.226671907868475 2934.1027816951923 2934.1027816955175
0.040000000000001 -30.260587805915996 4584.496870628666 4584.496870628993
0.030000000000001 -30.29450375062107 8150.163108620679 8150.163108621005
0.020000000000001003 -30.32841973033549 18337.78090573948 18337.7809057398
