13.57 4.970029172949062 0.1678894303285385 0.16788943037961168
13.56 4.970029540522813 0.1678562465050628 0.16785624655623213
13.55 4.935671015928682 0.16782330959331934 0.16782330964458503
13.54 4.901313158826373 0.16779061984150898 0.16779061989287117
13.53 4.86695592432852 0.1677581775000517 0.16775817755151054
13.52 4.832599267732155 0.16772598282158913 0.1677259828731448
13.51 4.798243144517699 0.16769403606098637 0.16769403611263903
13.5 4.763887510347952 0.16766233747533432 0.1676623375270841
13.49 4.729532321067091 0.16763088732395173 0.16763088737579887
13.48 4.6951775326996845 0.16759968586838794 0.16759968592033253
13.47 4.660823101449702 0.16756873337242473 0.167568733424467
13.46 4.626468983699541 0.16753803010207913 0.16753803015421923
13.45 4.592115136009062 0.16750757632560595 0.16750757637784403
13.44 4.557761515114626 0.16747737231350018 0.16747737236583643
13.43 4.523408077928138 0.16744741833849983 0.16744741839093433
13.42 4.489054781536109 0.16741771467558836 0.16741771472812136
13.41 4.454701583198714 0.167388261601998 0.16738826165462967
13.4 4.420348440348866 0.1673590593972121 0.1673590594499426
13.39 4.385995310591288 0.16733010834296838 0.16733010839579787
13.38 4.351642151701602 0.16730140872326177 0.1673014087761904
13.37 4.317288921625422 0.16727296082434748 0.16727296087737548
13.36 4.282935578477446 0.16724476493474424 0.16724476498787172
13.35 4.248582080540572 0.16721682134523747 0.16721682139846458
13.34 4.214228386265005 0.1671891303488824 0.16718913040220937
13.33 4.179874454267382 0.1671616922410077 0.16716169229443464
13.32 4.145520243329891 0.16713450731921844 0.16713450737274557
13.31 4.1111657123994165 0.16710757588340014 0.16710757593702766
13.3 4.0768108205866715 0.1670808982357218 0.16708089828944986
13.29 4.042455527165349 0.1670544746806398 0.16705447473446847
13.28 4.008099791571277 0.1670283055249013 0.1670283055788309
13.27 3.9737435734015767 0.1670023910775484 0.167002391131579
13.26 3.9393868324138337 0.16697673164992158 0.1669767317040534
13.25 3.9050295285252687 0.1669513275556636 0.16695132760989678
13.24 3.87067162181192 0.16692617911072372 0.16692617916505842
13.23 3.8363130725078305 0.16690128663336132 0.16690128668779772
13.22 3.8019538410042397 0.16687665044415043 0.16687665049868874
13.21 3.7675938878487827 0.1668522708659834 0.16685227092062377
13.2 3.7332331737446998 0.16682814822407546 0.166828148278818
13.19 3.6988716595500426 0.1668042828459688 0.1668042829008138
13.18 3.6645093062768965 0.16678067506153704 0.16678067511648464
13.17 3.6301460750906034 0.1667573252029896 0.16675732525803996
13.16 3.5957819273089897 0.1667342336048761 0.16673423366002937
13.15 3.561416824401606 0.1667114006040911 0.16671140065934748
13.14 3.527050727988965 0.1666888265398784 0.16668882659523807
13.13 3.4926835998417918 0.16666651175383612 0.16666651180929928
13.12 3.458315401880276 0.16664445658992116 0.16664445664548794
13.11 3.4239460961733323 0.16662266139445403 0.16662266145012464
13.1 3.3895756449378642 0.16660112651612402 0.16660112657189857
13.09 3.355204010538032 0.1665798523059937 0.16657985236187242
13.08 3.320831155484536 0.16655883911750435 0.16655883917348738
13.07 3.2864570424338893 0.1665380873064808 0.1665380873625683
13.06 3.2520816341877126 0.16651759723113668 0.16651759728732896
13.05 3.217704893692019 0.16649736925207975 0.16649736930837689
13.04 3.1833267840365203 0.16647740373231704 0.16647740378871914
13.03 3.1489472684539233 0.16645770103726007 0.16645770109376742
13.02 3.114566310319241 0.16643826153473068 0.16643826159134348
13.01 3.080183873149108 0.16641908559496627 0.1664190856516846
13.0 3.0457999206010964 0.1664001735906254 0.16640017364744955
12.99 3.0114144164730408 0.16638152589679342 0.1663815259537234
12.98 2.9770273247023677 0.16636314289098816 0.16636314294802435
12.97 2.942638609365433 0.16634502495316592 0.16634502501030834
12.96 2.908248234676853 0.16632717246572687 0.16632717252297577
12.95 2.87385616498886 0.16630958581352143 0.16630958587087702
12.94 2.8394623647906396 0.16629226538385594 0.16629226544131837
12.93 2.805066798707695 0.16627521156649896 0.16627521162406836
12.92 2.7706694315011995 0.166258424753687 0.16625842481136363
12.91 2.736270228067363 0.16624190534013122 0.1662419053979152
12.9 2.7018691534367996 0.16622565372302328 0.1662256537809148
12.89 2.6674661727739015 0.16620967030204187 0.16620967036004114
12.88 2.6330612513762164 0.16619395547935906 0.16619395553746621
12.87 2.598654354673829 0.1661785096596467 0.16617850971786197
12.86 2.564245448228752 0.1661633332500832 0.16616333330840674
12.85 2.5298344977343135 0.16614842666035987 0.16614842671879188
12.84 2.4954214690145555 0.16613379030268768 0.16613379036122836
12.83 2.4610063280236343 0.16611942459180404 0.16611942465045354
12.82 2.4265890408452253 0.16610532994497978 0.16610533000373828
12.81 2.3921695736919326 0.16609150678202564 0.16609150684089333
12.8 2.3577478929047064 0.1660779555252997 0.1660779555842768
12.79 2.323323964952254 0.1660646765997141 0.16606467665880073
12.78 2.2888977564304707 0.16605167043274235 0.16605167049193875
12.77 2.2544692340618604 0.16603893745442636 0.16603893751373267
12.76 2.2200383646949704 0.16602647809738366 0.16602647815680013
12.75 2.1856051153038254 0.16601429279681504 0.16601429285634176
12.74 2.1511694529873657 0.16600238199051157 0.16600238205014878
12.73 2.1167313449688954 0.16599074611886236 0.1659907461786102
12.72 2.0822907585955237 0.16597938562486175 0.1659793856847205
12.71 2.0478476613376224 0.16596830095411744 0.16596830101408727
12.7 2.013402020788279 0.1659574925548578 0.16595749261493883
12.69 1.9789538046627544 0.16594696087793964 0.16594696093813208
12.68 1.9445029807979526 0.1659367063768563 0.16593670643716033
12.67 1.9100495171518823 0.16592672950774529 0.1659267295681611
12.66 1.8755933818031316 0.1659170307293966 0.16591703078992437
12.65 1.8411345429503445 0.16590761050326022 0.1659076105639002
12.64 1.8066729689116952 0.16589846929345498 0.1658984693542073
12.63 1.7722086281243765 0.16588960756677618 0.16588960762764102
12.62 1.7377414891440834 0.16588102579270422 0.16588102585368172
12.61 1.703271520644506 0.16587272444341275 0.16587272450450324
12.6 1.6687986914168196 0.16586470399377734 0.16586470405498094
12.59 1.6343229703691882 0.16585696492138374 0.16585696498270064
12.58 1.5998443265262623 0.16584950770653667 0.16584950776796697
12.57 1.5653627290286853 0.16584233283226824 0.16584233289381228
12.56 1.5308781471326014 0.16583544078434723 0.16583544084600513
12.55 1.4963905502091674 0.16582883205128723 0.16582883211305913
12.54 1.46189990774407 0.16582250712435592 0.16582250718624206
12.53 1.4274061893370453 0.16581646649758397 0.16581646655958462
12.52 1.3929093647014006 0.16581071066777442 0.16581071072988965
12.51 1.3584094036635397 0.16580524013451106 0.1658052401967411
12.5 1.3239062761624927 0.1658000554001683 0.16580005546251333
12.49 1.2893999522494541 0.16579515696992034 0.1657951570323806
12.48 1.2548904020873097 0.16579054535175028 0.16579054541432592
12.47 1.2203775959501846 0.16578622105645985 0.1657862211191511
12.46 1.1858615042229803 0.16578218459767882 0.16578218466048583
12.45 1.1513420974009267 0.1657784364918746 0.16577843655479754
12.44 1.1168193460891263 0.1657749772583619 0.16577497732140103
12.43 1.0822932210021081 0.16577180741931274 0.1657718074824682
12.42 1.0477636929633882 0.16576892749976585 0.16576892756303785
12.41 1.013230732905019 0.1657663380276371 0.1657663380910258
12.4 0.9786943118671634 0.1657640395337291 0.16576403959723476
12.39 0.944154400997651 0.16576203255174168 0.16576203261536443
12.38 0.9096109715515495 0.16576031761828172 0.16576031768202182
12.37 0.8750639948907374 0.16575889527287366 0.16575889533673122
12.36 0.8405134424834759 0.16575776605796963 0.16575776612194493
12.35 0.8059592859039895 0.1657569305189601 0.1657569305830533
12.34 0.7714014968320434 0.16575638920418437 0.16575638926839564
12.33 0.7368400470525303 0.1657561426649408 0.1657561427292704
12.32 0.7022749084550524 0.16575619145549816 0.16575619151994625
12.31 0.6677060530335157 0.16575653613310573 0.1657565361976725
12.3 0.6331334528857188 0.16575717725800462 0.16575717732269027
12.29 0.5985570802129486 0.16575811539343843 0.16575811545824315
12.28 0.5639769073195794 0.1657593511056644 0.16575935117058838
12.27 0.5293929066126739 0.16576088496396443 0.1657608850290079
12.26 0.49480505060158614 0.16576271754065652 0.16576271760581968
12.25 0.46021331189756437 0.1657648494111057 0.16576484947638867
12.24 0.42561766321336836 0.16576728115373568 0.16576728121913872
12.23 0.39101807736287447 0.16577001335004019 0.16577001341556344
12.22 0.356414527260692 0.16577304658459446 0.1657730466502382
12.21 0.32180698592178125 0.1657763814450671 0.1657763815108315
12.2 0.28719542646107404 0.1657800185222315 0.16578001858811678
12.19 0.25257982209309376 0.165783958409978 0.16578395847598437
12.18 0.21796014613158332 0.16578820170532557 0.1657882017714531
12.17 0.1833363719891322 0.16579274900843366 0.16579274907468267
12.16 0.1487084731768091 0.1657976009226148 0.16579760098898547
12.15 0.11407642330378985 0.16580275805434624 0.16580275812083872
12.14 0.07944019607699829 0.1658082210132825 0.165808221079897
12.13 0.04479976530073964 0.16581399041226771 0.16581399047900452
12.12 0.01015510487634583 0.16582006686734804 0.16582006693420726
12.11 -0.02449381119818372 0.16582645099778426 0.16582645106476612
12.1 -0.05914700882853503 0.16583314342606423 0.16583314349316897
12.09 -0.09380451382443425 0.1658401447779161 0.16584014484514384
12.08 -0.12846635189999414 0.16584745568232043 0.1658474557496715
12.07 -0.1631325486740634 0.1658550767715239 0.1658550768389984
12.06 -0.19780312967057126 0.16586300868105167 0.16586300874864984
12.05 -0.23247812031886497 0.16587125204972092 0.1658712521174429
12.04 -0.26715754595405544 0.16587980751965387 0.16587980758749996
12.03 -0.30184143181735273 0.16588867573629124 0.16588867580426156
12.02 -0.3365298030564018 0.16589785734840543 0.1658978574165002
12.01 -0.37122268472561337 0.16590735300811438 0.16590735307633384
12.0 -0.40592010178649707 0.1659171633708948 0.16591716343923915
11.99 -0.44062207910799045 0.1659272890955962 0.1659272891640656
11.98 -0.4753286414667782 0.16593773084445435 0.16593773091304903
11.97 -0.510039813547628 0.16594848928310563 0.1659484893518258
11.96 -0.5447556199437004 0.16595956508060067 0.1659595651494465
11.95 -0.5794760851568727 0.16597095890941865 0.16597095897839037
11.94 -0.6142012335980634 0.16598267144548148 0.16598267151457927
11.93 -0.6489310895875314 0.16599470336816793 0.16599470343739203
11.92 -0.683665677355204 0.1660070553603284 0.166007055429679
11.91 -0.7184050210409805 0.16601972810829918 0.1660197281777765
11.9 -0.7531491446950404 0.16603272230191723 0.16603272237152145
11.89 -0.787898072278158 0.16604603863453474 0.1660460387042661
11.88 -0.82265182766199 0.16605967780303402 0.1660596778728927
11.87 -0.857410434629397 0.16607364050784265 0.16607364057782886
11.86 -0.8921739168747327 0.16608792745294818 0.16608792752306212
11.85 -0.9269422980041427 0.1661025393459137 0.16610253941615563
11.84 -0.9617156015358678 0.16611747689789255 0.1661174769682626
11.83 -0.9964938509005288 0.16613274082364432 0.1661327408941427
11.82 -1.0312770694414266 0.16614833184154987 0.16614833191217682
11.81 -1.066065280414825 0.16616425067362706 0.16616425074438276
11.8 -1.1008585069902483 0.1661804980455465 0.16618049811643118
11.79 -1.1356567722507598 0.16619707468664743 0.16619707475766132
11.78 -1.1704600991932492 0.16621398132995338 0.1662139814010967
11.77 -1.2052685107287153 0.1662312187121885 0.16623121878346134
11.76 -1.2400820296825477 0.16624878757379344 0.16624878764519613
11.75 -1.2749006787948 0.16626668865894195 0.16626668873047462
11.74 -1.309724480720477 0.16628492271555675 0.16628492278721968
11.73 -1.3445534580298 0.16630349049532664 0.16630349056712
11.72 -1.3793876332084838 0.1663223927537226 0.1663223928256466
11.71 -1.414227028658007 0.1663416302500147 0.16634163032206956
11.7 -1.4490716666958834 0.16636120374728902 0.16636120381947495
11.69 -1.4839215695559287 0.1663811140124645 0.16638111408478168
11.68 -1.5187767593885255 0.16640136181631 0.16640136188875868
11.67 -1.5536372582608893 0.16642194793346154 0.16642194800604188
11.66 -1.5885030881573257 0.16644287314243958 0.1664428732151519
11.65 -1.6233742709794987 0.16646413822566655 0.16646413829851095
11.64 -1.6582508285466857 0.16648574396948432 0.16648574404246103
11.63 -1.6931327825960325 0.16650769116417172 0.16650769123728093
11.62 -1.7280201547828147 0.16652998060396265 0.1665299806772047
11.61 -1.762912966680684 0.1665526130870639 0.16655261316043887
11.6 -1.7978112397819233 0.16657558941567296 0.16657558948918108
11.59 -1.8327149954977002 0.1665989103959965 0.166598910469638
11.58 -1.8676242551583127 0.1666225768382685 0.1666225769120436
11.57 -1.9025390400134348 0.16664658955676873 0.1666465896306776
11.56 -1.937459371232364 0.16667094936984123 0.16667094944388416
11.55 -1.972385269904268 0.16669565709991307 0.16669565717409027
11.54 -2.0073167570384203 0.1667207135735131 0.1667207136478247
11.53 -2.0422538535644446 0.16674611962129085 0.16674611969573713
11.52 -2.077196580332552 0.1667718760780358 0.1667718761526169
11.51 -2.1121449581137823 0.16679798378269614 0.16679798385741235
11.5 -2.1470990076002345 0.16682444357839862 0.16682444365325017
11.49 -2.182058749405307 0.16685125631246764 0.16685125638745466
11.48 -2.217024204063922 0.16687842283644497 0.16687842291156776
11.47 -2.2519953920327644 0.16690594400610945 0.16690594408136816
11.46 -2.28697233369051 0.16693382068149698 0.16693382075689184
11.45 -2.32195504933805 0.16696205372692025 0.16696205380245147
11.44 -2.3569435591987222 0.16699064401098906 0.16699064408665687
11.43 -2.391937883418529 0.16701959240663064 0.16701959248243528
11.42 -2.426938042066372 0.16704889979110993 0.16704889986705154
11.41 -2.461944055134267 0.16707856704605012 0.16707856712212896
11.4 -2.496955942537558 0.16710859505745343 0.1671085951336697
11.39 -2.531973724115157 0.16713898471572197 0.16713898479207592
11.38 -2.5669974196297427 0.1671697369156786 0.1671697369921704
11.37 -2.6020270487679844 0.16720085255658798 0.16720085263321788
11.36 -2.637062631140756 0.1672323325421782 0.16723233261894646
11.35 -2.6721041862833452 0.16726417778066174 0.16726417785756847
11.34 -2.7071517336556834 0.1672963891847572 0.1672963892618027
11.33 -2.7422052926425313 0.16732896767171113 0.16732896774889555
11.32 -2.7772648825537063 0.16736191416331958 0.16736191424064323
11.31 -2.8123305226242827 0.1673952295859505 0.1673952296634135
11.3 -2.8474022320148022 0.16742891487056535 0.167428914948168
11.29 -2.8824800298114805 0.1674629709527419 0.16746297103048438
11.28 -2.9175639350264047 0.16749739877269645 0.16749739885057893
11.27 -2.9526539665977416 0.16753219927530633 0.16753219935332908
11.26 -2.9877501433899396 0.16756737341013278 0.16756737348829603
11.25 -3.022852484193927 0.16760292213144404 0.16760292220974796
11.24 -3.0579610077273083 0.16763884639823787 0.16763884647668273
11.23 -3.0930757326345675 0.16767514717426535 0.16767514725285135
11.22 -3.1281966774872627 0.167711825428054 0.16771182550678135
11.21 -3.1633238607842142 0.16774888213293115 0.16774888221180012
11.2 -3.198457300951712 0.167786318267048 0.16778631834605873
11.19 -3.2335970163436922 0.16782413481340314 0.16782413489255593
11.18 -3.268743025241945 0.16786233275986684 0.1678623328391618
11.17 -3.303895345856292 0.167900913099205 0.16790091317864236
11.16 -3.339053996324781 0.16793987682910352 0.16793987690868364
11.15 -3.3742189947138685 0.1679792249521931 0.1679792250319161
11.14 -3.4093903590186128 0.16801895847607354 0.1680189585559396
11.13 -3.444568107162859 0.16805907841333872 0.16805907849334814
11.12 -3.479752256999418 0.1680995857816017 0.1680995858617547
11.11 -3.514942826310249 0.1681404816035198 0.1681404816838165
11.1 -3.5501398328066496 0.16818176690681994 0.16818176698726067
11.09 -3.5853432941294288 0.1682234427243242 0.16822344280490917
11.08 -3.6205532278490864 0.1682655100939756 0.16826551017470504
11.07 -3.6557696514659948 0.16830797005886383 0.1683079701397379
11.06 -3.6909925824105776 0.1683508236672513 0.1683508237482702
11.05 -3.726222038043483 0.16839407197259948 0.1683940720537635
11.04 -3.761458035655751 0.1684377160335953 0.1684377161149046
11.03 -3.796700592469006 0.16848175691417747 0.1684817569956323
11.02 -3.8319497256356096 0.16852619568356358 0.16852619576516423
11.01 -3.867205452238848 0.16857103341627686 0.1685710334980235
11.0 -3.9024677892930884 0.16861627119217332 0.16861627127406617
10.99 -3.9377367537439643 0.16866191009646916 0.16866191017850846
10.98 -3.9730123624685256 0.1687079512197681 0.16870795130195398
10.97 -4.008294632275427 0.16875439565808906 0.16875439574042186
10.96 -4.043583579905075 0.16880124451289436 0.16880124459537424
10.95 -4.078879222029804 0.16884849889111728 0.16884849897374446
10.94 -4.114181575254031 0.1688961599051907 0.16889615998796542
10.93 -4.1494906561144385 0.16894422867307524 0.16894422875599777
10.92 -4.184806481080115 0.16899270631828828 0.1689927064013588
10.91 -4.220129066552725 0.1690415939699324 0.16904159405315117
10.9 -4.255458428866672 0.16909089276272454 0.16909089284609172
10.89 -4.29079458428925 0.1691406038370254 0.16914060392054123
10.88 -4.326137549020812 0.1691907283388685 0.16919072842253322
10.87 -4.361487339194919 0.16924126741999013 0.16924126750380394
10.86 -4.396843970878497 0.16929222223785892 0.1692922223218221
10.85 -4.432207460071997 0.16934359395570625 0.16934359403981897
10.84 -4.467577822709542 0.16939538374255586 0.1693953838268184
10.83 -4.502955074659089 0.16944759277325497 0.1694475928576675
10.82 -4.53833923172257 0.16950022222850436 0.1695002223130671
10.81 -4.573730309636061 0.1695532732948896 0.1695532733796028
10.8 -4.609128324069909 0.16960674716491184 0.16960674724977573
10.79 -4.644533290628904 0.1696606450370193 0.16966064512203413
10.78 -4.6799452248524105 0.16971496811563863 0.1697149682008046
10.77 -4.71536414221453 0.16976971761120663 0.1697697176965239
10.76 -4.750790058124234 0.16982489474020224 0.16982489482567115
10.75 -4.786222987925518 0.1698805007251785 0.1698805008107992
10.74 -4.821662946897544 0.16993653679479512 0.1699365368805679
10.73 -4.857109950254788 0.16999300418385097 0.16999300426977598
10.72 -4.892564013147178 0.1700499041333168 0.17004990421939428
10.71 -4.928025150660234 0.17010723789036833 0.17010723797659855
10.7 -4.963493377815228 0.17016500670841955 0.17016500679480268
10.69 -4.998968709569297 0.170223211847156 0.1702232119336923
10.68 -5.034451160815604 0.1702818545725688 0.17028185465925844
10.67 -5.0699407463834705 0.17034093615698823 0.17034093624383156
10.66 -5.105437481038502 0.17040045787911823 0.1704004579661154
10.65 -5.140941379482749 0.1704604210240705 0.17046042111122175
10.64 -5.17645245635483 0.1705208268833994 0.17052082697070495
10.63 -5.211970726230062 0.17058167675513652 0.1705816768425966
10.62 -5.247496203620609 0.1706429719438262 0.17064297203144096
10.61 -5.283028902975599 0.1707047137605604 0.17070471384833022
10.6 -5.318568838681276 0.17076690352301485 0.17076690361093985
10.59 -5.354116025061117 0.17082954255548438 0.17082954264356484
10.58 -5.389670476375966 0.17089263218891934 0.17089263227715548
10.57 -5.425232206824185 0.17095617376096178 0.1709561738493538
10.56 -5.460801230541743 0.17102016861598213 0.1710201687045303
10.55 -5.496377561602388 0.17108461810511594 0.17108461819382043
10.54 -5.531961214017748 0.17114952358630114 0.17114952367516215
10.53 -5.567552201737466 0.17121488642431507 0.1712148865133329
10.52 -5.603150538649333 0.17128070799081252 0.17128070807998735
10.51 -5.638756238579404 0.17134698966436318 0.17134698975369533
10.5 -5.674369315292137 0.1714137328304902 0.1714137329199798
10.49 -5.709989782490498 0.17148093888170804 0.17148093897135536
10.48 -5.745617653816098 0.1715486092175616 0.1715486093073669
10.47 -5.781252942849325 0.171616745244665 0.17161674533462842
10.46 -5.816895663109443 0.17168534837674063 0.17168534846686245
10.45 -5.852545828054733 0.17175442003465874 0.17175442012493922
10.44 -5.888203451082596 0.17182396164647715 0.1718239617369165
10.43 -5.9238685455297055 0.17189397464748135 0.1718939747380798
10.42 -5.959541124672081 0.1719644604802246 0.17196446057098236
10.41 -5.9952212017252515 0.1720354205945687 0.172035420685486
10.4 -6.030908789844343 0.17210685644772464 0.1721068565388017
10.39 -6.066603902124207 0.1721787695042939 0.17217876959553094
10.38 -6.102306551599546 0.1722511612363098 0.1722511613277071
10.37 -6.138016751245013 0.17232403312327924 0.17232403321483697
10.36 -6.17373451397533 0.17239738665222454 0.17239738674394298
10.35 -6.209459852645417 0.17247122331772605 0.17247122340960538
10.34 -6.245192780050489 0.17254554462196442 0.1725455447140049
10.33 -6.280933308926183 0.17262035207476367 0.17262035216696553
10.32 -6.31668145194866 0.17269564719363414 0.17269564728599762
10.31 -6.352437221734723 0.1727714315038164 0.17277143159634176
10.3 -6.388200630841924 0.17284770653832462 0.17284770663101204
10.29 -6.423971691768679 0.17292447383799078 0.17292447393084048
10.28 -6.459750416954376 0.1730017349515092 0.17300173504452143
10.27 -6.49553681877949 0.17307949143548101 0.173079491528656
10.26 -6.53133090956569 0.17315774485445942 0.1731577449477974
10.25 -6.567132701575925 0.17323649678099495 0.17323649687449616
10.24 -6.602942207014574 0.17331574879568104 0.17331574888934567
10.23 -6.638759438027515 0.1733955024872001 0.17339550258102837
10.22 -6.674584406702257 0.17347575945236968 0.17347575954636188
10.21 -6.71041712506803 0.17355652129618937 0.17355652139034572
10.2 -6.746257605095894 0.1736377896318874 0.17363778972620814
10.19 -6.782105858698849 0.1737195660809682 0.1737195661754535
10.18 -6.817961897731935 0.17380185227325992 0.17380185236791007
10.17 -6.853825733992333 0.17388464984696222 0.1738846499417774
10.16 -6.889697379219473 0.1739679604486949 0.17396796054367542
10.15 -6.925576845095129 0.17405178573354615 0.17405178582869218
10.14 -6.9614641432435365 0.17413612736512185 0.1741361274604336
10.13 -6.9973592852314725 0.17422098701559474 0.17422098711107248
10.12 -7.03326228256837 0.17430636636575392 0.17430636646139783
10.11 -7.069173146706411 0.17439226710505515 0.17439226720086554
10.1 -7.10509188904063 0.17447869093167112 0.1744786910276482
10.09 -7.141018520909023 0.1745656395525422 0.17456563964868618
10.08 -7.176953053592617 0.17465311468342729 0.17465311477973844
10.07 -7.2128954983156 0.17474111804895576 0.17474111814543422
10.06 -7.248845866245397 0.1748296513826786 0.1748296514793247
10.05 -7.284804168492774 0.17491871642712142 0.17491871652393534
10.04 -7.32077041611194 0.1750083149338362 0.17500831503081812
10.03 -7.3567446201006295 0.17509844866345467 0.17509844876060496
10.02 -7.3927267914002055 0.17518911938574172 0.17518911948306043
10.01 -7.42871694089576 0.1752803288796485 0.175280328977136
10.0 -7.464715079416195 0.17537207893336731 0.17537207903102378
9.99 -7.5007212177343225 0.17546437134438525 0.17546437144221091
9.98 -7.53673536656696 0.1755572079195396 0.17555720801753474
9.97 -7.5727575365750255 0.1756505904750729 0.1756505905732377
9.96 -7.608787738363613 0.17574452083668854 0.1757445209350232
9.95 -7.644825982482111 0.1758390008396067 0.17583900093811158
9.94 -7.6808722794242605 0.1759340323286211 0.17593403242729627
9.93 -7.716926639628278 0.17602961715815538 0.17602961725700117
9.92 -7.752989073476929 0.17612575719232074 0.1761257572913374
9.91 -7.789059591297615 0.17622245430497346 0.1762224544041611
9.9 -7.825138203362473 0.1763197103797728 0.17631971047913175
9.89 -7.861224919888451 0.17641752731023966 0.17641752740977015
9.88 -7.897319751037412 0.17651590699981565 0.1765159070995179
9.87 -7.933422706916214 0.17661485136192187 0.17661485146179606
9.86 -7.9695337975767835 0.17671436232001933 0.17671436242006575
9.85 -8.005653033016237 0.17681444180766867 0.1768144419078875
9.84 -8.041780423176927 0.17691509176859094 0.17691509186898247
9.83 -8.077915977946558 0.17701631415672878 0.1770163142572932
9.82 -8.114059707158257 0.17711811093630758 0.1771181110370451
9.81 -8.15021162059067 0.17722048408189786 0.17722048418280878
9.8 -8.186371727968023 0.17732343557847746 0.177323435679562
9.79 -8.222540038960236 0.1774269674214942 0.17742696752275253
9.78 -8.258716563182993 0.17753108161692954 0.17753108171836193
9.77 -8.29490131019782 0.17763578018136217 0.1776357802829689
9.76 -8.331094289512171 0.17774106514203225 0.1777410652438135
9.75 -8.367295510579519 0.17784693853690614 0.17784693863886208
9.74 -8.40350498279942 0.1779534024147413 0.17795340251687222
9.73 -8.439722715517629 0.1780604588351525 0.17806045893745864
9.72 -8.475948718026137 0.17816810986867748 0.1781681099711591
9.71 -8.51218299956328 0.17827635759684377 0.17827635769950095
9.7 -8.548425569313807 0.17838520411223546 0.1783852042150686
9.69 -8.584676436408978 0.1784946515185613 0.17849465162157058
9.68 -8.620935609926622 0.17860470193072236 0.17860470203390802
9.67 -8.657203098891223 0.17871535747488085 0.1787153575782431
9.66 -8.693478912274008 0.17882662028852908 0.1788266203920681
9.65 -8.729763058993008 0.17893849252055904 0.17893849262427505
9.64 -8.766055547913162 0.17905097633133243 0.17905097643522577
9.63 -8.80235638784636 0.17916407389275163 0.17916407399682246
9.62 -8.83866558755155 0.17927778738833028 0.17927778749257883
9.61 -8.874983155734807 0.17939211901326546 0.179392119117692
9.6 -8.91130910104939 0.1795070709745096 0.17950707107911434
9.59 -8.94764343209585 0.17962264549084314 0.1796226455956263
9.58 -8.98398615742209 0.17973884479294808 0.1797388448979099
9.57 -9.02033728552342 0.17985567112348136 0.1798556712286221
9.56 -9.056696824842682 0.1799731267371497 0.17997312684246958
9.55 -9.093064783770267 0.180091213900784 0.18009121400628322
9.54 -9.129441170644235 0.18020993489341525 0.18020993499909402
9.53 -9.165825993750365 0.18032929200635006 0.18032929211220863
9.52 -9.202219261322236 0.1804492875432477 0.1804492876492863
9.51 -9.238620981541292 0.18056992382019685 0.18056992392641577
9.5 -9.275031162536925 0.18069120316579368 0.18069120327219304
9.49 -9.311449812386552 0.18081312792121984 0.18081312802779992
9.48 -9.347876939115666 0.18093570044032153 0.18093570054708252
9.47 -9.384312550697931 0.18105892308968877 0.18105892319663097
9.46 -9.420756655055234 0.1811827982487359 0.18118279835585946
9.45 -9.457209260057779 0.18130732830978158 0.18130732841708685
9.44 -9.493670373524127 0.18143251567813065 0.18143251578561778
9.43 -9.530140003221295 0.1815583627721557 0.18155836287982488
9.42 -9.566618156864816 0.18168487202337963 0.18168487213123113
9.41 -9.603104842118803 0.1818120458765587 0.18181204598459277
9.4 -9.63960006659602 0.18193988678976647 0.18193988689798327
9.39 -9.676103837857966 0.18206839723447774 0.18206839734287758
9.38 -9.712616163414914 0.18219757969565403 0.18219757980423715
9.37 -9.749137050726022 0.18232743667182896 0.1823274367805955
9.36 -9.785666507199355 0.1824579706751945 0.18245797078414475
9.35 -9.822204540191994 0.18258918423168805 0.1825891843408222
9.34 -9.858751157010063 0.18272107988107986 0.18272107999039808
9.33 -9.89530636490884 0.1828536601770614 0.182853660286564
9.32 -9.93187017109279 0.18298692768733424 0.18298692779702144
9.31 -9.968442582715646 0.1831208849936998 0.18312088510357186
9.3 -10.005023606880473 0.18325553469214928 0.18325553480220638
9.29 -10.041613250639742 0.18339087939295493 0.18339087950319727
9.28 -10.078211520995378 0.18352692172076152 0.18352692183118938
9.27 -10.114818424898834 0.18366366431467887 0.18366366442529242
9.26 -10.151433969251173 0.1838011098283746 0.18380110993917417
9.25 -10.188058160903111 0.18393926093016838 0.18393926104115407
9.24 -10.224691006655085 0.1840781203031257 0.18407812041429783
9.23 -10.26133251325733 0.18421769064515384 0.1842176907565126
9.22 -10.297982687409927 0.18435797466909723 0.18435797478064284
9.21 -10.334641535762879 0.18449897510283425 0.18449897521456696
9.2 -10.371309064916169 0.1846406946893749 0.18464069480129494
9.19 -10.407985281419828 0.18478313618695857 0.18478313629906612
9.18 -10.444670191773993 0.18492630236915308 0.1849263024814484
9.17 -10.481363802428975 0.1850701960249545 0.1850701961374378
9.16 -10.518066119785313 0.18521481995888728 0.18521482007155876
9.15 -10.554777150193846 0.1853601769911057 0.18536017710396563
9.14 -10.591496899955775 0.18550626995749567 0.18550627007054427
9.13 -10.628225375322709 0.18565310170977767 0.18565310182301514
9.12 -10.664962582496756 0.18580067511561013 0.18580067522903673
9.11 -10.701708527630547 0.185948993058694 0.18594899317230992
9.1 -10.738463216827334 0.18609805843887764 0.1860980585526831
9.09 -10.77522665614103 0.18624787417226313 0.18624787428625833
9.08 -10.811998851576263 0.18639844319131263 0.18639844330549787
9.07 -10.848779809088462 0.18654976844495666 0.18654976855933209
9.06 -10.885569534583897 0.18670185289870186 0.18670185301326775
9.05 -10.922368033919739 0.18685469953474085 0.18685469964949739
9.04 -10.95917531290413 0.18700831135206208 0.18700831146700952
9.03 -10.995991377296237 0.18716269136656097 0.18716269148169956
9.02 -11.032816232806308 0.18731784261115184 0.18731784272648175
9.01 -11.069649885095744 0.18747376813588046 0.18747376825140194
9.0 -11.106492339777137 0.18763047100803812 0.1876304711237514
8.99 -11.143343602414353 0.1877879543122757 0.18778795442818094
8.98 -11.180203678522558 0.1879462211507192 0.18794622126681665
8.97 -11.217072573568311 0.18810527464308657 0.18810527475937644
8.96 -11.25395029296961 0.18826511792680412 0.18826511804328666
8.95 -11.29083684209593 0.1884257541571254 0.1884257542738009
8.94 -11.327732226268308 0.18858718650724998 0.1885871866241186
8.93 -11.364636450759388 0.18874941816844365 0.18874941828550554
8.92 -11.401549520793477 0.1889124523501591 0.18891245246741453
8.91 -11.438471441546596 0.18907629228015815 0.1890762923976074
8.9 -11.475402218146566 0.18924094120463472 0.18924094132227795
8.89 -11.512341855673025 0.18940640238833845 0.18940640250617585
8.88 -11.549290359157501 0.18957267911469966 0.18957267923273144
8.87 -11.58624773358348 0.18973977468595518 0.1897397748041816
8.86 -11.623213983886453 0.18990769242327527 0.1899076925416966
8.85 -11.660189114953948 0.19007643566689159 0.190076435785508
8.84 -11.697173131625641 0.19024600777622566 0.19024600789503737
8.83 -11.734166038693344 0.1904164121300191 0.19041641224902633
8.82 -11.771167840901118 0.19058765212646464 0.19058765224566762
8.81 -11.808178542945297 0.19075973118333764 0.19075973130273655
8.8 -11.845198149474541 0.1909326527381297 0.19093265285772473
8.79 -11.882226665089915 0.19110642024818222 0.1911064203679737
8.78 -11.91926409434491 0.19128103719082212 0.1912810373108102
8.77 -11.95631044174553 0.19145650706349746 0.19145650718368235
8.76 -11.993365711750322 0.19163283338391532 0.1916328335042972
8.75 -12.030429908770438 0.19181001969018005 0.19181001981075924
8.74 -12.067503037169699 0.19198806954093267 0.19198806966170937
8.73 -12.104585101264627 0.192166986515492 0.19216698663646634
8.72 -12.141676105324514 0.19234677421399585 0.19234677433516809
8.71 -12.178776053571477 0.1925274362575446 0.192527436378915
8.7 -12.215884950180492 0.19270897628834482 0.19270897640991358
8.69 -12.253002799279479 0.192891397969855 0.1928913980916222
8.68 -12.290129604949318 0.19307470498693152 0.1930747051088975
8.67 -12.327265371223938 0.1932589010459767 0.19325890116814168
8.66 -12.364410102090329 0.1934439898750876 0.19344398999745174
8.65 -12.401563801488631 0.1936299752242058 0.19362997534676932
8.64 -12.43872647331217 0.19381686086526875 0.1938168609880319
8.63 -12.47589812140751 0.19400465059236266 0.1940046507153256
8.62 -12.513078749574495 0.19419334822187564 0.1941933483450387
8.61 -12.55026836156633 0.1943829575926532 0.19438295771601646
8.6 -12.587466961089595 0.1945734825661542 0.1945734826897179
8.59 -12.624674551804336 0.19476492702660855 0.1947649271503729
8.58 -12.661891137324066 0.1949572948811759 0.19495729500514117
8.57 -12.699116721215876 0.19515059006010602 0.19515059018427242
8.56 -12.73635130700044 0.19534481651690003 0.19534481664126763
8.55 -12.773594898152082 0.1955399782284731 0.1955399783530423
8.54 -12.810847498098822 0.19573607919531888 0.1957360793200898
8.53 -12.848109110222435 0.19593312344167463 0.19593312356664747
8.52 -12.8853797378585 0.19613111501568825 0.19613111514086326
8.51 -12.92265938429644 0.19633005798958642 0.1963300581149638
8.5 -12.959948052779572 0.1965299564598441 0.196529956585424
8.49 -12.997245746505177 0.1967308145473557 0.19673081467313835
8.48 -13.034552468624533 0.19693263639760736 0.19693263652359297
8.47 -13.071868222242964 0.1971354261808507 0.19713542630703954
8.46 -13.109193010419894 0.1973391880922784 0.1973391882186706
8.45 -13.14652683616889 0.19754392635220058 0.19754392647879637
8.44 -13.183869702457741 0.19774964520622332 0.1977496453330229
8.43 -13.221221612208451 0.19795634892542796 0.19795634905243156
8.42 -13.258582568297337 0.19816404180655278 0.1981640419337606
8.41 -13.295952573555063 0.19837272817217527 0.1983727282995875
8.4 -13.33333163076668 0.1985824123708966 0.19858241249851344
8.39 -13.370719742671685 0.1987930987775271 0.1987930989053488
8.38 -13.408116911964068 0.1990047917932741 0.19900479192130083
8.37 -13.445523141292364 0.19921749584593024 0.1992174959741622
8.36 -13.482938433259678 0.19943121539006425 0.1994312155185017
8.35 -13.520362790423766 0.19964595490721315 0.1996459550358562
8.34 -13.557796215297065 0.19986171890607557 0.1998617190349245
8.33 -13.595238710346749 0.20007851192270734 0.20007851205176225
8.32 -13.632690277994763 0.20029633852071838 0.2002963386499795
8.31 -13.670150920617893 0.2005152032914713 0.20051520342093895
8.3 -13.707620640547782 0.20073511085428192 0.2007351109839562
8.29 -13.74509944007102 0.20095606585662099 0.20095606598650215
8.28 -13.782587321429146 0.20117807297431803 0.20117807310440625
8.27 -13.820084286818732 0.2014011369117668 0.2014011370420623
8.26 -13.857590338391413 0.20162526240213255 0.2016252625326355
8.25 -13.895105478253932 0.20185045420756084 0.2018504543382714
8.24 -13.932629708468196 0.20207671711938816 0.20207671725030657
8.23 -13.970163031051317 0.202304055958355 0.20230405608948143
8.22 -14.00770544797567 0.20253247557481943 0.20253247570615418
8.21 -14.045256961168914 0.20276198084897412 0.20276198098051726
8.2 -14.082817572514072 0.2029925766910633 0.2029925768228151
8.190000000000001 -14.120387283849551 0.20322426804160376 0.20322426817356443
8.180000000000001 -14.157966096969204 0.203457059871606 0.20345706000377572
8.170000000000002 -14.195554013622369 0.203690957182798 0.20369095731517695
8.16 -14.233151035513922 0.20392596500785087 0.20392596514043926
8.15 -14.270757164304312 0.2041620884106063 0.20416208854340429
8.14 -14.30837240160962 0.20439933248630615 0.204399332619314
8.13 -14.345996749001594 0.2046377023618241 0.20463770249504196
8.120000000000001 -14.38363020800771 0.20487720319589886 0.2048772033293269
8.110000000000001 -14.4212727801112 0.2051178401793697 0.20511784031300806
8.100000000000001 -14.458924466751112 0.205359618535414 0.20535961866926303
8.090000000000002 -14.496585269322342 0.20560254351978727 0.2056025436538471
8.08 -14.534255189175695 0.20584662042106416 0.20584662055533492
8.07 -14.571934227617927 0.20609185456088255 0.20609185469536445
8.06 -14.609622385911775 0.20633825129418948 0.20633825142888274
8.05 -14.647319665276028 0.2065858160094893 0.20658581614439417
8.040000000000001 -14.685026066885552 0.20683455412909377 0.20683455426421027
8.030000000000001 -14.722741591871342 0.20708447110937406 0.20708447124470258
8.020000000000001 -14.760466241320577 0.2073355724410161 0.20733557257655677
8.010000000000002 -14.798200016276645 0.2075878636492769 0.2075878637850298
8.000000000000002 -14.835942917739205 0.20784135029424353 0.20784135043020896
7.990000000000001 -14.873694946664228 0.2080960379710951 0.2080960381072732
7.980000000000001 -14.911456103964039 0.20835193231036547 0.20835193244675645
7.970000000000001 -14.94922639050736 0.20860903897821015 0.20860903911481415
7.960000000000001 -14.98700580711937 0.208867363676674 0.20886736381349127
7.950000000000001 -15.024794354581722 0.20912691214396215 0.2091269122809928
7.940000000000001 -15.06259203363262 0.2093876901547129 0.2093876902919572
7.930000000000001 -15.10039884496684 0.20964970352027354 0.2096497036577316
7.920000000000001 -15.138214789235779 0.20991295808897786 0.20991295822664993
7.910000000000001 -15.176039867047516 0.21017745974642665 0.21017745988431288
7.900000000000001 -15.213874078966834 0.21044321441577074 0.2104432145538713
7.890000000000001 -15.251717425515283 0.21071022805799627 0.2107102281963114
7.880000000000001 -15.289569907171197 0.21097850667221252 0.21097850681074232
7.870000000000001 -15.327431524369786 0.21124805629594254 0.21124805643468725
7.860000000000001 -15.365302277503131 0.21151888300541613 0.21151888314437595
7.8500000000000005 -15.403182166920255 0.21179099291586564 0.21179099305504073
7.840000000000001 -15.44107119292716 0.21206439218182416 0.21206439232121466
7.830000000000001 -15.478969355786878 0.21233908699742657 0.21233908713703267
7.820000000000001 -15.516876655719509 0.21261508359671336 0.21261508373653523
7.8100000000000005 -15.554793092902255 0.21289238825393697 0.21289238839397479
7.800000000000001 -15.592718667469493 0.2131710072838709 0.21317100742412487
7.790000000000001 -15.630653379512799 0.2134509470421219 0.2134509471825922
7.780000000000001 -15.668597229080977 0.21373221392544456 0.21373221406613138
7.770000000000001 -15.706550216180116 0.21401481437205874 0.2140148145129623
7.760000000000001 -15.744512340773673 0.21429875486197072 0.21429875500309112
7.750000000000001 -15.78248360278246 0.21458404191729596 0.21458404205863332
7.740000000000001 -15.82046400208471 0.2148706821025855 0.2148706822441401
7.730000000000001 -15.858453538516125 0.21515868202515548 0.2151586821669274
7.720000000000001 -15.896452211869903 0.2154480483354191 0.2154480484774087
7.710000000000001 -15.934460021896811 0.21573878772722252 0.21573878786942974
7.700000000000001 -15.972476968305203 0.21603090693818217 0.21603090708060727
7.690000000000001 -16.010503050761073 0.21632441275002698 0.21632441289267018
7.680000000000001 -16.04853826888809 0.21661931198894283 0.21661931213180427
7.670000000000001 -16.08658262226768 0.2169156115259199 0.21691561166899972
7.660000000000001 -16.124636110439013 0.21721331827710372 0.21721331842040215
7.650000000000001 -16.162698732899063 0.21751243920414928 0.21751243934766643
7.640000000000001 -16.20077048910268 0.21781298131457827 0.2178129814583143
7.630000000000001 -16.238851378462623 0.2181149516621397 0.21811495180609486
7.620000000000001 -16.276941400349575 0.2184183573471741 0.21841835749134847
7.610000000000001 -16.31504055409221 0.21872320551698013 0.2187232056613739
7.6000000000000005 -16.353148838977248 0.2190295033661859 0.21902950351079933
7.590000000000001 -16.39126625424947 0.21933725813712293 0.21933725828195608
7.580000000000001 -16.429392799111774 0.21964647712020333 0.21964647726525643
7.570000000000001 -16.46752847272522 0.21995716765430123 0.2199571677995744
7.5600000000000005 -16.505673274209073 0.22026933712713717 0.22026933727263057
7.550000000000001 -16.543827202640852 0.2205829929756662 0.22058299312137997
7.540000000000001 -16.58199025705637 0.22089814268646984 0.22089814283240417
7.530000000000001 -16.620162436449746 0.2212147937961512 0.2212147939423063
7.520000000000001 -16.658343739773507 0.22153295389173433 0.2215329540381103
7.510000000000001 -16.696534165938584 0.22185263061106678 0.22185263075766384
7.500000000000001 -16.734733713814382 0.22217383164322627 0.2221738317900445
7.490000000000001 -16.772942382228813 0.22249656472893103 0.22249656487597058
7.480000000000001 -16.811160169968318 0.2228208376609541 0.22282083780821518
7.470000000000001 -16.849387075777948 0.22314665828454144 0.22314665843202422
7.460000000000001 -16.88762309836138 0.22347403449783368 0.2234740346455383
7.450000000000001 -16.925868236381003 0.22380297425229248 0.2238029744002191
7.440000000000001 -16.964122488457875 0.22413348555313034 0.2241334857012791
7.430000000000001 -17.002385853171862 0.2244655764597446 0.2244655766081156
7.420000000000001 -17.040658329061614 0.22479925508615575 0.2247992552347493
7.410000000000001 -17.078939914624634 0.22513452960144983 0.225134529750266
7.400000000000001 -17.117230608317332 0.22547140823022466 0.22547140837926355
7.390000000000001 -17.15553040855505 0.22580989925304054 0.22580989940230245
7.380000000000001 -17.193839313712115 0.22615001100687562 0.22615001115636055
7.370000000000001 -17.232157322121846 0.22649175188558499 0.22649175203529315
7.360000000000001 -17.270484432076675 0.22683513034036432 0.2268351304902958
7.3500000000000005 -17.308820641828113 0.227180154880218 0.2271801550303731
7.340000000000001 -17.34716594958684 0.2275268340724321 0.22752683422281073
7.330000000000001 -17.38552035352269 0.22787517654305095 0.22787517669365345
7.320000000000001 -17.4238838517648 0.22822519097735905 0.22822519112818548
7.3100000000000005 -17.462256442401532 0.2285768861203675 0.22857688627141806
7.300000000000001 -17.5006381234806 0.22893027077730488 0.22893027092857973
7.290000000000001 -17.53902889300907 0.22928535381411272 0.2292853539656119
7.280000000000001 -17.577428748953437 0.22964214415794623 0.22964214430966998
7.270000000000001 -17.615837689239626 0.23000065079767948 0.230000650949628
7.260000000000001 -17.65425571175307 0.23036088278441552 0.23036088293658888
7.250000000000001 -17.692682814338742 0.23072284923200156 0.2307228493843999
7.240000000000001 -17.731118994801186 0.23108655931754896 0.23108655947017237
7.230000000000001 -17.769564250904576 0.2314520222819582 0.23145202243480684
7.220000000000001 -17.808018580372753 0.23181924743044932 0.2318192475835234
7.210000000000001 -17.846481980889287 0.2321882441330974 0.23218824428639698
7.200000000000001 -17.884954450097442 0.23255902182537247 0.23255902197889775
7.190000000000001 -17.923435985600353 0.2329315900086862 0.23293159016243734
7.180000000000001 -17.961926584960942 0.2333059582509424 0.23330595840491955
7.170000000000001 -18.000426245702034 0.23368213618709402 0.2336821363412972
7.160000000000001 -18.038934965306357 0.23406013351970476 0.2340601336741341
7.150000000000001 -18.077452741216653 0.2344399600195167 0.23443996017417246
7.140000000000001 -18.115979570835616 0.2348216255260236 0.2348216256809058
7.130000000000001 -18.15451545152605 0.2352051399480492 0.23520514010315816
7.120000000000001 -18.193060380610795 0.23559051326433209 0.23559051341966777
7.110000000000001 -18.231614355372873 0.23597775552411537 0.2359777556796779
7.1000000000000005 -18.270177373055482 0.23636687684774288 0.23636687700353248
7.090000000000001 -18.30874943086204 0.2367578874272611 0.2367578875832778
7.080000000000001 -18.347330525956238 0.23715079752702675 0.2371507976832708
7.070000000000001 -18.385920655462073 0.23754561748432104 0.23754561764079243
7.0600000000000005 -18.42451981646389 0.23794235770996902 0.23794235786666806
7.050000000000001 -18.463128006006446 0.2383410286889664 0.2383410288458931
7.040000000000001 -18.50174522109493 0.23874164098111117 0.2387416411382656
7.030000000000001 -18.540371458695013 0.23914420522164262 0.23914420537902498
7.020000000000001 -18.579006715732895 0.23954873212188618 0.2395487322794966
7.010000000000001 -18.617650989095345 0.23995523246990516 0.23995523262774376
7.000000000000001 -18.656304275629754 0.24036371713115834 0.24036371728922518
6.990000000000001 -18.694966572144153 0.2407741970491647 0.24077419720746
6.980000000000001 -18.73363787540729 0.2411866832461747 0.24118668340469857
6.970000000000001 -18.772318182148616 0.2416011868238483 0.24160118698260077
6.960000000000001 -18.811007489058422 0.24201771896393937 0.24201771912292053
6.950000000000001 -18.849705792787802 0.24243629092898794 0.24243629108819803
6.940000000000001 -18.8884130899487 0.24285691406301868 0.2428569142224578
6.930000000000001 -18.927129377114007 0.24327959979224642 0.2432795999519147
6.920000000000001 -18.965854650817562 0.24370435962578965 0.2437043597856871
6.910000000000001 -19.0045889075542 0.24413120515638967 0.24413120531651653
6.900000000000001 -19.0433321437798 0.24456014806113907 0.24456014822149535
6.890000000000001 -19.082084355911334 0.2449912001022158 0.24499120026280172
6.880000000000001 -19.120845540326897 0.2454243731276261 0.24542437328844172
6.870000000000001 -19.159615693365787 0.24585967907195375 0.2458596792329992
6.860000000000001 -19.198394811328477 0.24629712995711814 0.2462971301183935
6.8500000000000005 -19.237182890476717 0.24673673789313938 0.24673673805464477
6.840000000000001 -19.27597992703358 0.2471785150789112 0.24717851524064674
6.830000000000001 -19.31478591718347 0.2476224738029825 0.2476224739649483
6.820000000000001 -19.35360085707218 0.24806862644434602 0.24806862660654214
6.8100000000000005 -19.392424742806938 0.24851698547323556 0.2485169856356622
6.800000000000001 -19.431257570456463 0.2489675634519317 0.2489675636145889
6.790000000000001 -19.470099336050993 0.2494203730355754 0.24942037319846325
6.780000000000001 -19.508950035582306 0.24987542697298992 0.2498754271361085
6.770000000000001 -19.5478096650038 0.2503327381075115 0.250332738270861
6.760000000000001 -19.586678220230567 0.2507923193778292 0.2507923195414096
6.750000000000001 -19.625555697139333 0.25125418381883174 0.2512541839826434
6.740000000000001 -19.6644420915686 0.25171834456246556 0.25171834472650834
6.730000000000001 -19.703337399318652 0.25218481483859945 0.25218481500287354
6.720000000000001 -19.742241616151578 0.2526536079758998 0.2526536081404053
6.710000000000001 -19.78115473779136 0.2531247374027145 0.25312473756745146
6.700000000000001 -19.820076759923886 0.25359821664796556 0.25359821681293415
6.690000000000001 -19.859007678197003 0.2540740593420522 0.25407405950725237
6.680000000000001 -19.89794748822055 0.25455227921776225 0.2545522793831941
6.670000000000001 -19.936896185566436 0.2550328901111937 0.25503289027685744
6.660000000000001 -19.975853765768615 0.2555159059626862 0.255515906128582
6.650000000000001 -20.01482022432323 0.2560013408177618 0.2560013409838897
6.640000000000001 -20.053795556688563 0.25648920882807597 0.25648920899443595
6.630000000000001 -20.092779758285122 0.2569795242523782 0.25697952441897043
6.620000000000001 -20.131772824495698 0.2574723014574838 0.2574723016243083
6.610000000000001 -20.170774750665363 0.2579675549192547 0.25796755508631164
6.6000000000000005 -20.20978553210157 0.2584652992235918 0.25846529939088114
6.590000000000001 -20.24880516407416 0.2589655490674368 0.2589655492349588
6.580000000000001 -20.287833641815403 0.25946831925978586 0.25946831942754045
6.570000000000001 -20.326870960520075 0.259973624722713 0.25997362489070036
6.5600000000000005 -20.36591711534545 0.26048148049240516 0.26048148066062543
6.550000000000001 -20.40497210141142 0.260991901720208 0.2609919018886611
6.540000000000001 -20.44403591380045 0.26150490367368295 0.261504903842369
6.530000000000001 -20.48310854755769 0.2620205017376753 0.26202050190659454
6.520000000000001 -20.52218999769102 0.26253871141539503 0.26253871158454745
6.510000000000001 -20.561280259171014 0.26305954832950706 0.2630595484988927
6.500000000000001 -20.600379326931083 0.26358302822323554 0.2635830283928545
6.490000000000001 -20.63948719586747 0.2641091669614785 0.2641091671313308
6.480000000000001 -20.678603860839296 0.26463798053193527 0.264637980702021
6.470000000000001 -20.71772931666862 0.26516948504624577 0.2651694852165651
6.460000000000001 -20.756863558140445 0.2657036967411426 0.2657036969116955
6.450000000000001 -20.796006580002835 0.26624063197961506 0.26624063215040167
6.440000000000001 -20.83515837696689 0.26678030725208635 0.2667803074231067
6.430000000000001 -20.874318943706815 0.26732273917760313 0.2673227393488573
6.420000000000001 -20.913488274859972 0.2678679445050385 0.2678679446765265
6.410000000000001 -20.952666365026918 0.26841594011430775 0.2684159402860298
6.400000000000001 -20.99185320877146 0.2689667430175981 0.26896674318955416
6.390000000000001 -21.03104880062068 0.2695203703606104 0.26952037053280054
6.380000000000001 -21.07025313506499 0.2700768394238166 0.2700768395962409
6.370000000000001 -21.10946620655817 0.2706361676237294 0.27063616779638794
6.360000000000001 -21.148688009517453 0.2711983725141861 0.27119837268707897
6.3500000000000005 -21.187918538323494 0.27176347178764776 0.27176347196077494
6.340000000000001 -21.227157787320483 0.2723314832765111 0.2723314834498727
6.330000000000001 -21.266405750816162 0.27290242495443606 0.27290242512803214
6.320000000000001 -21.305662423081863 0.2734763149376878 0.27347631511151843
6.3100000000000005 -21.344927798352575 0.2740531714864934 0.2740531716605586
6.300000000000001 -21.38420187082697 0.2746330130064138 0.27463301318071354
6.290000000000001 -21.423484634667457 0.27521585804973064 0.27521585822426514
6.280000000000001 -21.462776084000225 0.2758017253168496 0.27580172549161885
6.270000000000001 -21.502076212915288 0.2763906336577184 0.27639063383272244
6.260000000000001 -21.54138501546653 0.27698260207326064 0.27698260224849963
6.250000000000001 -21.580702485671765 0.27757764971682686 0.27757764989230066
6.240000000000001 -21.620028617512745 0.2781757958956603 0.2781757960713691
6.230000000000001 -21.659363404935245 0.2787770600723807 0.2787770602483245
6.220000000000001 -21.698706841849084 0.27938146186648327 0.2793814620426621
6.210000000000001 -21.73805892212819 0.2799890210558561 0.2799890212322701
6.200000000000001 -21.777419639610624 0.28059975757831374 0.2805997577549628
6.190000000000001 -21.816788988098637 0.28121369153314785 0.2812136917100322
6.180000000000001 -21.856166961358717 0.281830843182697 0.2818308433598165
6.170000000000001 -21.895553553121644 0.28245123295393226 0.28245123313128717
6.160000000000001 -21.93494875708251 0.28307488144006243 0.2830748816176526
6.150000000000001 -21.974352566900773 0.2837018094021566 0.2837018095799821
6.140000000000001 -22.013764976200324 0.28433203777078575 0.28433203794884665
6.130000000000001 -22.05318597856951 0.28496558764768287 0.28496558782597925
6.120000000000001 -22.092615567561186 0.285602480307422 0.2856024804859539
6.110000000000001 -22.132053736692765 0.286242737199117 0.2862427373778844
6.1000000000000005 -22.17150047944627 0.2868863799481392 0.28688638012714207
6.090000000000001 -22.21095578926835 0.28753343035785495 0.28753343053709346
6.080000000000001 -22.250419659570365 0.28818391041138397 0.2881839105908581
6.070000000000001 -22.28989208372842 0.28883784227337655 0.28883784245308625
6.0600000000000005 -22.329373055083376 0.2894952482918128 0.28949524847175817
6.050000000000001 -22.36886256694095 0.2901561509998215 0.29015615118000265
6.040000000000001 -22.408360612571737 0.2908205731175212 0.29082057329793803
6.030000000000001 -22.447867185211248 0.29148853755388127 0.2914885377345339
6.020000000000001 -22.48738227805997 0.29216006740860634 0.29216006758949475
6.010000000000001 -22.526905884283405 0.29283518597404107 0.2928351861551653
6.000000000000001 -22.56643799701212 0.2935139167370984 0.29351391691845846
5.990000000000001 -22.605978609341783 0.29419628338120946 0.2941962835628053
5.980000000000001 -22.645527714333234 0.2948823097882971 0.2948823099701288
5.970000000000001 -22.685085305012507 0.29557202004077177 0.2955720202228394
5.960000000000001 -22.72465137437089 0.29626543842355163 0.29626543860585514
5.950000000000001 -22.764225915364946 0.29696258942610604 0.2969625896086454
5.940000000000001 -22.803808920916637 0.29766349774452266 0.29766349792729807
5.930000000000001 -22.843400383913238 0.2983681882836008 0.29836818846661217
5.920000000000001 -22.883000297207527 0.29907668615896665 0.299076686342214
5.910000000000001 -22.922608653617736 0.2997890166992165 0.2997890168826998
5.900000000000001 -22.962225445927626 0.3005052054480834 0.3005052056318028
5.890000000000001 -23.00185066688654 0.30122527816663053 0.3012252783505859
5.880000000000001 -23.041484309209448 0.3019492608354705 0.30194926101966185
5.870000000000001 -23.081126365577 0.3026771796570111 0.3026771798414384
5.860000000000001 -23.120776828635528 0.3034090610577275 0.3034090612423909
5.8500000000000005 -23.16043569099718 0.3041449316904629 0.3041449318753624
5.840000000000001 -23.200102945239898 0.3048848184367553 0.3048848186218907
5.830000000000001 -23.23977858390746 0.3056287484091928 0.3056287485945644
5.820000000000001 -23.279462599509575 0.3063767489537981 0.3063767491394056
5.8100000000000005 -23.31915498452192 0.30712884765243986 0.3071288478382835
5.800000000000001 -23.35885573138615 0.30788507232527534 0.30788507251135505
5.790000000000001 -23.398564832509976 0.30864545103322116 0.3086454512195368
5.780000000000001 -23.438282280267206 0.30941001208045416 0.30941001226700593
5.770000000000001 -23.478008066997795 0.3101787840169434 0.3101787842037311
5.760000000000001 -23.517742185007894 0.31095179564101183 0.31095179582803567
5.750000000000001 -23.557484626569895 0.31172907600193045 0.31172907618919027
5.740000000000001 -23.59723538392247 0.31251065440254294 0.31251065459003874
5.730000000000001 -23.636994449270624 0.31329656040192305 0.31329656058965494
5.720000000000001 -23.676761814785763 0.3140868238180647 0.3140868240060325
5.710000000000001 -23.716537472605722 0.31488147473060424 0.314881474918808
5.700000000000001 -23.75632141483478 0.3156805434835771 0.31568054367201687
5.690000000000001 -23.796113633543786 0.3164840606882079 0.3164840608768836
5.680000000000001 -23.835914120770166 0.31729205722573495 0.3172920574146466
5.670000000000001 -23.87572286851792 0.31810456425027017 0.3181045644394177
5.660000000000001 -23.915539868757758 0.31892161319169327 0.31892161338107666
5.650000000000001 -23.95536511342712 0.3197432357585832 0.3197432359482026
5.640000000000001 -23.995198594430178 0.32056946394118535 0.3205694641310406
5.630000000000001 -24.035040303637953 0.3214003300144153 0.3214003302045063
5.620000000000001 -24.0748902328883 0.3222358665409006 0.32223586673122745
5.610000000000001 -24.114748373986018 0.3230761063740604 0.3230761065646231
5.6000000000000005 -24.154614718702845 0.3239210826612238 0.32392108285202226
5.590000000000001 -24.19448925877753 0.32477082884678643 0.3247708290378205
5.580000000000001 -24.23437198591589 0.32562537867540764 0.3256253788666775
5.570000000000001 -24.27426289179084 0.32648476619524786 0.3264847663867534
5.5600000000000005 -24.314161968042463 0.3273490257612457 0.32734902595298687
5.550000000000001 -24.354069206278037 0.32821819203843794 0.3282181922304147
5.540000000000001 -24.393984598072084 0.32909230000532014 0.32909230019753244
5.530000000000001 -24.43390813496644 0.32997138495725054 0.32997138514969837
5.520000000000001 -24.47383980847029 0.3308554825098972 0.3308554827025806
5.510000000000001 -24.513779610060222 0.33174462860272874 0.33174462879564764
5.500000000000001 -24.553727531180254 0.33263885950254957 0.3326388596957039
5.490000000000001 -24.59368356324192 0.3335382118070803 0.33353821200046996
5.480000000000001 -24.633647697624294 0.3344427224485837 0.3344427226422087
5.470000000000001 -24.67361992567404 0.33535242869753784 0.33535242889139816
5.460000000000001 -24.713600238705475 0.3362673681663553 0.3362673683604508
5.450000000000001 -24.753588628000617 0.33718757881315087 0.3371875790074816
5.440000000000001 -24.793585084809195 0.33811309894555786 0.3381130991401237
5.430000000000001 -24.833589600348763 0.339043967224593 0.339043967419394
5.420000000000001 -24.873602165804698 0.3399802226685723 0.3399802228636084
5.410000000000001 -24.91362277233029 0.34092190465707634 0.34092190485234747
5.400000000000001 -24.953651411046728 0.34186905293496844 0.3418690531304745
5.390000000000001 -24.99368807304324 0.34282170761646363 0.3428217078122046
5.380000000000001 -25.033732749377066 0.34377990918925194 0.3437799093852278
5.370000000000001 -25.07378543107352 0.34474369851867454 0.3447436987148851
5.360000000000001 -25.113846109126097 0.3457131168519547 0.34571311704840013
5.3500000000000005 -25.153914774496446 0.34668820582248483 0.34668820601916484
5.340000000000001 -25.19399141811447 0.34766900745416807 0.3476690076510827
5.330000000000001 -25.234076030878363 0.34865556416581933 0.3486555643629684
5.320000000000001 -25.274168603654626 0.3496479187756223 0.349647918973006
5.3100000000000005 -25.31426912727819 0.35064611450564614 0.3506461147032643
5.300000000000001 -25.354377592552403 0.35165019498642186 0.3516501951842744
5.290000000000001 -25.394493990249106 0.3526602042615791 0.35266020445966584
5.280000000000001 -25.434618311108657 0.3536761867925445 0.35367618699086545
5.270000000000001 -25.47475054584004 0.35469818746330284 0.3546981876618579
5.260000000000001 -25.514890685120857 0.35572625158522064 0.3557262517840099
5.250000000000001 -25.555038719597377 0.3567604249019361 0.3567604251009594
5.240000000000001 -25.59519463988465 0.35780075359431157 0.35780075379356874
5.230000000000001 -25.635358436566488 0.3588472842854554 0.35884728448494646
5.220000000000001 -25.67553010019554 0.3599000640458086 0.35990006424553345
5.210000000000001 -25.715709621293367 0.360959140398302 0.3609591405982605
5.200000000000001 -25.75589699035045 0.3620245613235812 0.36202456152377327
5.190000000000001 -25.796092197826272 0.3630963752653032 0.36309637546572876
5.180000000000001 -25.836295234149365 0.36417463113550413 0.3641746313361633
5.170000000000001 -25.876506089717324 0.3652593783200404 0.3652593785209328
5.160000000000001 -25.91672475489691 0.36635066668410243 0.3663506668852282
5.150000000000001 -25.956951220024067 0.3674485465778044 0.3674485467791633
5.140000000000001 -25.997185475404006 0.3685530688418505 0.36855306904344254
5.130000000000001 -26.03742751131121 0.36966428481327746 0.3696642850151025
5.120000000000001 -26.077677317989515 0.37078224633127654 0.3707822465333344
5.110000000000001 -26.117934885652154 0.3719070057430948 0.3719070059453856
5.1000000000000005 -26.158200204481812 0.3730386159100184 0.37303861611254197
5.090000000000001 -26.198473264630664 0.3741771302134368 0.374177130416193
5.080000000000001 -26.238754056220454 0.37532260256099154 0.3753226027639803
5.070000000000001 -26.279042569342508 0.3764750873928105 0.37647508759603165
5.0600000000000005 -26.319338794057803 0.37763463968782673 0.37763463989128027
5.050000000000001 -26.35964272039706 0.37880131497018715 0.3788013151738729
5.040000000000001 -26.39995433836069 0.3799751693157485 0.37997516951966637
5.030000000000001 -26.440273637918974 0.3811562593586647 0.3811562595628146
5.020000000000001 -26.480600609012015 0.3823446422980663 0.3823446425024482
5.010000000000001 -26.520935241549832 0.38354037590483264 0.38354037610944636
5.000000000000001 -26.561277525412418 0.3847435185284597 0.38474351873330503
4.990000000000001 -26.601627450449758 0.3859541291040233 0.3859541293091003
4.980000000000001 -26.641985006481914 0.3871722671592419 0.3871722673645504
4.970000000000001 -26.68235018329909 0.3883979928216373 0.3883979930271771
4.960000000000001 -26.72272297066159 0.3896313668257977 0.3896313670315688
4.950000000000001 -26.763103358300015 0.3908724505207429 0.3908724507267452
4.940000000000001 -26.80349133591518 0.3921213058773941 0.3921213060836274
4.930000000000001 -26.84388689317826 0.3933779954961502 0.3933779957026143
4.920000000000001 -26.88429001973079 0.3946425826145715 0.39464258282126646
4.910000000000001 -26.924700705184744 0.3959151311151735 0.3959151313220992
4.900000000000001 -26.965118939122537 0.3971957055333321 0.3971957057404883
4.890000000000001 -27.005544711097173 0.3984843710653014 0.398484371272688
4.880000000000001 -27.0459780106322 0.3997811935763477 0.3997811937839646
4.870000000000001 -27.086418827221824 0.4010862396089997 0.4010862398168467
4.860000000000001 -27.126867150330927 0.40239957639141816 0.4023995765994952
4.8500000000000005 -27.167322969395133 0.40372127184588597 0.40372127205419295
4.840000000000001 -27.207786273820858 0.40505139459742184 0.40505139480595864
4.830000000000001 -27.248257052985373 0.40639001398251834 0.4063900141912848
4.820000000000001 -27.288735296236844 0.40773720005800673 0.4077372002670027
4.8100000000000005 -27.329220992894374 0.4090930236100525 0.40909302381927776
4.800000000000001 -27.36971413224808 0.41045755616327995 0.4104575563727344
4.790000000000001 -27.410214703559152 0.411830869990032 0.4118308701997156
4.780000000000001 -27.450722696059852 0.4132130381197653 0.4132130383296779
4.770000000000001 -27.491238098953634 0.4146041343485828 0.4146041345587242
4.760000000000001 -27.531760901415137 0.4160042332489073 0.41600423345927734
4.750000000000001 -27.5722910925903 0.41741341017929745 0.4174134103898959
4.740000000000001 -27.612828661596364 0.4188317412944088 0.4188317415052356
4.730000000000001 -27.65337359752193 0.42025930355510266 0.42025930376615767
4.720000000000001 -27.693925889427064 0.42169617473870474 0.42169617494998796
4.710000000000001 -27.73448552634327 0.423142433449417 0.42314243366092796
4.700000000000001 -27.7750524972736 0.42459815912888327 0.424598159340622
4.690000000000001 -27.815626791192674 0.42606343206691494 0.42606343227888127
4.680000000000001 -27.85620839704678 0.4275383334123752 0.42753833362456906
4.670000000000001 -27.896797303753885 0.42902294518422807 0.4290229453966492
4.660000000000001 -27.937393500203694 0.43051735028275245 0.43051735049540074
4.650000000000001 -27.977996975257714 0.4320216325009262 0.4320216327138014
4.640000000000001 -28.018607717749294 0.43353587653598097 0.433535876749083
4.630000000000001 -28.059225716483695 0.43506016800113323 0.435060168214462
4.620000000000001 -28.099850960238157 0.4365945934374924 0.4365945936510476
4.610000000000001 -28.140483437761894 0.43813924032615 0.4381392405399315
4.6000000000000005 -28.181123137776197 0.43969419710045277 0.43969419731446036
4.590000000000001 -28.22177004897449 0.4412595531584647 0.44125955337269834
4.580000000000001 -28.262424160022373 0.4428353988756174 0.44283539909007685
4.570000000000001 -28.303085459557636 0.44442182561755617 0.4444218258322412
4.5600000000000005 -28.34375393619039 0.4460189257531825 0.446018925968093
4.550000000000001 -28.384429578503045 0.44762679266789857 0.44762679288303436
4.540000000000001 -28.425112375050414 0.44924552077705493 0.4492455209924158
4.530000000000001 -28.46580231435977 0.45087520553960675 0.4508752057551925
4.520000000000001 -28.506499384930855 0.45251594347198193 0.45251594368779247
4.510000000000001 -28.547203575235955 0.454167832162165 0.4541678323782
4.500000000000001 -28.587914873719992 0.4558309702839989 0.4558309705002583
4.490000000000001 -28.628633268800524 0.4575054576117119 0.4575054578281954
4.480000000000001 -28.669358748867822 0.4591913950346706 0.4591913952513781
4.470000000000001 -28.71009130228491 0.46088888457236393 0.4608888847892953
4.460000000000001 -28.750830917387653 0.4625980293896242 0.4625980296067791
4.450000000000001 -28.79157758248479 0.4643189338120853 0.4643189340294637
4.440000000000001 -28.832331285857986 0.46605170334188806 0.4660517035594897
4.430000000000001 -28.87309201576187 0.4677964446736307 0.4677964448914554
4.420000000000001 -28.913859760424135 0.4695532657105749 0.4695532659286224
4.410000000000001 -28.954634508045533 0.47132227558110795 0.47132227579937813
4.400000000000001 -28.99541624680002 0.4731035846554672 0.47310358487395976
4.390000000000001 -29.036204964834685 0.4748973045627323 0.4748973047814471
4.380000000000001 -29.077000650269905 0.4767035482080883 0.47670354842702517
4.370000000000001 -29.11780329119939 0.4785224297903662 0.47852243000952494
4.360000000000001 -29.158612875690178 0.4803540648198655 0.48035406503924594
4.3500000000000005 -29.199429391782743 0.48219857013646333 0.48219857035606506
4.340000000000001 -29.240252827491013 0.48405606392801614 0.48405606414783914
4.330000000000001 -29.28108317080249 0.48592666574906 0.4859266659691041
4.320000000000001 -29.32192040967823 0.48781049653981384 0.4878104967600786
4.3100000000000005 -29.36276453205292 0.48970767864548975 0.48970767886597516
4.300000000000001 -29.40361552583495 0.49161833583592246 0.491618336056628
4.290000000000001 -29.44447337890648 0.4935425933255146 0.49354259354644037
4.280000000000001 -29.48533807912344 0.4954805777935114 0.4954805780146572
4.270000000000001 -29.526209614315658 0.4974324174046082 0.4974324176259737
4.260000000000001 -29.567087972286817 0.4993982418298952 0.4993982420514801
4.250000000000001 -29.60797314081465 0.501378182268149 0.5013781824899533
4.240000000000001 -29.648865107650835 0.503372371467476 0.5033723716894993
4.230000000000001 -29.6897638605212 0.505380943747314 0.5053809439695559
4.220000000000001 -29.730669387125676 0.5074040350207987 0.5074040352432593
4.210000000000001 -29.771581675138364 0.509441782817504 0.509441783040183
4.200000000000001 -29.812500712207648 0.51149432630656 0.511494326529457
4.190000000000001 -29.8534264859562 0.5135618063201594 0.5135618065432742
4.180000000000001 -29.894358983981043 0.5156443653774563 0.5156443656007889
4.170000000000001 -29.935298193853622 0.5177421477088681 0.517742147932418
4.160000000000001 -29.976244103119857 0.5198552992807859 0.5198552995045531
4.150000000000001 -30.017196699300197 0.521983967820703 0.521983968044687
4.140000000000001 -30.05815596988962 0.5241283028427675 0.5241283030669683
4.130000000000001 -30.09912190235782 0.5262884556737701 0.5262884558981875
4.120000000000001 -30.14009448414911 0.5284645794795729 0.5284645797042065
4.110000000000001 -30.181073702682607 0.5306568292919891 0.5306568295168385
4.1000000000000005 -30.222059545352185 0.5328653620361223 0.5328653622611875
4.090000000000001 -30.26305199952661 0.5350903365581745 0.5350903367834552
4.080000000000001 -30.304051052549568 0.537331913653731 0.5373319138792269
4.070000000000001 -30.345056691739668 0.5395902560965332 0.539590256322244
4.0600000000000005 -30.386068904390605 0.5418655286677484 0.5418655288936739
4.050000000000001 -30.427087677771112 0.5441578981857434 0.5441578984118836
4.040000000000001 -30.468112999125104 0.5464675335363797 0.5464675337627338
4.030000000000001 -30.509144855671646 0.54879460570383 0.5487946059303982
4.020000000000001 -30.550183234605097 0.5511392878019358 0.5511392880287177
4.010000000000001 -30.5912281230951 0.5535017551061121 0.5535017553331074
4.000000000000001 -30.63227950828667 0.5558821850858092 0.5558821853130176
3.990000000000001 -30.673337377300243 0.5582807574375486 0.55828075766497
3.980000000000001 -30.71440171723173 0.5606976541185367 0.5606976543461708
3.970000000000001 -30.75547251515257 0.5631330593808744 0.5631330596087206
3.960000000000001 -30.79654975810982 0.5655871598063711 0.5655871600344294
3.950000000000001 -30.837633433126143 0.5680601443419768 0.568060144570247
3.940000000000001 -30.878723527199927 0.5705522043358452 0.5705522045643269
3.930000000000001 -30.919820027305327 0.5730635335740376 0.5730635338027307
3.920000000000001 -30.960922920392306 0.5755943283178868 0.5755943285467907
3.910000000000001 -31.002032193386697 0.5781447873420266 0.5781447875711412
3.900000000000001 -31.043147833190265 0.5807151119731078 0.580715112202433
3.890000000000001 -31.084269826680774 0.5833055061292111 0.5833055063587465
3.880000000000001 -31.12539816071201 0.5859161763599708 0.5859161765897162
3.870000000000001 -31.166532822113872 0.5885473318874269 0.5885473321173817
3.8600000000000008 -31.207673797692415 0.5911991846476171 0.5911991848777812
3.850000000000001 -31.248821074229916 0.5938719493329283 0.5938719495633015
3.8400000000000007 -31.289974638484917 0.5965658434352183 0.5965658436658002
3.830000000000001 -31.331134477192272 0.5992810872897301 0.5992810875205202
3.8200000000000007 -31.372300577063264 0.6020179041198079 0.6020179043508064
3.810000000000001 -31.413472924785555 0.6047765200824402 0.6047765203136465
3.8000000000000007 -31.45465150702336 0.6075571643146387 0.6075571645460527
3.790000000000001 -31.49583631041743 0.6103600689806783 0.6103600692122995
3.7800000000000007 -31.53702732158514 0.6131854693202102 0.6131854695520385
3.770000000000001 -31.578224527120515 0.6160336036972729 0.6160336039293076
3.760000000000001 -31.61942791359434 0.6189047136502129 0.618904713882454
3.750000000000001 -31.660637467554142 0.6217990439425418 0.6217990441749891
3.740000000000001 -31.701853175524327 0.6247168426147454 0.6247168428473983
3.730000000000001 -31.743075024006217 0.6276583610370646 0.6276583612699229
3.720000000000001 -31.784302999478026 0.6306238539632747 0.6306238541963383
3.710000000000001 -31.82553708839504 0.6336135795854767 0.6336135798187452
3.700000000000001 -31.866777277189602 0.6366277995899298 0.6366277998234027
3.690000000000001 -31.908023552271192 0.6396667792139417 0.6396667794476188
3.680000000000001 -31.949275900026453 0.6427307873038451 0.6427307875377262
3.670000000000001 -31.99053430681932 0.6458200963740802 0.6458200966081648
3.660000000000001 -32.03179875899097 0.6489349826674077 0.6489349829016955
3.650000000000001 -32.073069242860015 0.6520757262162808 0.6520757264507716
3.640000000000001 -32.11434574472239 0.6552426109053969 0.6552426111400904
3.630000000000001 -32.15562825085162 0.6584359245354576 0.6584359247703534
3.620000000000001 -32.19691674749867 0.6616559588881642 0.6616559591232619
3.6100000000000008 -32.23821122089213 0.6649030097924739 0.6649030100277732
3.600000000000001 -32.27951165723828 0.6681773771921472 0.668177377427648
3.5900000000000007 -32.320818042721044 0.6714793652146145 0.6714793654503162
3.580000000000001 -32.36213036350214 0.6748092822411886 0.674809282477091
3.5700000000000007 -32.40344860572111 0.6781674409786598 0.6781674412147626
3.560000000000001 -32.444772755495386 0.6815541585322968 0.6815541587685996
3.5500000000000007 -32.48610279892032 0.6849697564802929 0.6849697567167952
3.540000000000001 -32.52743872206929 0.6884145609496818 0.6884145611863836
3.5300000000000007 -32.5687805109937 0.6918889026937661 0.6918889029306668
3.520000000000001 -32.6101281517231 0.6953931171710834 0.6953931174081829
3.510000000000001 -32.65148163026519 0.6989275446259521 0.6989275448632497
3.500000000000001 -32.6928409326059 0.7024925301706292 0.7024925304081249
3.490000000000001 -32.73420604470945 0.7060884238691185 0.7060884241068117
3.480000000000001 -32.77557695251843 0.7097155808226674 0.7097155810605579
3.470000000000001 -32.8169536419538 0.7133743612569907 0.7133743614950783
3.460000000000001 -32.85833609891504 0.7170651306112618 0.7170651308495457
3.450000000000001 -32.899724309280096 0.7207882596289107 0.720788259867391
3.440000000000001 -32.9411182589055 0.7245441244502752 0.7245441246889512
3.430000000000001 -32.982517933626454 0.7283331067071424 0.728333106946014
3.420000000000001 -33.02392331925685 0.7321555936192305 0.7321555938582974
3.410000000000001 -33.065334401589325 0.7360119780926534 0.7360119783319152
3.400000000000001 -33.10675116639535 0.7399026588204147 0.7399026590598708
3.390000000000001 -33.14817359942525 0.7438280403849805 0.7438280406246308
3.380000000000001 -33.18960168640826 0.7477885333629796 0.7477885336028235
3.370000000000001 -33.23103541305268 0.7517845544320823 0.7517845546721197
3.3600000000000008 -33.272474765045814 0.7558165264801077 0.755816526720338
3.350000000000001 -33.31391972805404 0.7598848787164153 0.7598848789568381
3.3400000000000007 -33.355370287722984 0.7639900467856345 0.7639900470262498
3.330000000000001 -33.39682642967741 0.7681324728837889 0.7681324731245959
3.3200000000000007 -33.43828813952146 0.7723126058768701 0.7723126061178688
3.310000000000001 -33.479755402838535 0.776530901421927 0.776530901663117
3.3000000000000007 -33.52122820519151 0.7807878220907248 0.7807878223321053
3.290000000000001 -33.56270653212267 0.7850838374960383 0.7850838377376093
3.2800000000000007 -33.60419036915385 0.7894194244206476 0.7894194246624086
3.270000000000001 -33.64567970178643 0.793795066949097 0.7937950671910475
3.260000000000001 -33.68717451550148 0.7982112566022876 0.7982112568444276
3.250000000000001 -33.72867479575972 0.8026684924749753 0.8026684927173039
3.240000000000001 -33.7701805280017 0.80716728137624 0.8071672816187575
3.230000000000001 -33.81169169764768 0.8117081379730088 0.811708138215714
3.220000000000001 -33.85320829009787 0.816291584936699 0.8162915851795923
3.210000000000001 -33.89473029073242 0.820918153093069 0.8209181533361496
3.200000000000001 -33.936257684911425 0.8255883815753474 0.8255883818186147
3.190000000000001 -33.977790457975075 0.8303028179807302 0.8303028182241843
3.180000000000001 -34.01932859524364 0.8350620185303297 0.8350620187739697
3.170000000000001 -34.060872082017596 0.8398665482326567 0.8398665484764827
3.160000000000001 -34.10242090357762 0.8447169810507342 0.8447169812947454
3.150000000000001 -34.1439750451847 0.8496139000729274 0.8496139003171235
3.140000000000001 -34.18553449208017 0.8545578976875907 0.8545578979319713
3.130000000000001 -34.22709922948577 0.8595495757616242 0.859549576006189
3.120000000000001 -34.26866924260372 0.8645895458230446 0.8645895460677934
3.1100000000000008 -34.310244516616734 0.8696784292476716 0.8696784294926038
3.100000000000001 -34.351825036688155 0.8748168574500356 0.8748168576951506
3.0900000000000007 -34.393410787961955 0.8800054720786182 0.8800054723239157
3.080000000000001 -34.43500175556283 0.8852449252155371 0.8852449254610169
3.0700000000000007 -34.476597924596206 0.8905358795807906 0.8905358798264521
3.060000000000001 -34.51819928014837 0.8958790087411833 0.8958790089870261
3.0500000000000007 -34.55980580728648 0.9012749973240531 0.901274997570077
3.040000000000001 -34.60141749105866 0.9067245412359292 0.9067245414821337
3.0300000000000007 -34.643034316493996 0.9122283478862491 0.9122283481326333
3.020000000000001 -34.68465626860269 0.9177871364162684 0.9177871366628323
3.010000000000001 -34.72628333237604 0.9234016379333061 0.9234016381800494
3.000000000000001 -34.76791549278653 0.9290725957504617 0.9290725959973839
2.990000000000001 -34.80955273478789 0.9348007656319555 0.9348007658790557
2.980000000000001 -34.85119504331518 0.9405869160442397 0.940586916291518
2.970000000000001 -34.89284240328478 0.9464318284130411 0.9464318286604968
2.960000000000001 -34.93449479959455 0.9523362973864883 0.9523362976341212
2.950000000000001 -34.97615221712379 0.9583011311044983 0.958301131352308
2.940000000000001 -35.01781464073333 0.9643271514745834 0.9643271517225692
2.930000000000001 -35.059482055265676 0.9704151944542606 0.9704151947024222
2.920000000000001 -35.101154445544935 0.9765661103402434 0.9765661105885807
2.910000000000001 -35.14283179637695 0.9827807640646006 0.9827807643131128
2.900000000000001 -35.18451409254938 0.9890600354980754 0.9890600357467623
2.890000000000001 -35.22620131883169 0.9954048197607679 0.9954048200096285
2.880000000000001 -35.267893459975284 1.0018160275403756 1.00181602778941
2.870000000000001 -35.3095905007135 1.0082945854182161 1.0082945856674235
2.8600000000000008 -35.35129242576174 1.0148414362032383 1.0148414364526188
2.850000000000001 -35.39299921981745 1.0214575392742546 1.0214575395238072
2.8400000000000007 -35.434710867560234 1.0281438709306217 1.028143871180346
2.830000000000001 -35.476427353651914 1.0349014247516106 1.0349014250015063
2.8200000000000007 -35.51814866273661 1.0417312119647146 1.0417312122147817
2.810000000000001 -35.55987477944068 1.0486342618231486 1.0486342620733857
2.8000000000000007 -35.60160568837296 1.055611621992797 1.0556116222432044
2.790000000000001 -35.64334137412469 1.0626643589488975 1.0626643591994747
2.7800000000000007 -35.685081821269605 1.0697935583827216 1.069793558633468
2.770000000000001 -35.72682701436404 1.077000325618557 1.077000325869472
2.760000000000001 -35.76857693794695 1.0842857860412807 1.084285786292364
2.750000000000001 -35.81033157653997 1.091651085534839 1.09165108578609
2.740000000000001 -35.85209091464752 1.0990973909319464 1.0990973911833646
2.730000000000001 -35.89385493675676 1.1066258904753394 1.106625890726925
2.720000000000001 -35.935623627337804 1.1142377942909214 1.1142377945426734
2.710000000000001 -35.97739697084362 1.1219343348731503 1.1219343351250681
2.700000000000001 -36.01917495171023 1.1297167675830349 1.129716767835118
2.690000000000001 -36.060957554356676 1.137586371159114 1.137586371411362
2.680000000000001 -36.10274476318511 1.1455444482418073 1.1455444484942199
2.670000000000001 -36.1445365625809 1.1535923259115382 1.1535923261641148
2.660000000000001 -36.18633293691261 1.1617313562410427 1.1617313564937835
2.650000000000001 -36.22813387053211 1.1699629168623011 1.1699629171152046
2.640000000000001 -36.26993934777462 1.1782884115485202 1.1782884118015864
2.630000000000001 -36.3117493529588 1.186709270811646 1.1867092710648743
2.620000000000001 -36.35356387038674 1.1952269525158634 1.1952269527692532
2.6100000000000008 -36.395382884344144 1.2038429425075825 1.2038429427611337
2.600000000000001 -36.43720637910022 1.212558755262422 1.2125587555161341
2.5900000000000007 -36.47903433890792 1.2213759345497084 1.2213759348035806
2.580000000000001 -36.5208667480039 1.2302960541150398 1.230296054369072
2.5700000000000007 -36.562703590608564 1.2393207183814805 1.239320718635672
2.560000000000001 -36.60454485092619 1.2484515631699609 1.248451563424311
2.5500000000000007 -36.646390513144944 1.257690256439495 1.2576902566940034
2.540000000000001 -36.68824056143696 1.2670384990478372 1.2670384993025035
2.5300000000000007 -36.7300949799584 1.276498025533227 1.2764980257880505
2.520000000000001 -36.77195375284954 1.286070604917889 1.2860706051728694
2.510000000000001 -36.813816864234774 1.2957580415339889 1.2957580417891257
2.500000000000001 -36.855684298222684 1.305562175872761 1.3055621761280538
2.490000000000001 -36.897556038906174 1.3154848854575547 1.3154848857130026
2.480000000000001 -36.93943207036246 1.3255280857415717 1.3255280859971748
2.470000000000001 -36.98131237665312 1.3356937310311003 1.3356937312868578
2.460000000000001 -37.02319694182424 1.3459838154350683 1.3459838156909796
2.450000000000001 -37.06508574990639 1.356400373841786 1.3564003740978505
2.440000000000001 -37.10697878491468 1.3669454829237646 1.366945483179982
2.430000000000001 -37.14887603084896 1.3776212621715418 1.3776212624279116
2.420000000000001 -37.19077747169367 1.3884298749574704 1.3884298752139923
2.410000000000001 -37.232683091418075 1.399373529630472 1.3993735298871448
2.400000000000001 -37.27459287397622 1.4104544806427841 1.4104544808996078
2.390000000000001 -37.31650680330707 1.42167502970978 1.4216750299667544
2.380000000000001 -37.35842486333454 1.4330375270039715 1.4330375272610953
2.370000000000001 -37.400347037967485 1.44454437238435 1.4445443726416236
2.3600000000000008 -37.442273311099896 1.456198016662271 1.456198016919693
2.350000000000001 -37.484203666610874 1.4680009629051223 1.468000963162693
2.3400000000000007 -37.526138088364675 1.4799557677790778 1.479955768036796
2.330000000000001 -37.56807656021084 1.4920650429322742 1.4920650431901394
2.3200000000000007 -37.610019065984204 1.504331456419813 1.5043314566778252
2.310000000000001 -37.651965589505025 1.5167577341720373 1.516757734430196
2.3000000000000007 -37.6939161145789 1.5293466615075935 1.529346661765897
2.290000000000001 -37.73587062499701 1.5421010846928382 1.5421010849512875
2.2800000000000007 -37.77782910453605 1.555023912549237 1.555023912807831
2.270000000000001 -37.81979153695836 1.5681181181104284 1.5681181183691666
2.260000000000001 -37.861757906011945 1.5813867403307333 1.5813867405896154
2.250000000000001 -37.90372819543055 1.5948328858469332 1.594832886105958
2.240000000000001 -37.94570238893371 1.6084597307952249 1.608459731054392
2.230000000000001 -37.98768047022687 1.6222705226853398 1.622270522944649
2.220000000000001 -38.02966242300138 1.636268582333889 1.6362685825933394
2.210000000000001 -38.07164823093457 1.6504573058590815 1.650457306118673
2.200000000000001 -38.113637877689804 1.6648401667390578 1.66484016699879
2.190000000000001 -38.15563134691662 1.6794207179361615 1.6794207181960334
2.180000000000001 -38.197628622250676 1.6942025940895795 1.6942025943495902
2.170000000000001 -38.239629687313865 1.7091895137788726 1.7091895140390228
2.160000000000001 -38.281634525714416 1.7243852818610346 1.7243852821213226
2.150000000000001 -38.32364312104687 1.7397937918838116 1.7397937921442372
2.140000000000001 -38.36565545689224 1.7554190285781515 1.7554190288387148
2.130000000000001 -38.40767151681796 1.7712650704327555 1.771265070693455
2.120000000000001 -38.44969128437809 1.7873360923538306 1.7873360926146664
2.1100000000000008 -38.49171474311322 1.8036363684133028 1.803636368674274
2.100000000000001 -38.533741876550614 1.8201702746888389 1.8201702749499449
2.0900000000000007 -38.575772668204344 1.8369422921992278 1.8369422924604684
2.080000000000001 -38.617807101575174 1.853957009938779 1.8539570102001535
2.0700000000000007 -38.6598451601508 1.8712191280145807 1.8712191282760884
2.060000000000001 -38.70188682740579 1.8887334608906245 1.8887334611522648
2.0500000000000007 -38.74393208680168 1.90650494074297 1.9065049410047432
2.040000000000001 -38.78598092178709 1.924538620930323 1.924538621192228
2.0300000000000007 -38.8280333157977 1.9428396795845804 1.9428396798466159
2.020000000000001 -38.87008925225639 1.9614134233261016 1.9614134235882676
2.010000000000001 -38.91214871457323 1.9802652911087013 1.9802652913709977
2.000000000000001 -38.95421168614557 1.9994008581995384 1.9994008584619642
1.9900000000000009 -38.996278150358194 2.0188258402993555 2.0188258405619104
1.9800000000000009 -39.03834809058317 2.038546097808754 2.0385460980714374
1.9700000000000009 -39.08042149018013 2.0585676402464435 2.058567640509254
1.9600000000000009 -39.12249833249622 2.078896630825681 2.0788966310886186
1.9500000000000008 -39.16457860086618 2.0995393911954228 2.099539391458487
1.9400000000000008 -39.20666227861238 2.120502406352978 2.120502406616169
1.9300000000000008 -39.24874934904496 2.141792329735307 2.1417923299986237
1.9200000000000008 -39.29083979546183 2.16341598849642 2.1634159887598603
1.9100000000000008 -39.33293360114872 2.185380388978687 2.1853803892422516
1.9000000000000008 -39.37503074937929 2.2076927223862595 2.207692722649949
1.890000000000001 -39.41713122341517 2.2303603706691706 2.2303603709329827
1.880000000000001 -39.459235006506034 2.253390912627095 2.2533909128910294
1.870000000000001 -39.5013420818896 2.276792130242209 2.2767921305062657
1.860000000000001 -39.5434524327918 2.300572015251023 2.300572015515201
1.850000000000001 -39.58556604242677 2.324738775965539 2.324738776229838
1.840000000000001 -39.62768289399687 2.3493008443546186 2.349300844619038
1.830000000000001 -39.669802970692906 2.374266883396955 2.374266883661494
1.820000000000001 -39.71192625569401 2.399645794717627 2.399645794982285
1.810000000000001 -39.75405273216781 2.4254467265207995 2.4254467267855757
1.800000000000001 -39.796182383270455 2.4516790818317746 2.4516790820966694
1.790000000000001 -39.838315192146695 2.4783525270622513 2.4783525273272637
1.780000000000001 -39.880451141929925 2.505477000913363 2.5054770011784924
1.770000000000001 -39.92259021574228 2.5330627236318013 2.533062723897047
1.760000000000001 -39.96473239669464 2.561120206635127 2.561120206900488
1.7500000000000009 -40.006877667886755 2.589660262523184 2.58966026278866
1.7400000000000009 -40.04902601240727 2.6186940154934217 2.6186940157590124
1.7300000000000009 -40.09117741333376 2.648232912178866 2.6482329124445707
1.7200000000000009 -40.13333185373289 2.6782887329284386 2.6782887331942553
1.7100000000000009 -40.17548931666039 2.708873603550392 2.708873603816322
1.7000000000000008 -40.21764978516112 2.7400000075407136 2.7400000078067563
1.6900000000000008 -40.2598132422692 2.7716807988195202 2.771680799085675
1.6800000000000008 -40.301979671007985 2.80392921499971 2.803929215265975
1.6700000000000008 -40.344149054390186 2.8367588912134374 2.8367588914798123
1.6600000000000008 -40.38632137541794 2.8701838745233883 2.8701838747898734
1.6500000000000008 -40.42849661708283 2.904218638947281 2.9042186392138754
1.640000000000001 -40.470674762365945 2.938878101125599 2.938878101392302
1.630000000000001 -40.512855794238014 2.9741776366642316 2.9741776369310426
1.620000000000001 -40.55503969565936 3.010133097185443 3.0101330974523615
1.610000000000001 -40.59722644958009 3.0467608281224794 3.046760828389504
1.600000000000001 -40.639416038940034 3.0840776872951072 3.0840776875622384
1.590000000000001 -40.681608446668875 3.1221010643055083 3.122101064572745
1.580000000000001 -40.72380365568622 3.1608489007961853 3.160848901063526
1.570000000000001 -40.766001648901586 3.2003397116139465 3.2003397118813925
1.560000000000001 -40.8082024092146 3.2405926069265965 3.240592607194146
1.550000000000001 -40.85040591951495 3.2816273153416318 3.281627315609285
1.540000000000001 -40.89261216268242 3.323464208079196 3.3234642083469503
1.530000000000001 -40.93482112158707 3.3661243242545735 3.3661243245224295
1.520000000000001 -40.977032779089235 3.40962939732882 3.409629397596778
1.510000000000001 -41.019247118039566 3.454001882789621 3.454001883057679
1.5000000000000009 -41.06146412127913 3.499264987128204 3.499264987396363
1.4900000000000009 -41.10368377163948 3.54544269818213 3.5454426984503877
1.4800000000000009 -41.14590605194266 3.592559816918029 3.592559817186385
1.4700000000000009 -41.18813094500133 3.6406419907329286 3.6406419910013836
1.4600000000000009 -41.23035843361882 3.6897157483576586 3.6897157486262104
1.4500000000000008 -41.272588500589116 3.7398085364510125 3.7398085367196625
1.4400000000000008 -41.314821128697076 3.7909487579789536 3.790948758247699
1.4300000000000008 -41.35705630071829 3.843165812479036 3.843165812747877
1.4200000000000008 -41.39929399941937 3.896490138316653 3.8964901385855892
1.4100000000000008 -41.44153420755781 3.9509532570465056 3.950953257315535
1.4000000000000008 -41.48377690788216 4.006587820000017 4.006587820269141
1.390000000000001 -41.52602208313205 4.063427657227272 4.06342765749649
1.380000000000001 -41.56826971603831 4.121507828930457 4.121507829199767
1.370000000000001 -41.610519789322964 4.180864679534814 4.180864679804215
1.360000000000001 -41.65277228569928 4.241535894552845 4.241535894822339
1.350000000000001 -41.695027187871936 4.303560560407871 4.303560560677456
1.340000000000001 -41.737284478536964 4.366979227394297 4.366979227663972
1.330000000000001 -41.779544140381915 4.431833975963957 4.43183397623372
1.320000000000001 -41.82180615608582 4.4981684865408775 4.49816848681073
1.310000000000001 -41.864070508319315 4.566028113080754 4.566028113350694
1.300000000000001 -41.90633717974476 4.635459960606454 4.635459960876482
1.290000000000001 -41.94860615301614 4.706512966967084 4.7065129672372
1.280000000000001 -41.99087741077931 4.779237989085614 4.779237989355814
1.270000000000001 -42.033150935671905 4.853687893978886 4.853687894249172
1.260000000000001 -42.07542671032349 4.929917654854255 4.929917655124626
1.2500000000000009 -42.11770471735562 5.007984452609003 5.00798445287946
1.2400000000000009 -42.1599849393819 5.0879477830825275 5.087947783353067
1.2300000000000009 -42.202267359007976 5.169869570436947 5.1698695707075695
1.2200000000000009 -42.2445519588317 5.253814287069653 5.253814287340358
1.2100000000000009 -42.28683872144314 5.3398490804914145 5.339849080762201
1.2000000000000008 -42.32912762942465 5.428043907636332 5.4280439079072
1.1900000000000008 -42.371418665350895 5.518471677105362 5.518471677376311
1.1800000000000008 -42.413711811789035 5.611208399883513 5.611208400154543
1.1700000000000008 -42.45600705129863 5.706333349112577 5.706333349383687
1.1600000000000008 -42.498304366431825 5.803929229546607 5.803929229817793
1.1500000000000008 -42.54060373973334 5.9040823573665735 5.904082357637837
1.140000000000001 -42.58290515374056 6.006882851084391 6.006882851355732
1.130000000000001 -42.62520859098363 6.112424834324782 6.112424834596199
1.120000000000001 -42.667514033985455 6.220806651337195 6.220806651608691
1.110000000000001 -42.709821465261804 6.332131096159339 6.332131096430909
1.100000000000001 -42.75213086732135 6.446505656429629 6.446505656701274
1.090000000000001 -42.79444222266575 6.564042772928644 6.564042773200361
1.080000000000001 -42.836755513789726 6.6848601160199745 6.684860116291765
1.070000000000001 -42.879070723181094 6.809080880259883 6.809080880531747
1.060000000000001 -42.92138783332083 6.936834098553382 6.936834098825317
1.050000000000001 -42.96370682668312 7.068254977353015 7.068254977625022
1.040000000000001 -43.006027685735475 7.203485254526727 7.203485254798804
1.030000000000001 -43.04835039293878 7.342673581663984 7.342673581936133
1.0200000000000011 -43.090674930747305 7.485975932746187 7.485975933018406
1.0100000000000011 -43.13300128160881 7.633556041279894 7.63355604155218
1.000000000000001 -43.175329427964634 7.7855858681810775 7.785585868453434
0.990000000000001 -43.21765935224967 7.9422461029079106 7.942246103180333
0.980000000000001 -43.259991036892536 8.103726700569801 8.103726700842289
0.970000000000001 -43.30232446431556 8.27022745799508 8.270227458267636
0.9600000000000011 -43.34465961693485 8.441958632020528 8.441958632293149
0.9500000000000011 -43.386996477160444 8.61914160357683 8.619141603849515
0.9400000000000011 -43.42933502739623 8.80200959148802 8.80200959176077
0.930000000000001 -43.471675250040136 8.990808420284115 8.99080842055693
0.920000000000001 -43.51401712748408 9.185797346748993 9.18579734702187
0.910000000000001 -43.55636064211417 9.387249950395177 9.387249950668117
0.900000000000001 -43.598705776310645 9.59545509357907 9.59545509385207
0.890000000000001 -43.64105251244802 9.810717957551311 9.810717957824375
0.880000000000001 -43.683400832895046 10.033361161384228 10.03336116165735
0.870000000000001 -43.725750720014915 10.263725971440529 10.263725971713711
0.860000000000001 -43.76810215616521 10.50217360985421 10.502173610127453
0.850000000000001 -43.810455123698006 10.749086671396578 10.749086671669875
0.840000000000001 -43.85280960495996 11.004870659110523 11.00487065938388
0.8300000000000011 -43.895165582292336 11.26995565022886 11.269955650502274
0.8200000000000011 -43.93752303803108 11.544798105163842 11.544798105437314
0.810000000000001 -43.97988195450687 11.829882833784628 11.829882834058154
0.800000000000001 -44.0222423140452 12.12572513480859 12.125725135082172
0.790000000000001 -44.06460409896645 12.43287312594662 12.432873126220253
0.780000000000001 -44.106967291585924 12.751910284490778 12.751910284764469
0.770000000000001 -44.14933187421392 13.083458220348733 13.083458220622473
0.760000000000001 -44.19169782915582 13.42817970615194 13.428179706425732
0.750000000000001 -44.23406513871213 13.786781992039304 13.786781992313148
0.740000000000001 -44.27643378517848 14.160020436097351 14.160020436371248
0.730000000000001 -44.31880375084584 14.54870248528319 14.548702485557142
0.720000000000001 -44.36117501800043 14.953692046039759 14.953692046313755
0.7100000000000011 -44.40354756892391 15.375914288817315 15.375914289091357
0.7000000000000011 -44.44592138589329 15.816360936440045 15.816360936714137
0.6900000000000011 -44.488296451181185 16.276096092816545 16.276096093090686
0.680000000000001 -44.530672747055725 16.756262676025077 16.75626267629926
0.670000000000001 -44.57305025578064 17.258089528468663 17.2580895287429
0.660000000000001 -44.61542895961544 17.782899286781948 17.78289928705623
0.650000000000001 -44.6578088408153 18.33211710570656 18.33211710598088
0.640000000000001 -44.700189881631275 18.907280343502794 18.907280343777167
0.630000000000001 -44.742572064310295 19.51004933195199 19.5100493322264
0.620000000000001 -44.784955371095215 20.142219372008242 20.142219372282696
0.610000000000001 -44.827339784224925 20.805734117137728 20.805734117412225
0.600000000000001 -44.86972528593436 21.502700530888276 21.502700531162816
0.590000000000001 -44.91211185845461 22.23540563392449 22.23540563419907
0.5800000000000011 -44.95449948401296 23.006335289444568 23.00633528971919
0.5700000000000011 -44.996888144832994 23.818195315535895 23.81819531581056
0.560000000000001 -45.03927782313454 24.67393525980786 24.673935260082555
0.550000000000001 -45.08166850113391 25.576775227002624 25.576775227277356
0.540000000000001 -45.12406016104377 26.530236215992808 26.53023621626758
0.530000000000001 -45.16645278507342 27.538174500794234 27.538174501069047
0.520000000000001 -45.20884635542861 28.604820683625316 28.604820683900165
0.510000000000001 -45.25124085431187 29.73482415993739 29.734824160212273
0.500000000000001 -45.29363626392228 30.93330386983 30.933303870104915
0.49000000000000105 -45.33603256645585 32.20590637247473 32.20590637274968
0.48000000000000104 -45.37842974410529 33.55887247651797 33.558872476792956
0.47000000000000103 -45.4208277790603 34.99911389798808 34.9991138982631
0.460000000000001 -45.463226653507476 36.5343017081969 36.53430170847195
0.450000000000001 -45.505626349630475 38.17296869044753 38.17296869072262
0.440000000000001 -45.548026849610004 39.924628162560154 39.92462816283526
0.43000000000000105 -45.59042813562398 41.799912363485575 41.79991236376071
0.42000000000000104 -45.632830189847475 43.81073417389724 43.81073417417241
0.41000000000000103 -45.67523299445286 45.9704767780209 45.970476778296096
0.400000000000001 -45.71763653160983 48.294216923212765 48.29421692348799
0.390000000000001 -45.760040783485486 50.79898875543097 50.79898875570621
0.380000000000001 -45.80244573224442 53.50409688261116 53.504096882886444
0.37000000000000105 -45.84485136004875 56.43148945013947 56.43148945041479
0.36000000000000104 -45.88725764905814 59.606204745027256 59.60620474530258
0.35000000000000103 -45.929664581429954 63.05690836927372 63.05690836954907
0.340000000000001 -45.97207213931928 66.8165425979373 66.81654259821268
0.330000000000001 -46.01448030487893 70.92311551911247 70.92311551938789
0.320000000000001 -46.056889060259664 75.42066543210895 75.42066543238435
0.310000000000001 -46.099298387610034 80.36044644034521 80.36044644062066
0.30000000000000104 -46.141708269076624 85.802395178312 85.80239517858746
0.29000000000000103 -46.1841186868041 91.81695752334115 91.81695752361661
0.280000000000001 -46.226529622935125 98.4873799240749 98.48737992435039
0.270000000000001 -46.26894105961062 105.9126054766848 105.91260547696031
0.260000000000001 -46.31135297896963 114.21096428378054 114.21096428405608
0.250000000000001 -46.35376536314962 123.52491717395885 123.52491717423442
0.240000000000001 -46.3961781942863 134.02721095495363 134.02721095522924
0.23000000000000098 -46.438591454513855 145.92894644487464 145.92894644515025
0.220000000000001 -46.481005125964906 159.49027003456186 159.49027003483747
0.210000000000001 -46.52341919077065 175.03471106122396 175.0347110614996
0.20000000000000098 -46.565833631060904 192.9686582489095 192.96865824918515
0.190000000000001 -46.60824842896408 213.80819348603907 213.80819348631474
0.180000000000001 -46.65066356660744 238.21663954431645 238.2166395445921
0.17000000000000098 -46.693079026116976 267.0580047735563 267.05800477383207
0.160000000000001 -46.73549478961751 301.4745091366574 301.47450913693314
0.150000000000001 -46.77791083923288 343.0014403564016 343.00144035667734
0.14000000000000098 -46.820327157085835 393.7413907824046 393.74139078268024
0.130000000000001 -46.86274372529825 456.6357388713695 456.6357388716452
0.120000000000001 -46.905160525991114 535.9007354119952 535.900735412271
0.110000000000001 -46.94757754128458 637.7529807897263 637.752980790002
0.10000000000000099 -46.989994753298085 771.6665419054071 771.666541905683
0.090000000000001 -47.03241214415047 952.6584745360334 952.6584745363094
0.080000000000001 -47.07482969595993 1205.6899595283903 1205.6899595286661
0.07000000000000099 -47.11724739084435 1574.7574918718442 1574.7574918721202
0.060000000000001004 -47.15966521092125 2143.394875199828 2143.394875200104
0.050000000000001 -47.202083138308254 3086.458104788221 3086.458104788497
0.040000000000001 -47.24450115512376 4822.551776890133 4822.551776890408
0.030000000000001 -47.28691924348855 8573.371435661613 8573.371435661888
0.020000000000001003 -47.32933738553267 19289.99900912826 19289.99900912854
0.010000000000001 -47.37175556343551 77159.78746808 77159.78746808029
