12.77 2.283953095525582 0.36652582266259337 0.36701003905722474
12.76 2.2839464864462373 0.3662884678844958 0.3667701230397246
12.75 2.2441123423419667 0.36605235629556515 0.3665314637257419
12.74 2.204264992469214 0.36581748542846937 0.36629405861068665
12.73 2.16440444511333 0.36558385283432737 0.36605790520867776
12.72 2.1245307085813425 0.3653514560826475 0.3658230010524778
12.71 2.0846437912020175 0.365120292761265 0.3655893436934288
12.7 2.0447437013259187 0.364890360476281 0.36535693070138847
12.69 2.0048304473254666 0.3646616568519852 0.3651257596646663
12.68 1.9649040375949989 0.3644341795308103 0.3648958281899615
12.67 1.924964480550828 0.3642079261732738 0.36466713390230054
12.66 1.8850117846312993 0.36398289445789317 0.36443967444497577
12.65 1.8450459582968484 0.3637590820811539 0.36421344747948353
12.64 1.805067010030059 0.363536486757436 0.3639884506854649
12.63 1.7650749483357178 0.36331510621896024 0.3637646817606453
12.62 1.7250697817408718 0.3630949382157214 0.3635421384207746
12.61 1.685051518794883 0.36287598051543873 0.36332081839956903
12.6 1.6450201680694823 0.3626582309034947 0.36310071944865263
12.59 1.6049757381588254 0.3624416871828822 0.36288183933749935
12.58 1.5649182376795452 0.3622263471741489 0.3626641758533763
12.57 1.5248476752708062 0.3620122087153349 0.36244772680128684
12.56 1.4847640595943548 0.3617992696619221 0.36223249000391466
12.55 1.444667399334574 0.3615875278867741 0.3620184633015679
12.54 1.4045577031985335 0.36137698128009565 0.36180564455212455
12.53 1.36443497991604 0.36116762774936817 0.36159403163097775
12.52 1.3242992382396894 0.36095946521929395 0.3613836224309818
12.51 1.2841504869449147 0.3607524916317572 0.3611744148623987
12.5 1.2439887348300367 0.3605467049457554 0.36096640685284576
12.49 1.203813990716311 0.3603421031373658 0.3607595963472422
12.48 1.1636262634479781 0.36013868419968165 0.3605539813077587
12.47 1.1234255618923097 0.3599364461427589 0.36034955971376437
12.46 1.0832118949396552 0.3597353869935825 0.36014632956177767
12.45 1.0429852715034902 0.3595355047959981 0.3599442888654148
12.44 1.0027457005204596 0.3593367976106794 0.3597434356553406
12.43 0.9624931909504242 0.35913926351507053 0.3595437679792186
12.42 0.922227751776507 0.3589429006033326 0.35934528390166304
12.41 0.8819493920051332 0.3587477069863159 0.35914798150419
12.4 0.8416581206660776 0.35855368079149125 0.35895185888516984
12.39 0.8013539468125053 0.35836082016292026 0.35875691415977995
12.38 0.7610368795210156 0.3581691232612017 0.3585631454599576
12.37 0.7207069278916818 0.35797858826342505 0.35837055093435477
12.36 0.6803641010480931 0.35778921336312786 0.35817912874829094
12.35 0.6400084081373972 0.35760099677025137 0.3579888770837085
12.34 0.5996398583303376 0.35741393671109406 0.35779979413912827
12.33 0.5592584608212933 0.35722803142826687 0.3576118781296042
12.32 0.518864224828318 0.3570432791806611 0.35742512728668047
12.31 0.4784571595931795 0.3568596782433981 0.35723953985834783
12.3 0.4380372743813957 0.3566772269077877 0.3570551141090003
12.29 0.39760457848227204 0.3564959234812778 0.3568718483193941
12.28 0.3571590812089378 0.3563157662874254 0.3566897407866039
12.27 0.31670079189838113 0.35613675366585745 0.3565087898239827
12.26 0.27622971991148665 0.3559588839722254 0.3563289937611208
12.25 0.23574587463306715 0.35578215557816334 0.3561503509438048
12.24 0.19524926547189853 0.3556065668712461 0.3559728597339778
12.23 0.15473990186075434 0.35543211625496063 0.35579651850970007
12.22 0.11421779325643547 0.35525880214866273 0.35562132566510946
12.21 0.07368294913980572 0.35508662298754035 0.35544727961038364
12.2 0.03313537901582049 0.35491557722257305 0.3552743787717013
12.19 -0.00742490758644044 0.3547456633204983 0.3551026215912046
12.18 -0.04799790111374432 0.35457687976377106 0.35493200652696233
12.17 -0.08858359198867446 0.35440922505053213 0.3547625320529326
12.16 -0.1291819706096021 0.3542426976945754 0.35459419665892705
12.15 -0.16979302735065813 0.354077296225298 0.35442699885057466
12.14 -0.21041675256170583 0.35391301918768264 0.3542609371492867
12.13 -0.25105313656831274 0.3537498651422548 0.35409601009222125
12.12 -0.2917021696717238 0.35358783266505867 0.3539322162322498
12.11 -0.33236384214883813 0.3534269203476031 0.3537695541379219
12.1 -0.3730381442521807 0.3532671267968509 0.353608022393433
12.09 -0.41372506620988087 0.35310845063517143 0.35344761959858984
12.08 -0.45442459822564796 0.35295089050031386 0.3532883443687791
12.07 -0.4951367304787436 0.3527944450453795 0.35313019533493434
12.06 -0.5358614531239664 0.35263911293879135 0.35297317114350446
12.05 -0.5765987562916262 0.3524848928642582 0.35281727045642286
12.04 -0.6173486300875206 0.352331783520737 0.3526624919510763
12.03 -0.6581110645929189 0.3521797836224195 0.35250883432027347
12.02 -0.6988860498645404 0.35202889189868847 0.3523562962722166
12.01 -0.7396735759345329 0.3518791070941044 0.35220487653047067
12.0 -0.7804736328104578 0.3517304279683621 0.352054573833935
11.99 -0.8212862104752698 0.3515828532962641 0.3519053869368142
11.98 -0.8621112988873014 0.35143638186771314 0.3517573146085899
11.97 -0.9029488879802421 0.35129101248764905 0.35161035563399307
11.96 -0.9437989676631287 0.35114674397605494 0.3514645088129768
11.95 -0.9846615278203249 0.351003575167923 0.3513197729606889
11.94 -1.0255365583115073 0.35086150491321094 0.35117614690744603
11.93 -1.0664240489716563 0.3507205320768365 0.3510336294987069
11.92 -1.1073239896110345 0.3505806555386383 0.3508922195950469
11.91 -1.1482363700151828 0.35044187419336453 0.35075191607213313
11.9 -1.189161179944902 0.3503041869506447 0.3506127178206989
11.89 -1.2300984091362435 0.35016759273495757 0.3504746237465205
11.88 -1.271048047300502 0.3500320904856128 0.35033763277039187
11.87 -1.3120100841241988 0.349897679156731 0.350201743828102
11.86 -1.3529845092690798 0.3497643577172249 0.35006695587041187
11.85 -1.3939713123721036 0.34963212515076736 0.3499332678630311
11.84 -1.4349704830454302 0.3495009804557699 0.34980067878659626
11.83 -1.4759820108764221 0.3493709226453635 0.3496691876366489
11.82 -1.5170058854276294 0.3492419507473846 0.3495387934236139
11.81 -1.5580420962367907 0.3491140638043523 0.3494094951727787
11.8 -1.5990906328168235 0.3489872608734391 0.34928129192427276
11.79 -1.6401514846558212 0.34886154102646116 0.3491541827330471
11.78 -1.681224641217051 0.3487369033498516 0.34902816666885517
11.77 -1.7223100919389498 0.348613346944651 0.34890324281623275
11.76 -1.7634078262351196 0.34849087092647996 0.34877941027447945
11.75 -1.8045178334943304 0.3483694744255265 0.3486566681576403
11.74 -1.8456401030805127 0.3482491565865277 0.3485350155944877
11.73 -1.8867746243327692 0.34812991656874165 0.34841445172850327
11.72 -1.9279213865653637 0.34801175354595626 0.348294975717861
11.71 -1.9690803790677236 0.3478946667064507 0.34817658673541035
11.7 -2.0102515911044474 0.34777865525298385 0.34805928396866015
11.69 -2.0514350119153058 0.34766371840277943 0.3479430666197618
11.68 -2.0926306307152465 0.3475498553875212 0.3478279339054945
11.67 -2.1338384366943846 0.34743706545331926 0.34771388505724926
11.66 -2.1750584190180327 0.34732534786070884 0.34760091932101495
11.65 -2.2162905668266832 0.34721470188463355 0.34748903595736325
11.64 -2.257534869236027 0.3471051268144411 0.347378234241435
11.63 -2.2987913153369575 0.34699662195385506 0.34726851346292686
11.62 -2.340059894195576 0.34688918662096063 0.34715987292607764
11.61 -2.3813405948532047 0.34678282014820505 0.34705231194965613
11.6 -2.42263340632639 0.3466775218823822 0.34694582986694844
11.59 -2.4639383176069205 0.3465732911846227 0.3468404260257459
11.58 -2.5052553176618275 0.34647012743037403 0.3467360997883341
11.57 -2.5465843954334066 0.3463680300093907 0.3466328505314815
11.56 -2.5879255398392234 0.3462669983257405 0.34653067764642853
11.55 -2.6292787397721242 0.34616703179778013 0.3464295805388775
11.54 -2.6706439841002574 0.34606812985813823 0.3463295586289833
11.53 -2.712021261667083 0.34597029195372303 0.3462306113513424
11.52 -2.7534105612913873 0.3458735175457072 0.34613273815498535
11.51 -2.7948118717673 0.3457778061095271 0.3460359385033674
11.5 -2.836225181864306 0.34568315713486025 0.3459402118743606
11.49 -2.8776504803272775 0.34558957012562336 0.3458455577602453
11.48 -2.9190877558764696 0.34549704459996905 0.3457519756677034
11.47 -2.960536997207557 0.3454055800902697 0.34565946511781087
11.46 -3.0019981929916466 0.3453151761431392 0.3455680256460316
11.45 -3.0434713318753013 0.3452258323193963 0.3454776568022106
11.44 -3.084956402480551 0.345137548194056 0.3453883581505689
11.43 -3.1264533934049297 0.34505032335635216 0.34530012926969705
11.42 -3.1679622932214806 0.3449641574097135 0.34521296975255106
11.41 -3.2094830904787996 0.3448790499717708 0.34512687920644763
11.4 -3.2510157737010377 0.3447950006743403 0.3450418572530596
11.39 -3.2925603313879437 0.3447120091634344 0.34495790352841255
11.38 -3.3341167520148782 0.34463007509924476 0.3448750176828815
11.37 -3.3756850240328458 0.3445491981561388 0.34479319938118713
11.36 -3.417265135868519 0.34446937802267547 0.344712448302394
11.35 -3.4588570759242723 0.3443906144016013 0.3446327641399085
11.34 -3.5004608325781956 0.3443129070098151 0.3445541466014763
11.33 -3.5420763941841407 0.34423625557841775 0.34447659540918174
11.32 -3.5837037490717494 0.3441606598526636 0.3444001102994465
11.31 -3.625342885546466 0.34408611959200125 0.34432469102302915
11.3 -3.666993791889594 0.3440126345700514 0.3442503373450251
11.29 -3.708656456358309 0.34394020457460384 0.3441770490448671
11.28 -3.750330867185705 0.3438688294076287 0.34410482591632535
11.27 -3.792017012580818 0.34379850888528135 0.34403366776750904
11.26 -3.8337148807286714 0.34372924283788847 0.3439635744208676
11.25 -3.8754244597903 0.3436610311099638 0.34389454571319306
11.24 -3.9171457379027923 0.34359387356020604 0.3438265814956218
11.23 -3.958878703179333 0.3435277700615077 0.34375968163363746
11.22 -4.000623343709227 0.34346272050095106 0.34369384600707453
11.21 -4.042379647557951 0.34339872477980765 0.34362907451012137
11.2 -4.084147602767189 0.3433357828135595 0.3435653670513244
11.19 -4.125927197354862 0.3432738945318911 0.3435027235535927
11.18 -4.167718419315186 0.3432130598786899 0.3434411439542022
11.17 -4.209521256618704 0.34315327881207175 0.3433806282048017
11.16 -4.25133569721233 0.34309455130435673 0.3433211762714177
11.15 -4.29316172901939 0.3430368773421051 0.34326278813446087
11.14 -4.334999339939676 0.34298025692610945 0.3432054637887326
11.13 -4.376848517849471 0.3429246900714094 0.3431492032434313
11.12 -4.418709250601616 0.34287017680728643 0.3430940065221608
11.11 -4.460581526025543 0.342816717177277 0.3430398736629369
11.1 -4.5024653319273265 0.34276431123919243 0.3429868047181959
11.09 -4.544360656089734 0.3427129590651131 0.34293479975480323
11.08 -4.586267486272269 0.34266266074140256 0.34288385885406264
11.07 -4.6281858102112245 0.3426134163687172 0.34283398211172483
11.06 -4.670115615619732 0.3425652260620169 0.3427851696379978
11.05 -4.712056890187812 0.3425180899505809 0.3427374215575573
11.04 -4.75400962158243 0.34247200817800755 0.34269073800955685
11.03 -4.79597379744754 0.3424269809022305 0.34264511914763907
11.02 -4.837949405404153 0.34238300829554014 0.34260056513994747
11.01 -4.879936433050369 0.34234009054457804 0.34255707616913783
11.0 -4.921934867961459 0.3422982278503582 0.3425146524323911
10.99 -4.9639446976898975 0.34225742042827945 0.3424732941414256
10.98 -5.005965909765433 0.34221766850814694 0.3424330015225104
10.97 -5.047998491695142 0.3421789723341788 0.34239377481647953
10.96 -5.090042430963484 0.3421413321650174 0.3423556142787452
10.95 -5.132097715032363 0.3421047482737422 0.34231852017931264
10.94 -5.174164331341186 0.342069220947891 0.3422824928027954
10.93 -5.216242267306929 0.3420347504894747 0.34224753244842937
10.92 -5.25833151032419 0.342001337214999 0.34221363943009037
10.91 -5.30043204776526 0.3419689814554716 0.3421808140763092
10.9 -5.342543866980178 0.3419376835564159 0.34214905673028845
10.89 -5.384666955296801 0.34190744387790817 0.34211836774991994
10.88 -5.426801300020861 0.34187826279455863 0.34208874750780205
10.87 -5.468946888436039 0.34185014069557806 0.3420601963912574
10.86 -5.511103707804032 0.3418230779847595 0.3420327148023519
10.85 -5.553271745364607 0.34179707508050583 0.34200630315791314
10.84 -5.595450988335686 0.3417721324158583 0.3419809618895497
10.83 -5.637641423913394 0.3417482504385059 0.3419566914436711
10.82 -5.679843039272154 0.3417254296108153 0.341933492281508
10.81 -5.722055821564736 0.3417036704098298 0.34191136487913226
10.8 -5.76427975792234 0.3416829733273321 0.3418903097274789
10.79 -5.8065148354546565 0.34166333886982697 0.34187032733236694
10.78 -5.848761041249952 0.3416447675585872 0.34185141821452186
10.77 -5.891018362375136 0.3416272599296625 0.3418335829095982
10.76 -5.933286785875836 0.34161081653389336 0.34181682196820146
10.75 -5.975566298776472 0.3415954379369708 0.34180113595591266
10.74 -6.01785688808033 0.3415811247194179 0.34178652545331145
10.73 -6.060158540769644 0.34156787747665296 0.3417729910560001
10.72 -6.10247124380567 0.34155569681897213 0.3417605333746294
10.71 -6.144794984128768 0.34154458337161836 0.34174915303492226
10.7 -6.18712974865847 0.3415345377747889 0.341738850677701
10.69 -6.229475524293581 0.34152556068364043 0.3417296269589125
10.68 -6.27183229791223 0.3415176527683561 0.34172148254965495
10.67 -6.314200056371981 0.3415108147141356 0.34171441813620523
10.66 -6.356578786509901 0.34150504722123876 0.3417084344200458
10.65 -6.3989684751426354 0.3415003510050317 0.34170353211789334
10.64 -6.441369109066509 0.34149672679598686 0.3416997119617269
10.63 -6.483780675057602 0.34149417533971704 0.34169697469881716
10.62 -6.5262031598718275 0.34149269739702226 0.34169532109175554
10.61 -6.568636550245035 0.34149229374390344 0.34169475191848453
10.6 -6.611080832893091 0.341492965171583 0.3416952679723274
10.59 -6.653535994511954 0.3414947124865772 0.3416968700620196
10.58 -6.696002021777776 0.3414975365106844 0.3416995590117398
10.57 -6.738478901347 0.3415014380810522 0.3417033356611426
10.56 -6.780966619856426 0.34150641805016013 0.34170820086539
10.55 -6.823465163923322 0.34151247728592143 0.3417141554951842
10.54 -6.86597452014551 0.3415196166716517 0.34172120043680176
10.53 -6.908494675101463 0.34152783710614826 0.34172933659212684
10.52 -6.95102561535038 0.34153713950370257 0.3417385648786858
10.51 -6.993567327432309 0.34154752479412237 0.3417488862296814
10.5 -7.03611979786822 0.34155899392279904 0.341760301594029
10.49 -7.078683013160106 0.34157154785073096 0.34177281193639153
10.48 -7.121256959791086 0.3415851875545624 0.34178641823721684
10.47 -7.163841624225493 0.34159991402660583 0.3418011214927739
10.46 -7.206436992908984 0.34161572827488723 0.3418169227151905
10.45 -7.249043052268627 0.34163263132319766 0.3418338229324906
10.44 -7.291659788713011 0.34165062421111714 0.3418518231886336
10.43 -7.3342871886323335 0.341669707994049 0.3418709245435524
10.42 -7.376925238398515 0.3416898837432839 0.34189112807319366
10.41 -7.419573924365302 0.34171115254600537 0.34191243486955675
10.4 -7.462233232868352 0.34173351550534825 0.34193484604073526
10.39 -7.504903150225353 0.34175697374046593 0.34195836271095753
10.38 -7.547583662736138 0.34178152838652454 0.3419829860206283
10.37 -7.590274756682756 0.3418071805947577 0.3420087171263708
10.36 -7.632976418329617 0.3418339315325528 0.3420355572010692
10.35 -7.675688633923566 0.34186178238343345 0.34206350743391223
10.34 -7.718411389694016 0.3418907343471386 0.34209256903043683
10.33 -7.761144671853044 0.34192078863965086 0.34212274321257186
10.32 -7.803888466595503 0.3419519464932673 0.3421540312186834
10.31 -7.846642760099122 0.3419842091565951 0.3421864343036204
10.3 -7.889407538524643 0.34201757789466347 0.3422199537387595
10.29 -7.932182788015903 0.3420520539889111 0.3422545908120528
10.28 -7.974968494699966 0.342087638737265 0.3422903468280738
10.27 -8.017764644687224 0.34212433345419896 0.342327223108066
10.26 -8.06057122407152 0.34216213947073115 0.34236522098999045
10.25 -8.103388218930254 0.3422010581345252 0.3424043418285742
10.24 -8.14621561532452 0.3422410908099193 0.3424445869953605
10.23 -8.189053399299183 0.34228223887797443 0.34248595787875774
10.22 -8.231901556883034 0.3423245037365271 0.34252845588409075
10.21 -8.274760074088892 0.3423678868002424 0.34257208243365117
10.2 -8.317628936913716 0.34241238950065794 0.34261683896674927
10.19 -8.360508131338735 0.3424580132862581 0.34266272693976646
10.18 -8.403397643329576 0.3425047596224892 0.34270974782620767
10.17 -8.446297458836355 0.34255262999185015 0.342757903116755
10.16 -8.489207563793824 0.3426016258939283 0.3428071943193216
10.15 -8.532127944121497 0.3426517488454626 0.3428576229591063
10.14 -8.575058585723752 0.3427030003803751 0.342909190578649
10.13 -8.61799947448997 0.3427553820498688 0.34296189873788613
10.12 -8.660950596294652 0.34280889542244863 0.3430157490142071
10.11 -8.703911936997553 0.3428635420839819 0.34307074300251206
10.1 -8.746883482443804 0.3429193236377887 0.3431268823152683
10.09 -8.789865218464032 0.3429762417046384 0.3431841685825694
10.08 -8.832857130874496 0.34303429792288254 0.34324260345219393
10.07 -8.87585920547722 0.34309349394846306 0.3433021885896647
10.06 -8.918871428060108 0.34315383145498674 0.3433629256783096
10.05 -8.961893784397086 0.34321531213379075 0.3434248164193218
10.04 -9.004926260248222 0.343277937694004 0.3434878625318214
10.03 -9.047968841359873 0.3433417098626022 0.3435520657529176
10.02 -9.091021513464806 0.34340663038446523 0.3436174278377711
10.01 -9.134084262282324 0.3434727010224608 0.3436839505596579
10.0 -9.177157073518416 0.34353992355749335 0.343751635710033
9.99 -9.220239932865887 0.3436082997885678 0.3438204850985953
9.98 -9.263332826004484 0.343677831532873 0.3438905005533531
9.97 -9.306435738601042 0.3437485206258337 0.34396168392068993
9.96 -9.349548656309606 0.343820368921164 0.34403403706543123
9.95 -9.392671564771595 0.34389337829095856 0.34410756187091196
9.94 -9.435804449615919 0.3439675506257516 0.34418226023904436
9.93 -9.478947296459113 0.3440428878345743 0.34425813409038686
9.92 -9.522100090905493 0.34411939184505996 0.34433518536421365
9.91 -9.565262818547296 0.34419706460347754 0.3444134160185851
9.9 -9.608435464964804 0.3442759080748103 0.34449282803041764
9.89 -9.651618015726495 0.3443559242428404 0.3445734233955567
9.88 -9.694810456389204 0.3444371151101881 0.3446552041288473
9.87 -9.738012772498223 0.3445194826984375 0.3447381722642083
9.86 -9.781224949587486 0.3446030290481859 0.3448223298547056
9.85 -9.824446973179693 0.3446877562190884 0.34490767897262686
9.84 -9.867678828786465 0.3447736662899843 0.34499422170955646
9.83 -9.910920501908478 0.34486076135893107 0.3450819601764509
9.82 -9.954171978035623 0.3449490435432932 0.3451708965037159
9.81 -9.997433242647134 0.3450385149798544 0.3452610328412841
9.8 -10.040704281211765 0.3451291778248419 0.34535237135869273
9.79 -10.083985079187912 0.3452210342540333 0.34544491424516216
9.78 -10.127275622023774 0.34531408646283596 0.34553866370967606
9.77 -10.170575895157505 0.34540833666635934 0.34563362198106157
9.76 -10.213885884017353 0.3455037870995084 0.34572979130807036
9.75 -10.257205574021834 0.3456004400170438 0.34582717395946083
9.74 -10.300534950579856 0.34569829769369254 0.3459257722240801
9.73 -10.343873999090887 0.3457973624242101 0.3460255884109485
9.72 -10.387222704945113 0.34589763652346656 0.3461266248493426
9.71 -10.430581053523591 0.3459991223265594 0.34622888388888173
9.7 -10.473949030198389 0.3461018221888529 0.3463323678996124
9.69 -10.517326620332746 0.34620573848609865 0.34643707927209605
9.68 -10.560713809281246 0.34631087361452084 0.34654302041749585
9.67 -10.604110582389962 0.34641722999088476 0.3466501937676655
9.66 -10.647516924996598 0.34652481005260827 0.34675860177523765
9.65 -10.690932822430685 0.3466336162578366 0.34686824691371465
9.64 -10.734358260013702 0.3467436510855349 0.34697913167755867
9.63 -10.777793223059247 0.34685491703558347 0.3470912585822833
9.62 -10.821237696873213 0.34696741662890734 0.34720463016454695
9.61 -10.864691666753934 0.34708115240749066 0.34731924898224537
9.6 -10.908155117992342 0.3471961269345089 0.3474351176146058
9.59 -10.951628035872142 0.34731234279446394 0.3475522386622823
9.58 -10.995110405669962 0.3474298025932122 0.3476706147474513
9.57 -11.038602212655526 0.3475485089581171 0.3477902485139089
9.56 -11.082103442091817 0.34766846453809885 0.34791114262716805
9.55 -11.125614079235223 0.3477896720037972 0.34803329977455744
9.54 -11.16913410933574 0.3479121340475754 0.348156722665321
9.53 -11.212663517637104 0.34803585338372 0.34828141403071744
9.52 -11.256202289376962 0.34816083274849796 0.34840737662412286
9.51 -11.299750409787052 0.348287074900224 0.3485346132211325
9.5 -11.343307864093363 0.34841458261945046 0.3486631266196626
9.49 -11.386874637516309 0.34854335870897907 0.3487929196400566
9.48 -11.430450715270883 0.34867340599401203 0.3489239951251883
9.47 -11.474036082566839 0.3488047273222659 0.34905635594056833
9.46 -11.517630724608857 0.3489373255640717 0.3491900049744515
9.45 -11.561234626596724 0.3490712036124668 0.3493249451379443
9.44 -11.604847773725481 0.3492063643833121 0.3494611793651139
9.43 -11.648470151185624 0.3493428108153952 0.3495987106130972
9.42 -11.692101744163253 0.3494805458705742 0.34973754186221223
9.41 -11.735742537840254 0.34961957253384907 0.34987767611606996
9.4 -11.779392517394482 0.3497598938134904 0.3500191164016868
9.39 -11.82305166799991 0.3499015127411546 0.3501618657695985
9.38 -11.866719974826822 0.35004443237200594 0.3503059272939743
9.37 -11.910397423041985 0.3501886557848028 0.35045130407273384
9.36 -11.954083997808835 0.3503341860820633 0.3505979992276628
9.35 -11.99777968428763 0.3504810263901438 0.3507460159045318
9.34 -12.041484467635637 0.35062917985934616 0.35089535727321425
9.33 -12.085198333007316 0.3507786496641076 0.3510460265278069
9.32 -12.128921265554494 0.35092943900305174 0.35119802688675106
9.31 -12.172653250426539 0.351081551099111 0.3513513615929542
9.3 -12.21639427277054 0.35123498919970336 0.3515060339139126
9.29 -12.260144317731491 0.351389756576815 0.35166204714183663
9.28 -12.303903370452463 0.3515458565271388 0.3518194045937753
9.27 -12.347671416074798 0.35170329237220493 0.35197810961174303
9.26 -12.391448439738276 0.351862067458485 0.35213816556284694
9.25 -12.435234426581296 0.3520221851575681 0.35229957583941585
9.24 -12.479029361741073 0.352183648866227 0.3524623438591299
9.23 -12.522833230353807 0.3523464620066089 0.3526264730651508
9.22 -12.566646017554866 0.3525106280263361 0.3527919669262554
9.21 -12.610467708478977 0.35267615039863476 0.3529588289369672
9.2 -12.654298288260405 0.3528430326224768 0.35312706261769167
9.19 -12.698137742033138 0.35301127822273937 0.35329667151485145
9.18 -12.741986054931072 0.35318089075030856 0.3534676592010237
9.17 -12.785843212088205 0.35335187378222355 0.3536400292750772
9.16 -12.829709198638797 0.35352423092182245 0.3538137853623117
9.15 -12.873583999717587 0.3536979657988936 0.35398893111459884
9.14 -12.917467600459963 0.3538730820697953 0.35416547021052275
9.13 -12.961359986002147 0.3540495834176172 0.35434340635552364
9.12 -13.005261141481398 0.35422747355228695 0.35452274328204136
9.11 -13.049171052036185 0.35440675621080087 0.3547034847496609
9.1 -13.093089702806376 0.35458743515725905 0.35488563454525873
9.09 -13.137017078933445 0.3547695141830937 0.3550691964831511
9.08 -13.180953165560629 0.35495299710719735 0.3552541744052426
9.07 -13.22489794783316 0.35513788777604594 0.3554405721811765
9.06 -13.268851410898407 0.35532419006391075 0.3556283937084871
9.05 -13.312813539906113 0.3555119078729335 0.35581764291275225
9.04 -13.356784320008552 0.3557010451333564 0.3560083237477477
9.03 -13.400763736360743 0.3558916058036281 0.35620044019560293
9.02 -13.444751774120627 0.3560835938705769 0.35639399626695856
9.01 -13.48874841844926 0.3562770133495685 0.3565889960011239
9.0 -13.53275365451102 0.35647186828466265 0.35678544346623703
8.99 -13.576767467473786 0.35666816274878516 0.35698334275942656
8.98 -13.620789842509133 0.3568659008438776 0.357182698006973
8.97 -13.664820764792536 0.35706508670107656 0.35738351336447405
8.96 -13.708860219503551 0.35726572448085586 0.35758579301700916
8.95 -13.75290819182602 0.35746781837321295 0.3577895411793061
8.94 -13.796964666948256 0.3576713725978425 0.3579947620959102
8.93 -13.841029630063245 0.35787639140426986 0.3582014600413529
8.92 -13.88510306636885 0.35808287907205744 0.35840963932032366
8.91 -13.929184961067996 0.3582908399109783 0.35861930426784183
8.9 -13.973275299368849 0.3585002782611781 0.35883045924943197
8.89 -14.017374066485056 0.3587111984933326 0.3590431086612985
8.88 -14.061481247635903 0.35892360500887915 0.35925725693050353
8.87 -14.105596828046538 0.35913750224013746 0.35947290851514496
8.86 -14.149720792948152 0.3593528946504984 0.35969006790453717
8.85 -14.193853127578178 0.359569786734666 0.35990873961939235
8.84 -14.237993817180511 0.3597881830187535 0.3601289282120042
8.83 -14.282142847005671 0.3600080880605413 0.36035063826643315
8.82 -14.326300202311035 0.36022950644961954 0.3605738743986924
8.81 -14.370465868361014 0.36045244280757704 0.36079864125693634
8.8 -14.414639830427266 0.36067690178823175 0.3610249435216498
8.79 -14.458822073788891 0.36090288807778337 0.36125278590584065
8.78 -14.50301258373263 0.3611304063950052 0.3614821731552316
8.77 -14.547211345553064 0.3613594614914683 0.3617131100484557
8.76 -14.591418344552817 0.3615900581517174 0.36194560139725257
8.75 -14.635633566042769 0.36182220119348624 0.36217965204666686
8.74 -14.679856995342224 0.3620558954678495 0.36241526687524717
8.73 -14.724088617779143 0.3622911458594935 0.3626524507952487
8.72 -14.768328418690343 0.36252795728688575 0.36289120875283637
8.71 -14.812576383421689 0.3627663347024411 0.3631315457282887
8.7 -14.856832497328284 0.3630062830928407 0.3633734667362068
8.69 -14.901096745774703 0.363247807479088 0.36361697682572136
8.68 -14.94536911413517 0.3634909129168603 0.3638620810807036
8.67 -14.989649587793771 0.36373560449663944 0.36410878461997787
8.66 -15.033938152144662 0.3639818873439254 0.3643570925975349
8.65 -15.078234792592252 0.3642297666195125 0.36460701020274894
8.64 -15.122539494551427 0.36447924751964533 0.3648585426605946
8.63 -15.166852243447753 0.3647303352762634 0.36511169523186726
8.62 -15.211173024717667 0.36498303515723907 0.36536647321340415
8.61 -15.255501823808693 0.36523735246659184 0.36562288193830894
8.6 -15.299838626179634 0.36549329254464913 0.365880926776176
8.59 -15.344183417300789 0.3657508607684018 0.36614061313331875
8.58 -15.388536182654148 0.3660100625516175 0.3664019464529985
8.57 -15.432896907733609 0.366270903345143 0.36666493221565627
8.56 -15.477265578045165 0.3665333886371025 0.3669295759391464
8.55 -15.521642179107126 0.3667975239531573 0.3671958831789716
8.54 -15.566026696450306 0.36706331485670085 0.367463859528521
8.53 -15.61041911561826 0.367330766949152 0.3677335106193086
8.52 -15.654819422167446 0.3675998858701773 0.36800484212121687
8.51 -15.699227601667467 0.3678706772979265 0.3682778597427392
8.5 -15.743643639701254 0.3681431469492644 0.36855256923122565
8.49 -15.78806752186529 0.36841730058004696 0.36882897637313206
8.48 -15.832499233769802 0.36869314398538217 0.36910708699426925
8.47 -15.876938761038971 0.36897068299984287 0.3693869069600562
8.46 -15.921386089311138 0.36924992349773517 0.3696684421757742
8.45 -15.965841204239009 0.36953087139340374 0.3699516985868241
8.44 -16.01030409148987 0.36981353264140066 0.3702366821789853
8.43 -16.054774736745788 0.37009791323680463 0.3705233989786765
8.42 -16.099253125703804 0.3703840192155127 0.37081185505322023
8.41 -16.143739244076155 0.370671856654425 0.3711020565111083
8.4 -16.188233077590485 0.3709614316717761 0.3713940095022702
8.39 -16.232734611990033 0.37125275042740036 0.3716877202183436
8.38 -16.277243833033857 0.3715458191229785 0.3719831948929478
8.37 -16.321760726497036 0.37184064400232253 0.37228043980195863
8.36 -16.366285278170857 0.3721372313516832 0.37257946126378666
8.35 -16.410817473863062 0.3724355874999865 0.37288026563965726
8.34 -16.455357299398013 0.37273571881913264 0.3731828593338937
8.33 -16.499904740616927 0.3730376317243113 0.3734872487942015
8.32 -16.544459783378073 0.373341332674223 0.3737934405119571
8.31 -16.58902241355697 0.3736468281714571 0.3741014410224982
8.3 -16.633592617046617 0.3739541247627044 0.37441125690541505
8.29 -16.678170379757667 0.3742632290390877 0.37472289478484794
8.28 -16.722755687618665 0.3745741476365063 0.3750363613297842
8.27 -16.767348526576235 0.3748868872358225 0.3753516632543588
8.26 -16.8119488825953 0.3752014545632726 0.3756688073181578
8.25 -16.856556741659265 0.37551785639074414 0.37598780032652457
8.24 -16.901172089770263 0.3758360995360272 0.3763086491308683
8.23 -16.945794912949314 0.3761561908632044 0.37663136062897484
8.22 -16.99042519723658 0.37647813728293367 0.37695594176532193
8.21 -17.035062928691524 0.37680194575277237 0.37728239953139553
8.2 -17.07970809339315 0.37712762327746496 0.3776107409660101
8.190000000000001 -17.1243606774402 0.377455176909316 0.37794097315563047
8.180000000000001 -17.16902066695135 0.377784613748478 0.3782731032346985
8.170000000000002 -17.213688048065432 0.3781159409433323 0.3786071383859605
8.16 -17.25836280694163 0.37844916569073006 0.3789430858408
8.15 -17.303044929759682 0.37878429523639606 0.3792809528795692
8.14 -17.347734402720096 0.37912133687526994 0.3796207468319292
8.13 -17.392431212044347 0.37946029795179836 0.37996247507718894
8.120000000000001 -17.43713534397509 0.379801185860328 0.3803061450446484
8.110000000000001 -17.481846784776366 0.38014400804542686 0.3806517642139453
8.100000000000001 -17.526565520733772 0.38048877200223474 0.380999340115405
8.090000000000002 -17.571291538154746 0.3808354852768106 0.3813488803303918
8.08 -17.616024823368676 0.381184155466532 0.38170039249166654
8.07 -17.660765362727176 0.3815347902203872 0.38205388428374387
8.06 -17.70551314260425 0.3818873972394026 0.3824093634432558
8.05 -17.750268149396522 0.38224198427693973 0.3827668377593169
8.040000000000001 -17.795030369523417 0.38259855913911806 0.3831263150738914
8.030000000000001 -17.839799789427396 0.3829571296851952 0.3834878032821677
8.020000000000001 -17.8845763955741 0.3833177038278732 0.383851310332932
8.010000000000002 -17.929360174452643 0.38368028953375855 0.3842168442289473
8.000000000000002 -17.97415111257573 0.38404489482371157 0.3845844130273369
7.990000000000001 -18.01894919647991 0.3844115277732071 0.38495402483996866
7.980000000000001 -18.063754412725753 0.38478019651278395 0.3853256878338449
7.970000000000001 -18.10856674789808 0.3851509092283575 0.3856994102314943
7.960000000000001 -18.153386188606127 0.38552367416170213 0.3860752003113694
7.950000000000001 -18.198212721483788 0.38589849961079287 0.38645306640824534
7.940000000000001 -18.243046333189795 0.3862753939302071 0.3868330169136237
7.930000000000001 -18.287887010407903 0.38665436553159016 0.3872150602761392
7.920000000000001 -18.332734739847126 0.3870354228839835 0.38759920500197087
7.910000000000001 -18.37758950824191 0.3874185745143152 0.387985459655256
7.900000000000001 -18.42245130235236 0.3878038290077921 0.3883738328585099
7.890000000000001 -18.46732010896442 0.3881911950083014 0.38876433329304644
7.880000000000001 -18.512195914890054 0.3885806812188619 0.38915696969940466
7.870000000000001 -18.557078706967502 0.38897229640204767 0.38955175087777894
7.860000000000001 -18.601968472061436 0.3893660493804249 0.3899486856884524
7.8500000000000005 -18.646865197063164 0.389761949036977 0.390347783052235
7.840000000000001 -18.69176886889084 0.39016000431556214 0.3907490519509046
7.830000000000001 -18.736679474489648 0.3905602242213592 0.39115250142765395
7.820000000000001 -18.781597000832008 0.3909626178212725 0.3915581405875392
7.8100000000000005 -18.826521434917797 0.39136719424450983 0.3919659785979349
7.800000000000001 -18.8714527637745 0.3917739626828952 0.3923760246889924
7.790000000000001 -18.916390974457435 0.39218293239137864 0.3927882881541015
7.780000000000001 -18.961336054049948 0.39259411268857125 0.3932027783503569
7.770000000000001 -19.006287989663598 0.3930075129571622 0.3936195046990311
7.760000000000001 -19.05124676843835 0.3934231426443526 0.3940384766860474
7.750000000000001 -19.096212377542827 0.393841011262431 0.3944597038624616
7.740000000000001 -19.1411848041744 0.39426112838918126 0.3948831958449449
7.730000000000001 -19.186164035559468 0.39468350366839167 0.3953089623162729
7.720000000000001 -19.231150058953624 0.39510814681039963 0.395737013025819
7.710000000000001 -19.27614286164184 0.3955350675924961 0.3961673577900525
7.700000000000001 -19.32114243093868 0.3959642758594924 0.3966000064930401
7.690000000000001 -19.36614875418848 0.39639578152422017 0.39703496908695307
7.680000000000001 -19.411161818765528 0.39682959456805256 0.39747225559258
7.670000000000001 -19.45618161207428 0.39726572504137964 0.3979118760998426
7.660000000000001 -19.501208121549535 0.3977041830641768 0.3983538407683167
7.650000000000001 -19.54624133465664 0.39814497882650296 0.3987981598277598
7.640000000000001 -19.591281238891657 0.3985881225890446 0.3992448435786408
7.630000000000001 -19.636327821781574 0.3990336246836667 0.3996939023926771
7.620000000000001 -19.68138107088449 0.3994814955138926 0.40014534671337504
7.610000000000001 -19.7264409737898 0.3999317455555498 0.40059918705657727
7.6000000000000005 -19.771507518118383 0.40038438535721427 0.40105543401101207
7.590000000000001 -19.81658069152278 0.40083942554090646 0.4015140982388525
7.580000000000001 -19.861660481687416 0.4012968768024615 0.4019751904762767
7.570000000000001 -19.90674687632874 0.4017567499122609 0.4024387215340338
7.5600000000000005 -19.95183986319544 0.4022190557158007 0.40290470229801917
7.550000000000001 -19.996939430068615 0.4026838051341224 0.4033731437298504
7.540000000000001 -20.042045564761978 0.40315100916453844 0.4038440568674507
7.530000000000001 -20.087158255122034 0.4036206788811647 0.4043174528256377
7.520000000000001 -20.13227748902823 0.40409282543557423 0.4047933427967184
7.510000000000001 -20.1774032543932 0.4045674600572756 0.4052717380510892
7.500000000000001 -20.222535539162894 0.4050445940544693 0.4057526499378406
7.490000000000001 -20.26767433131678 0.40552423881451144 0.4062360898853697
7.480000000000001 -20.312819618868033 0.4060064058046903 0.4067220694019967
7.470000000000001 -20.35797138986371 0.4064911065727017 0.4072106000765897
7.460000000000001 -20.403129632384918 0.40697835274736016 0.40770169357919145
7.450000000000001 -20.448294334546997 0.4074681560392312 0.4081953616616561
7.440000000000001 -20.493465484499737 0.4079605282412328 0.40869161615828986
7.430000000000001 -20.538643070427483 0.40845548122937814 0.4091904689864986
7.420000000000001 -20.583827080549387 0.4089530269632544 0.40969193214744104
7.410000000000001 -20.629017503119528 0.4094531774868927 0.41019601772668846
7.400000000000001 -20.674214326427123 0.40995594492926307 0.4107027378948914
7.390000000000001 -20.719417538796684 0.41046134150510116 0.41121210490845206
7.380000000000001 -20.764627128588206 0.4109693795154253 0.41172413111020334
7.370000000000001 -20.809843084197333 0.4114800713483568 0.41223882893009445
7.360000000000001 -20.85506539405552 0.4119934294797437 0.41275621088588266
7.3500000000000005 -20.90029404663024 0.4125094664738637 0.41327628958383317
7.340000000000001 -20.94552903042511 0.4130281949841389 0.41379907771942287
7.330000000000001 -20.990770333980098 0.4135496277538832 0.41432458807805483
7.320000000000001 -21.036017945871695 0.41407377761699393 0.41485283353577657
7.3100000000000005 -21.08127185471303 0.41460065749867725 0.41538382706000737
7.300000000000001 -21.12653204915412 0.4151302804161172 0.4159175817102699
7.290000000000001 -21.171798517881985 0.415662659479392 0.41645411063893273
7.280000000000001 -21.217071249620805 0.41619780789203764 0.41699342709195725
7.270000000000001 -21.262350233132143 0.41673573895194377 0.4175355444096525
7.260000000000001 -21.307635457215053 0.4172764660520236 0.41808047602743914
7.250000000000001 -21.35292691070628 0.4178200026809908 0.418628235476618
7.240000000000001 -21.398224582480402 0.4183663624241865 0.41917883638514714
7.230000000000001 -21.443528461450008 0.4189155589643647 0.41973229247842797
7.220000000000001 -21.488838536565872 0.41946760608241823 0.4202886175800974
7.210000000000001 -21.534154796817074 0.4200225176582653 0.42084782561282924
7.200000000000001 -21.579477231231184 0.42058030767159654 0.4214099305991412
7.190000000000001 -21.62480582887444 0.42114099020272316 0.42197494666221314
7.180000000000001 -21.670140578851896 0.4217045794334045 0.4225428880267103
7.170000000000001 -21.715481470307544 0.422271089647661 0.4231137690196164
7.160000000000001 -21.76082849242453 0.4228405352326653 0.42368760407107514
7.150000000000001 -21.806181634425265 0.4234129306794792 0.42426440771523827
7.140000000000001 -21.8515408855716 0.4239882905840111 0.42484419459112305
7.130000000000001 -21.89690623516497 0.4245666296479405 0.4254269794434797
7.120000000000001 -21.942277672546577 0.4251479626794729 0.42601277712366636
7.110000000000001 -21.987655187097506 0.42573230459418687 0.4266016025905316
7.1000000000000005 -22.03303876823889 0.4263196704160915 0.42719347091130605
7.090000000000001 -22.07842840543206 0.42691007527841107 0.4277883972625046
7.080000000000001 -22.1238240881787 0.4275035344245467 0.42838639693083713
7.070000000000001 -22.169225806021014 0.4281000632089671 0.42898748531412634
7.0600000000000005 -22.214633548541823 0.4286996770981432 0.429591677922237
7.050000000000001 -22.26004730536475 0.4293023916715128 0.4301989903780146
7.040000000000001 -22.30546706615436 0.42990822262240247 0.43080943841823155
7.030000000000001 -22.350892820616306 0.43051718575897097 0.43142303789454417
7.020000000000001 -22.396324558497476 0.4311292970052408 0.43203980477445936
7.010000000000001 -22.44176226958612 0.4317445724019792 0.4326597551423098
7.000000000000001 -22.487205943712 0.4323630281078296 0.4332829052002419
6.990000000000001 -22.532655570746538 0.4329846804001044 0.4339092712692107
6.980000000000001 -22.578111140602964 0.43360954567601745 0.43453886978998524
6.970000000000001 -22.62357264323642 0.43423764045353735 0.4351717173241668
6.960000000000001 -22.669040068644136 0.43486898137251595 0.43580783055521516
6.950000000000001 -22.71451340686553 0.43550358519556 0.4364472262894837
6.940000000000001 -22.75999264798239 0.43614146880931254 0.4370899214572681
6.930000000000001 -22.80547778211897 0.43678264922545523 0.4377359331138657
6.920000000000001 -22.85096879944215 0.43742714358152457 0.4383852784406441
6.910000000000001 -22.896465690161534 0.4380749691423877 0.4390379747461198
6.900000000000001 -22.941968444529614 0.4387261433010426 0.4396940394670514
6.890000000000001 -22.987477052841896 0.43938068357985066 0.44035349016954056
6.880000000000001 -23.032991505437003 0.4400386076315888 0.44101634455014566
6.870000000000001 -23.078511792696844 0.44069993324067347 0.4416826204370074
6.860000000000001 -23.12403790504672 0.4413646783241819 0.44235233579098554
6.8500000000000005 -23.169569832955425 0.4420328609330215 0.4430255087068069
6.840000000000001 -23.215107566935423 0.4427044992532072 0.4437021574142247
6.830000000000001 -23.26065109754292 0.44337961160695083 0.44438230027919284
6.820000000000001 -23.30620041537803 0.44405821645379484 0.44506595580505015
6.8100000000000005 -23.351755511084864 0.4447403323918568 0.4457531426337146
6.800000000000001 -23.39731637535166 0.44542597815907453 0.44644387954689413
6.790000000000001 -23.442882998910918 0.4461151726344571 0.4471381854673083
6.780000000000001 -23.48845537253949 0.44680793483917625 0.44783607945992326
6.770000000000001 -23.53403348705872 0.447504283937928 0.4485375807331966
6.760000000000001 -23.57961733333455 0.4482042392401535 0.44924270864033855
6.750000000000001 -23.62520690227761 0.44890782020139147 0.4499514826805867
6.740000000000001 -23.67080218484338 0.4496150464244723 0.4506639225004917
6.730000000000001 -23.716403172032276 0.4503259376608231 0.45138004789521663
6.720000000000001 -23.76200985488973 0.45104051381189497 0.4520998788098531
6.710000000000001 -23.807622224506364 0.451758794930338 0.4528234353407473
6.700000000000001 -23.85324027201805 0.45248080122145634 0.4535507377368422
6.690000000000001 -23.89886398860602 0.4532065530444875 0.45428180640103216
6.680000000000001 -23.94449336549699 0.4539360709140474 0.455016661891535
6.670000000000001 -23.99012839396325 0.4546693755014942 0.45575532492327503
6.660000000000001 -24.035769065322768 0.4554064876362673 0.4564978163692829
6.650000000000001 -24.08141537093931 0.45614742830742067 0.45724415726211
6.640000000000001 -24.12706730222249 0.45689221866496926 0.45799436879525735
6.630000000000001 -24.17272485062795 0.4576408800213097 0.45874847232461996
6.620000000000001 -24.218388007657364 0.45839343385276377 0.459506489369946
6.610000000000001 -24.2640567648586 0.4591499018010459 0.46026844161631303
6.6000000000000005 -24.30973111382579 0.4599103056746451 0.4610343509156185
6.590000000000001 -24.355411046199443 0.4606746674504664 0.46180423928808545
6.580000000000001 -24.401096553666495 0.46144300927536297 0.46257812892378836
6.570000000000001 -24.44678762796046 0.4622153534674983 0.46335604218419085
6.5600000000000005 -24.49248426086144 0.46299172251810655 0.46413800160370133
6.550000000000001 -24.53818644419629 0.463772139092969 0.46492402989124687
6.540000000000001 -24.583894169838665 0.46455662603401077 0.4657141499318618
6.530000000000001 -24.629607429709118 0.4653452063609857 0.4665083847882953
6.520000000000001 -24.675326215775154 0.4661379032729453 0.46730675770263613
6.510000000000001 -24.721050520051364 0.46693474015001163 0.46810929209795277
6.500000000000001 -24.76678033459946 0.4677357405550152 0.46891601157995366
6.490000000000001 -24.81251565152838 0.46854092823515076 0.46972693993866454
6.480000000000001 -24.858256462994337 0.46935032712369273 0.4705421011501256
6.470000000000001 -24.904002761200942 0.47016396134171873 0.47136151937810417
6.460000000000001 -24.949754538399237 0.47098185519983116 0.4721852189758284
6.450000000000001 -24.995511786887782 0.47180403319990893 0.4730132244877403
6.440000000000001 -25.041274499012733 0.4726305200368368 0.4738455606512654
6.430000000000001 -25.08704266716791 0.4734613406004319 0.47468225239860207
6.420000000000001 -25.13281628379485 0.47429651997706596 0.475523324858534
6.410000000000001 -25.178595341382902 0.47513608345173425 0.47636880335825915
6.400000000000001 -25.224379832469264 0.47598005650962294 0.47721871342523986
6.390000000000001 -25.270169749639066 0.476828464838232 0.4780730807890729
6.380000000000001 -25.31596508552545 0.47768133432914506 0.47893193138338136
6.370000000000001 -25.361765832809567 0.47853869107997565 0.47979529134772675
6.360000000000001 -25.407571984220706 0.4794005613962688 0.4806631870295417
6.3500000000000005 -25.453383532536332 0.4802669717935132 0.4815356449860848
6.340000000000001 -25.4992004705821 0.48113794899905404 0.48241269198641634
6.330000000000001 -25.545022791231972 0.48201351995416913 0.48329435501339757
6.320000000000001 -25.590850487408236 0.4828937118160363 0.48418066126571124
6.3100000000000005 -25.636683552081585 0.4837785519598045 0.4850716381599041
6.300000000000001 -25.6825219782711 0.4846680679806515 0.4859673133324536
6.290000000000001 -25.728365759044383 0.48556228769586185 0.4868677146418562
6.280000000000001 -25.774214887517555 0.4864612391469345 0.48777287017074056
6.270000000000001 -25.820069356855303 0.4873649506018202 0.4886828082280018
6.260000000000001 -25.86592916027095 0.48827345055696886 0.4895975573509656
6.250000000000001 -25.91179429102647 0.48918676773951764 0.4905171463075691
6.240000000000001 -25.957664742432534 0.490104931109598 0.4914416040985717
6.230000000000001 -26.003540507848555 0.49102796986250696 0.4923709599597893
6.220000000000001 -26.049421580682722 0.49195591343089734 0.49330524336435266
6.210000000000001 -26.095307954392034 0.49288879148727716 0.4942444840249931
6.200000000000001 -26.141199622482326 0.4938266339460773 0.49518871189635333
6.190000000000001 -26.187096578508335 0.4947694709661584 0.49613795717732456
6.180000000000001 -26.23299881607367 0.4957173329531339 0.4970922503134107
6.170000000000001 -26.278906328830907 0.4966702505617601 0.49805162199911934
6.160000000000001 -26.324819110481542 0.49762825469828087 0.49901610318037914
6.150000000000001 -26.37073715477609 0.49859137652293617 0.4999857250569839
6.140000000000001 -26.416660455514084 0.4995596474525803 0.5009605190850693
6.130000000000001 -26.462589006544047 0.5005330991629312 0.5019405169796138
6.120000000000001 -26.508522801763583 0.5015117635912797 0.502925750716969
6.110000000000001 -26.554461835119344 0.5024956729389871 0.5039162525374201
6.1000000000000005 -26.60040610060709 0.5034848596740751 0.5049120549477757
6.090000000000001 -26.646355592271636 0.5044793565338518 0.5059131907239864
6.080000000000001 -26.69231030420697 0.5054791965276587 0.5069196929137959
6.070000000000001 -26.73827023055614 0.5064844129393817 0.5079315948394202
6.0600000000000005 -26.784235365511346 0.5074950393302455 0.5089489301002595
6.050000000000001 -26.83020570331394 0.5085111095416209 0.5099717325756403
6.040000000000001 -26.876181238254382 0.509532657697752 0.5110000364275923
6.030000000000001 -26.922161964672313 0.5105597182085367 0.5120338761036555
6.020000000000001 -26.968147876956486 0.5115923257723708 0.5130732863397179
6.010000000000001 -27.014138969544828 0.5126305153791095 0.5141183021628917
6.000000000000001 -27.06013523692439 0.5136743223129008 0.515168958894419
5.990000000000001 -27.106136673631365 0.5147237821551424 0.5162252921526146
5.980000000000001 -27.152143274251085 0.5157789307874056 0.5172873378558377
5.970000000000001 -27.198155033418008 0.5168398043945942 0.5183551322255063
5.960000000000001 -27.244171945815694 0.5179064394679044 0.5194287117891431
5.950000000000001 -27.29019400617682 0.5189788728078446 0.5205081133834565
5.940000000000001 -27.336221209283146 0.5200571415274435 0.52159337415746
5.930000000000001 -27.38225354996551 0.5211412830555068 0.5226845315756279
5.920000000000001 -27.428291023103796 0.5222313351395086 0.523781623421089
5.910000000000001 -27.474333623626926 0.5233273358492117 0.5248846877988578
5.900000000000001 -27.52038134651285 0.5244293235795902 0.5259937631391028
5.890000000000001 -27.566434186788502 0.5255373370543454 0.5271088882004572
5.880000000000001 -27.612492139529778 0.5266514153292305 0.5282301020733637
5.870000000000001 -27.658555199861528 0.5277715977954429 0.5293574441834678
5.860000000000001 -27.70462336295747 0.5288979241829905 0.5304909542950447
5.8500000000000005 -27.750696624040252 0.5300304345641355 0.5316306725144663
5.840000000000001 -27.796774978381332 0.5311691693571147 0.532776639293717
5.830000000000001 -27.842858421301006 0.532314169329518 0.5339288954339472
5.820000000000001 -27.888946948168297 0.5334654756019047 0.5350874820890695
5.8100000000000005 -27.93504055440101 0.5346231296515063 0.5362524407694004
5.800000000000001 -27.9811392354656 0.5357871733158214 0.5374238133453436
5.790000000000001 -28.0272429868772 0.5369576487965575 0.5386016420511214
5.780000000000001 -28.073351804199525 0.5381345986631151 0.5397859694885481
5.770000000000001 -28.11946568304485 0.5393180658567308 0.540976838630854
5.760000000000001 -28.16558461907394 0.5405080936939358 0.542174292826548
5.750000000000001 -28.21170860799603 0.5417047258709468 0.543378375803335
5.740000000000001 -28.25783764556875 0.5429080064672834 0.5445891316720783
5.730000000000001 -28.30397172759808 0.5441179799499378 0.5458066049308112
5.720000000000001 -28.35011084993825 0.5453346911774023 0.5470308404687969
5.710000000000001 -28.396255008491742 0.5465581854038027 0.5482618835706388
5.700000000000001 -28.44240419920921 0.5477885082829711 0.549499779920442
5.690000000000001 -28.48855841808937 0.5490257058728522 0.5507445756060252
5.680000000000001 -28.534717661178984 0.5502698246395382 0.5519963171231866
5.670000000000001 -28.580881924572786 0.5515209114617696 0.553255051380019
5.660000000000001 -28.627051204413387 0.5527790136352722 0.5545208257012832
5.650000000000001 -28.67322549689121 0.5540441788771014 0.5557936878328325
5.640000000000001 -28.719404798244437 0.555316455330249 0.5570736859460936
5.630000000000001 -28.76558910475889 0.5565958915681276 0.5583608686426026
5.620000000000001 -28.811778412768007 0.5578825365989892 0.5596552849585973
5.610000000000001 -28.857972718652693 0.5591764398710038 0.5609569843696679
5.6000000000000005 -28.9041720188413 0.560477651276554 0.5622660167954676
5.590000000000001 -28.9503763098095 0.5617862211572361 0.5635824326044796
5.580000000000001 -28.99658558808021 0.563102200308642 0.5649062826188461
5.570000000000001 -29.042799850223492 0.5644256399852152 0.5662376181192562
5.5600000000000005 -29.089019092856475 0.5657565919051921 0.5675764908498965
5.550000000000001 -29.13524331264325 0.5670951082556442 0.568922953023464
5.540000000000001 -29.181472506294778 0.5684412416976734 0.5702770573262439
5.530000000000001 -29.227706670568782 0.5697950453713884 0.571638856923252
5.520000000000001 -29.27394580226965 0.5711565729012067 0.5730084054634397
5.510000000000001 -29.320189898248344 0.572525878401128 0.5743857570849703
5.500000000000001 -29.366438955402256 0.5739030164799922 0.5757709664205565
5.490000000000001 -29.412692970675142 0.5752880422469945 0.5771640886028696
5.480000000000001 -29.458951941056984 0.5766810113171084 0.578565179270018
5.470000000000001 -29.505215863583885 0.5780819798167705 0.5799742945710964
5.460000000000001 -29.551484735337947 0.5794910043892365 0.5813914911718052
5.450000000000001 -29.597758553447168 0.5809081422005947 0.5828168262601437
5.440000000000001 -29.644037315085306 0.5823334509452608 0.5842503575521749
5.430000000000001 -29.690321017471764 0.5837669888519779 0.5856921432978647
5.420000000000001 -29.736609657871455 0.5852088146897064 0.5871422422869996
5.410000000000001 -29.7829032335947 0.5866589877736019 0.5886007138551789
5.400000000000001 -29.82920174199705 0.5881175679711318 0.590067617889884
5.390000000000001 -29.875505180479212 0.5895846157081617 0.5915430148366314
5.380000000000001 -29.921813546486863 0.5910601919753047 0.5930269657052002
5.370000000000001 -29.96812683751056 0.5925443583340704 0.5945195320759448
5.360000000000001 -30.01444505108556 0.5940371769233921 0.5960207761061872
5.3500000000000005 -30.060768184791698 0.5955387104660421 0.5975307605366962
5.340000000000001 -30.107096236253238 0.5970490222753031 0.5990495486982511
5.330000000000001 -30.15342920313872 0.5985681762615207 0.6005772045182916
5.320000000000001 -30.19976708316083 0.6000962369388372 0.6021137925276547
5.3100000000000005 -30.24610987407623 0.6016332694320853 0.6036593778674009
5.300000000000001 -30.29245757368541 0.6031793394836248 0.6052140262957301
5.290000000000001 -30.33881017983254 0.6047345134605373 0.6067778041949915
5.280000000000001 -30.38516769040529 0.6062988583614948 0.6083507785787867
5.270000000000001 -30.431530103334687 0.6078724418242119 0.6099330170991651
5.260000000000001 -30.477897416594956 0.6094553321324179 0.6115245880539172
5.250000000000001 -30.52426962820332 0.6110475982235851 0.6131255603939613
5.240000000000001 -30.570646736219874 0.6126493096961911 0.6147360037308354
5.230000000000001 -30.617028738747386 0.6142605368174563 0.6163559883442864
5.220000000000001 -30.66341563393113 0.6158813505309761 0.6179855851899615
5.210000000000001 -30.70980741995872 0.6175118224645679 0.6196248659072049
5.200000000000001 -30.756204095059903 0.6191520249380407 0.6212739028269565
5.190000000000001 -30.802605657506422 0.6208020309713905 0.6229327689797592
5.180000000000001 -30.849012105611777 0.622461914292776 0.624601538103875
5.170000000000001 -30.895423437731086 0.6241317493468417 0.6262802846535108
5.160000000000001 -30.941839652260875 0.6258116113029937 0.6279690838071563
5.150000000000001 -30.988260747638886 0.6275015760639759 0.6296680114760361
5.140000000000001 -31.034686722343896 0.6292017202742863 0.6313771443126784
5.130000000000001 -31.081117574895508 0.6309121213289404 0.6330965597195943
5.120000000000001 -31.127553303853936 0.6326328573822462 0.6348263358580845
5.110000000000001 -31.17399390781984 0.6343640073568543 0.6365665516571618
5.1000000000000005 -31.220439385434087 0.6361056509526578 0.6383172868226001
5.090000000000001 -31.266889735377582 0.6378578686560528 0.6400786218461046
5.080000000000001 -31.31334495637103 0.6396207417491829 0.6418506380146098
5.070000000000001 -31.359805047174703 0.64139435231941 0.6436334174197069
5.0600000000000005 -31.406270006588304 0.6431787832689191 0.6454270429672007
5.050000000000001 -31.452739833450643 0.644974118324312 0.6472315983868012
5.040000000000001 -31.499214526639495 0.646780442046593 0.6490471682419497
5.030000000000001 -31.54569408507138 0.6485978398409031 0.6508738379397803
5.020000000000001 -31.59217850770126 0.6504263979668209 0.6527116937412204
5.010000000000001 -31.63866779352241 0.6522662035486734 0.6545608227712371
5.000000000000001 -31.685161941566097 0.6541173445856752 0.6564213130292246
4.990000000000001 -31.731660950901432 0.6559799099625399 0.6582932533995336
4.980000000000001 -31.77816482063506 0.6578539894603534 0.6601767336621531
4.970000000000001 -31.824673549910973 0.6597396737673069 0.6620718445035473
4.960000000000001 -31.87118713791023 0.6616370544895462 0.6639786775276372
4.950000000000001 -31.917705583850758 0.6635462241624993 0.6658973252669429
4.940000000000001 -31.964228886987062 0.6654672762622093 0.6678278811938841
4.930000000000001 -32.010757046609996 0.667400305216517 0.6697704397322402
4.920000000000001 -32.0572900620465 0.6693454064171324 0.6717250962687727
4.910000000000001 -32.10382793265937 0.6713026762310014 0.6736919471650198
4.900000000000001 -32.15037065784696 0.6732722120125522 0.6756710897692494
4.890000000000001 -32.19691823704299 0.6752541121156027 0.6776626224285927
4.880000000000001 -32.24347066971619 0.6772484759059373 0.6796666445013468
4.870000000000001 -32.29002795537013 0.6792554037736244 0.6816832563694593
4.860000000000001 -32.33659009354284 0.6812749971457085 0.6837125594511899
4.8500000000000005 -32.38315708380667 0.6833073584990685 0.685754656213955
4.840000000000001 -32.42972892576793 0.6853525913735035 0.6878096501873613
4.830000000000001 -32.47630561906662 0.6874108003847779 0.6898776459764232
4.820000000000001 -32.52288716337618 0.6894820912382166 0.6919587492749759
4.8100000000000005 -32.569473558403196 0.6915665707425063 0.6940530668792885
4.800000000000001 -32.616064803887085 0.6936643468229977 0.6961607067018718
4.790000000000001 -32.66266089959988 0.6957755285361792 0.6982817777854845
4.780000000000001 -32.709261845345836 0.6979002260836388 0.7004163903173521
4.770000000000001 -32.755867640961256 0.7000385508266204 0.7025646556435907
4.760000000000001 -32.80247828631409 0.7021906153005761 0.7047266862838434
4.750000000000001 -32.84909378130373 0.7043565332301949 0.7069025959461347
4.740000000000001 -32.8957141258606 0.7065364195441876 0.7090924995419442
4.730000000000001 -32.94233931994596 0.7087303903909892 0.711296513201503
4.720000000000001 -32.98896936355153 0.7109385631539576 0.7135147542893208
4.710000000000001 -33.035604256699216 0.7131610564671769 0.7157473414199382
4.700000000000001 -33.08224399944076 0.7153979902316051 0.7179943944739169
4.690000000000001 -33.128888591857475 0.7176494856312804 0.7202560346140715
4.680000000000001 -33.17553803405987 0.7199156651497174 0.722532384301946
4.670000000000001 -33.22219232618739 0.7221966525864758 0.7248235673145268
4.660000000000001 -33.268851468408045 0.7244925730746835 0.727129708761218
4.650000000000001 -33.315515460918114 0.7268035530974343 0.72945093510107
4.640000000000001 -33.362184303941774 0.7291297205063431 0.73178737416027
4.630000000000001 -33.40885799773082 0.7314712045382479 0.734139155149894
4.620000000000001 -33.4555365425643 0.7338281358339434 0.7365064086839281
4.610000000000001 -33.5022199387482 0.7362006464562254 0.7388892667975692
4.6000000000000005 -33.54890818661506 0.7385888699085176 0.7412878629658002
4.590000000000001 -33.59560128652366 0.7409929411536816 0.7437023321222498
4.580000000000001 -33.6422992388587 0.7434129966333377 0.7461328106783426
4.570000000000001 -33.6890020440304 0.7458491742870605 0.7485794365427448
4.5600000000000005 -33.73570970247416 0.7483016135723104 0.7510423491410996
4.550000000000001 -33.782422214650246 0.7507704554844065 0.7535216894360777
4.540000000000001 -33.82913958104338 0.753255842576967 0.7560175999477317
4.530000000000001 -33.87586180216241 0.7557579189825472 0.7585302247741699
4.520000000000001 -33.92258887853996 0.7582768304335749 0.7610597096125461
4.510000000000001 -33.969320810732 0.7608127242838334 0.7636062017803786
4.500000000000001 -34.01605759931756 0.7633657495299663 0.7661698502372036
4.490000000000001 -34.06279924489831 0.7659360568335237 0.7687508056065626
4.480000000000001 -34.10954574809817 0.7685237985432637 0.7713492201983335
4.470000000000001 -34.156297109563 0.7711291287178967 0.7739652480314135
4.460000000000001 -34.20305332996013 0.7737522031492239 0.776599044856765
4.450000000000001 -34.24981440997808 0.7763931793853026 0.7792507681808146
4.440000000000001 -34.29658035032605 0.779052216754381 0.781920577289227
4.430000000000001 -34.343351151733664 0.7817294763890892 0.7846086332710513
4.420000000000001 -34.3901268149505 0.7844251212509595 0.7873150990432605
4.410000000000001 -34.436907340745684 0.787139316155209 0.7900401393756692
4.400000000000001 -34.483692729907524 0.7898722277962961 0.7927839209162549
4.390000000000001 -34.53048298324314 0.7926240247734155 0.7955466122168825
4.380000000000001 -34.57727810157799 0.7953948776168971 0.7983283837594395
4.370000000000001 -34.62407808575553 0.7981849588145244 0.801129407982394
4.360000000000001 -34.67088293663674 0.8009944428387575 0.8039498593077768
4.3500000000000005 -34.717692655099775 0.8038235061738729 0.8067899141685991
4.340000000000001 -34.76450724203953 0.8066723273440614 0.8096497510367124
4.330000000000001 -34.8113266983672 0.8095410869417108 0.8125295504511207
4.320000000000001 -34.8581510250099 0.8124299676560792 0.815429495046754
4.3100000000000005 -34.9049802229102 0.8153391543027175 0.8183497695837066
4.300000000000001 -34.95181429302573 0.8182688338529621 0.8212905609769544
4.290000000000001 -34.99865323632873 0.8212191954643977 0.8242520583265569
4.280000000000001 -35.04549705380566 0.8241904305113088 0.8272344529483568
4.270000000000001 -35.0923457464567 0.8271827326160932 0.8302379384051771
4.260000000000001 -35.139199315295386 0.8301962976808865 0.8332627105385395
4.250000000000001 -35.18605776134812 0.8332313239198417 0.8363089675009026
4.240000000000001 -35.23292108565372 0.836288011891833 0.8393769097884318
4.230000000000001 -35.27978928926304 0.8393665645338436 0.8424667402743145
4.220000000000001 -35.32666237323847 0.8424671871948375 0.8455786642426266
4.210000000000001 -35.37354033865346 0.8455900876702729 0.8487128894227692
4.200000000000001 -35.42042318659214 0.8487354762368918 0.8518696260244722
4.190000000000001 -35.46731091814882 0.8519035656885635 0.8550490867733898
4.180000000000001 -35.51420353442752 0.8550945713724336 0.8582514869472898
4.170000000000001 -35.561101036541544 0.8583087112255477 0.8614770444128537
4.160000000000001 -35.60800342561298 0.8615462058124363 0.8647259796630921
4.150000000000001 -35.65491070277225 0.8648072783632228 0.8679985158553991
4.140000000000001 -35.701822869157674 0.8680921548121551 0.8712948788502479
4.130000000000001 -35.748739925914904 0.8714010638370596 0.87461529725054
4.120000000000001 -35.795661874196554 0.8747342368994923 0.8779600024416336
4.110000000000001 -35.842588715161654 0.8780919082852386 0.8813292286320451
4.1000000000000005 -35.88952044997521 0.8814743151457184 0.8847232128948523
4.090000000000001 -35.93645707980765 0.884881697540353 0.8881421952098012
4.080000000000001 -35.98339860583445 0.8883142984791383 0.8915864185061454
4.070000000000001 -36.030345029235534 0.8917723639663836 0.8950561287062168
4.0600000000000005 -36.07729635119487 0.8952561430450058 0.8985515747697532
4.050000000000001 -36.1242525728999 0.8987658878416492 0.9020730087389888
4.040000000000001 -36.1712136955411 0.9023018536124475 0.9056206857845318
4.030000000000001 -36.21817972031145 0.9058642987898011 0.9091948642520333
4.020000000000001 -36.26515064840595 0.9094534850299019 0.9127958057096787
4.010000000000001 -36.31212648102111 0.9130696772610772 0.916423774996506
4.000000000000001 -36.35910721935439 0.9167131437327505 0.9200790402715655
3.990000000000001 -36.406092864603806 0.9203841560656475 0.9237618730639519
3.980000000000001 -36.4530834179673 0.9240829893028889 0.9274725483237148
3.970000000000001 -36.500078880642285 0.9278099219614581 0.931211344473669
3.960000000000001 -36.54707925382513 0.9315652360851944 0.9349785434621211
3.950000000000001 -36.59408453871059 0.9353492172981945 0.9387744308165297
3.940000000000001 -36.64109473649133 0.9391621548596742 0.9425992956981214
3.930000000000001 -36.6881098483574 0.9430043417194133 0.9464534309574811
3.920000000000001 -36.735129875495666 0.9468760745745792 0.9503371331911425
3.910000000000001 -36.782154819089314 0.9507776539272216 0.9542507027991916
3.900000000000001 -36.82918468031732 0.9547093841426562 0.958194444043897
3.890000000000001 -36.87621946035385 0.9586715735094156 0.9621686651094028
3.880000000000001 -36.92325916036783 0.962664534300168 0.9661736781625002
3.870000000000001 -36.970303781522304 0.9666885828332922 0.970209799414506
3.8600000000000008 -37.017353324973946 0.9707440395360323 0.9742773491842532
3.850000000000001 -37.064407791872505 0.974831229008661 0.9783766519622364
3.8400000000000007 -37.111467183360226 0.9789504800897075 0.9825080364759278
3.830000000000001 -37.15853150057135 0.9831021259224575 0.9866718357562829
3.8200000000000007 -37.20560074463151 0.9872865040229445 0.990868387205476
3.810000000000001 -37.25267491665723 0.9915039563486263 0.9950980326658753
3.8000000000000007 -37.29975401775529 0.9957548293689127 0.999361118490299
3.790000000000001 -37.346838049022224 1.0000394741364598 1.0036579956135583
3.7800000000000007 -37.393927011543774 1.004358246360214 1.007989019625338
3.770000000000001 -37.441020906394265 1.0087115064796284 1.0123545508444298
3.760000000000001 -37.48811973463605 1.0130996197401692 1.016754954394342
3.750000000000001 -37.535223497319 1.017522956270538 1.0211906002803333
3.740000000000001 -37.582332195479836 1.0219818911610283 1.0256618634678882
3.730000000000001 -37.62944583014165 1.0264768045434918 1.0301691239626627
3.720000000000001 -37.676564402313225 1.0310080816728728 1.0347127668919414
3.710000000000001 -37.723687912988574 1.035576113010079 1.0392931825876328
3.700000000000001 -37.77081636314626 1.0401812943068245 1.0439107666708372
3.690000000000001 -37.81794975374886 1.0448240266914168 1.0485659201380213
3.680000000000001 -37.86508808574237 1.0495047167567693 1.0532590494488319
3.670000000000001 -37.912231360055614 1.0542237766501839 1.0579905666155922
3.660000000000001 -37.959379577599634 1.0589816241639247 1.0627608892945097
3.650000000000001 -38.00653273926716 1.0637786828289546 1.0675704408786348
3.640000000000001 -38.05369084593193 1.0686153820090105 1.0724196505926156
3.630000000000001 -38.10085389844818 1.0734921569975513 1.0773089535892715
3.620000000000001 -38.148021897649954 1.0784094491160157 1.0822387910480458
3.6100000000000008 -38.19519484435058 1.0833677058144626 1.087209610275368
3.600000000000001 -38.242372739342066 1.0883673807737018 1.092221864806973
3.5900000000000007 -38.2895555833944 1.0934089340096944 1.0972760145122196
3.580000000000001 -38.336743377255054 1.0984928319797587 1.1023725257004446
3.5700000000000007 -38.38393612164834 1.1036195476911685 1.1075118712294056
3.560000000000001 -38.43113381727476 1.1087895608118477 1.112694530615873
3.5500000000000007 -38.47833646481046 1.1140033577829063 1.117920990148393
3.540000000000001 -38.52554406490655 1.11926143193368 1.1231917430022877
3.5300000000000007 -38.572756618188535 1.124564283599234 1.1285072893569348
3.520000000000001 -38.619974125255666 1.1299124202396966 1.1338681365153944
3.510000000000001 -38.66719658668034 1.1353063565624821 1.1392747990264114
3.500000000000001 -38.714424003007494 1.14074661464671 1.1447277988088735
3.490000000000001 -38.761656374753926 1.1462337240700862 1.1502276652787633
3.480000000000001 -38.808893702407715 1.1517682220384673 1.1557749354786675
3.470000000000001 -38.85613598642758 1.1573506535180973 1.1613701542099062
3.460000000000001 -38.903383227242266 1.1629815713701155 1.1670138741673353
3.450000000000001 -38.95063542524989 1.168661536488549 1.1727066560768948
3.440000000000001 -38.99789258081733 1.1743911179401716 1.1784490688359548
3.430000000000001 -39.04515469427956 1.180170893108117 1.1842416896565247
3.420000000000001 -39.09242176593905 1.186001447838031 1.1900851042114182
3.410000000000001 -39.139693796065124 1.1918833765868093 1.195979906783402
3.400000000000001 -39.186970784893305 1.1978172825751807 1.2019267004174263
3.390000000000001 -39.23425273262469 1.2038037779432214 1.2079260970760108
3.380000000000001 -39.281539639425304 1.2098434839086516 1.2139787177978494
3.370000000000001 -39.32883150542544 1.215937030928696 1.2200851928597076
3.3600000000000008 -39.376128330719055 1.2220850588657903 1.226246161941706
3.350000000000001 -39.4234301153631 1.2282882171559468 1.2324622742960651
3.3400000000000007 -39.47073685937684 1.2345471649811892 1.2387341889193848
3.330000000000001 -39.51804856274133 1.240862571445542 1.2450625747285562
3.3200000000000007 -39.56536522539856 1.2472351157544064 1.2514481107403888
3.310000000000001 -39.61268684725102 1.253665487398271 1.2578914862550348
3.3000000000000007 -39.66001342816089 1.260154386339806 1.2643934010433213
3.290000000000001 -39.707344967949496 1.2667025232054123 1.270954565538063
3.2800000000000007 -39.75468146639657 1.2733106194804438 1.2775757010294744
3.270000000000001 -39.80202292323967 1.279979407708927 1.2842575398647684
3.260000000000001 -39.849369338173474 1.286709631697381 1.2910008256520444
3.250000000000001 -39.89672071084915 1.2935020467232632 1.2978063134685809
3.240000000000001 -39.944077040873665 1.3003574197474221 1.3046747700736268
3.230000000000001 -39.99143832780918 1.307276529631923 1.3116069741258178
3.220000000000001 -40.038804571172314 1.314260167361838 1.3186037164053284
3.210000000000001 -40.0861757704336 1.321309136272706 1.3256658000408688
3.200000000000001 -40.13355192501669 1.3284242522820204 1.3327940407416683
3.190000000000001 -40.18093303429777 1.3356063441266062 1.33998926703454
3.180000000000001 -40.22831909760494 1.3428562536048485 1.3472523205061875
3.170000000000001 -40.275710114217446 1.3501748358242014 1.3545840560508622
3.160000000000001 -40.32310608336505 1.357562959454686 1.361985342123514
3.150000000000001 -40.37050700422741 1.3650215069872724 1.3694570609985877
3.140000000000001 -40.41791287593341 1.372551374998807 1.377000109034584
3.130000000000001 -40.46532369756046 1.3801534744224204 1.3846153969445616
3.120000000000001 -40.51273946813379 1.387828730823881 1.3923038500727054
3.1100000000000008 -40.5601601866259 1.3955780846846613 1.4000664086771377
3.100000000000001 -40.60758585195583 1.4034024916909835 1.407904028219121
3.0900000000000007 -40.655016462988435 1.4113029230296419 1.4158176796588204
3.080000000000001 -40.70245201853384 1.4192803656907498 1.4238083497578158
3.0700000000000007 -40.74989251734668 1.4273358227765163 1.4318770413885002
3.060000000000001 -40.79733795812545 1.435470313818513 1.4400247738505825
3.0500000000000007 -40.844788339511894 1.4436848751009195 1.4482525831948623
3.040000000000001 -40.89224366009023 1.451980559991871 1.4565615225544724
3.0300000000000007 -40.93970391838659 1.4603584392825855 1.4649526624837845
3.020000000000001 -40.9871691128683 1.4688196015338701 1.4734270913051868
3.010000000000001 -41.03463924194319 1.4773651534311965 1.4819859154639397
3.000000000000001 -41.08211430395899 1.4859962201476316 1.4906302598913224
2.990000000000001 -41.1295942972026 1.49471394571551 1.4993612683762922
2.980000000000001 -41.17707921989948 1.503519493407215 1.5081801039458975
2.970000000000001 -41.22456907021296 1.5124140461240139 1.5170879492546705
2.960000000000001 -41.2720638462435 1.5213988067951578 1.5260860069832327
2.950000000000001 -41.319563546028135 1.5304749987857658 1.5351755002463958
2.940000000000001 -41.3670681675398 1.5396438663144854 1.5443576730109771
2.930000000000001 -41.414577708686586 1.5489066748816385 1.5536337905236186
2.920000000000001 -41.462092167311106 1.5582647117070396 1.5630051397488849
2.910000000000001 -41.509611541189884 1.5677192861787654 1.5724730298179137
2.900000000000001 -41.5571358280326 1.577271730312678 1.582038792487909
2.890000000000001 -41.60466502548152 1.586923399223076 1.5917037826127998
2.880000000000001 -41.65219913111078 1.596675671604701 1.60146937862534
2.870000000000001 -41.69973814242572 1.6065299502266763 1.6113369830309974
2.8600000000000008 -41.747282056862254 1.6164876624386186 1.6213080229139485
2.850000000000001 -41.794830871786175 1.6265502606887852 1.6313839504555243
2.8400000000000007 -41.84238458449253 1.6367192230556562 1.6415662434654563
2.830000000000001 -41.889943192204974 1.646996053792143 1.651856405926287
2.8200000000000007 -41.937506692075026 1.6573822838834693 1.662255968551313
2.810000000000001 -41.985075081181506 1.6678794716194183 1.672766489356461
2.8000000000000007 -42.032648356529876 1.6784892031800955 1.6833895542464863
2.790000000000001 -42.0802265150515 1.6892130932369467 1.6941267776158906
2.7800000000000007 -42.12780955360311 1.7000527855690006 1.7049798029650076
2.770000000000001 -42.17539746896605 1.7110099536944197 1.7159503035316872
2.760000000000001 -42.22299025784569 1.7220863015182184 1.7270399829390268
2.750000000000001 -42.270587916870795 1.7332835639967181 1.7382505758596216
2.740000000000001 -42.31819044259279 1.7446035078183502 1.7495838486968134
2.730000000000001 -42.36579783148521 1.7560479321030549 1.76104160028344
2.720000000000001 -42.413410079943006 1.7676186691183928 1.7726256625986059
2.710000000000001 -42.4610271842819 1.7793175850151284 1.7843379015029859
2.700000000000001 -42.50864914073782 1.7911465805817248 1.7961802174932398
2.690000000000001 -42.556275945466126 1.8031075920183663 1.8081545464760975
2.680000000000001 -42.60390759454111 1.8152025917311585 1.8202628605626867
2.670000000000001 -42.65154408395528 1.8274335891473488 1.8325071688837338
2.660000000000001 -42.699185409618785 1.8398026315523925 1.8448895184262606
2.650000000000001 -42.746831567358704 1.852311804948184 1.857411994892417
2.640000000000001 -42.79448255291852 1.8649632349350789 1.8700767235811293
2.630000000000001 -42.84213836195742 1.8777590876168702 1.8828858702932567
2.620000000000001 -42.88979899004969 1.8907015705303916 1.8958416422609825
2.6100000000000008 -42.937464432684145 1.9037929335996528 1.9089462891021776
2.600000000000001 -42.98513468526341 1.9170354701161245 1.9222021038005068
2.5900000000000007 -43.032809743103385 1.930431517745141 1.9356114237120723
2.580000000000001 -43.08048960143266 1.9439834595601866 1.9491766315994283
2.5700000000000007 -43.12817425539179 1.9576937251048823 1.962900156693804
2.560000000000001 -43.17586370003277 1.9715647914844354 1.9767844757864383
2.5500000000000007 -43.22355793031846 1.985599184486938 1.9908321143499232
2.540000000000001 -43.271256941121855 1.9997994797357246 2.005045647690513
2.5300000000000007 -43.318960727225665 2.0141683038734275 2.0194277021323823
2.520000000000001 -43.36666928332153 2.028708335779304 2.033980956234828
2.510000000000001 -43.4143826040096 2.0434223078207263 2.0487081420435085
2.500000000000001 -43.46210068379782 2.0583130071391316 2.0636120463767775
2.490000000000001 -43.5098235171014 2.0733832769725367 2.078695512148243
2.480000000000001 -43.557551098242236 2.0886360180158974 2.0939614397267374
2.470000000000001 -43.605283421448284 2.1040741898193636 2.1094127883349114
2.460000000000001 -43.65302048085307 2.1197008122268324 2.125052577487699
2.450000000000001 -43.70076227049504 2.13551896685558 2.140883888471963
2.440000000000001 -43.74850878431698 2.1515317986183264 2.1569098658686814
2.430000000000001 -43.79626001616553 2.167742517289684 2.173133719119066
2.420000000000001 -43.84401595979058 2.184154399117288 2.1895587241360857
2.410000000000001 -43.89177660884467 2.200770788480449 2.2061882249628813
2.400000000000001 -43.939541956882515 2.2175950995969567 2.223025635479658
2.390000000000001 -43.9873119973604 2.2346308182797747 2.2400744411606652
2.380000000000001 -44.03508672363565 2.2518815037464552 2.257338200882971
2.370000000000001 -44.0828661289661 2.269350790480823 2.274820548788772
2.3600000000000008 -44.130650206509536 2.287042390150955 2.2925251962030435
2.350000000000001 -44.17843894932315 2.304960093583728 2.3104559336084436
2.3400000000000007 -44.22623235036307 2.32310777279935 2.328616632679412
2.330000000000001 -44.27403040248378 2.3414893831064933 2.347011248377525
2.3200000000000007 -44.321833098437594 2.3601089652608107 2.3656438211101887
2.310000000000001 -44.3696404308742 2.3789706476895445 2.3845184789548965
2.3000000000000007 -44.41745239234011 2.398078648783157 2.4036394399513275
2.290000000000001 -44.4652689752781 2.4174372792582126 2.423011014463655
2.2800000000000007 -44.51309017202682 2.4370509445917374 2.4426376076155565
2.270000000000001 -44.56091597482022 2.456924147531877 2.462523721800448
2.260000000000001 -44.608746375787064 2.4770614906859216 2.4826739592696603
2.250000000000001 -44.65658136695049 2.4974676791891697 2.5030930248013123
2.240000000000001 -44.70442094022744 2.5181475234573782 2.5237857284527654
2.230000000000001 -44.75226508742828 2.5391059420258 2.5447569883996675
2.220000000000001 -44.80011380025628 2.560347964477801 2.566011833864726
2.210000000000001 -44.84796707030714 2.581878734466781 2.5875554081394396
2.200000000000001 -44.89582488906853 2.6037035128341914 2.609392971702208
2.190000000000001 -44.943687247919684 2.6258276808276375 2.631529905436337
2.180000000000001 -44.9915541381309 2.6482567434220625 2.653971713951586
2.170000000000001 -45.03942555086307 2.670996332749111 2.6767240290131262
2.160000000000001 -45.087301477167344 2.6940522116371386 2.699792613081872
2.150000000000001 -45.13518190798455 2.7174302772671983 2.723183362970343
2.140000000000001 -45.183066834144924 2.741136564948831 2.7469023136183903
2.130000000000001 -45.23095624636756 2.7651772520199533 2.770955641993298
2.120000000000001 -45.278850135260065 2.7895586618761334 2.7953496711189603
2.1100000000000008 -45.32674849131816 2.8142872681336346 2.820090874239035
2.100000000000001 -45.37465130492517 2.839369698931914 2.845185879119214
2.0900000000000007 -45.42255856635183 2.8648127413799833 2.8706414724939164
2.080000000000001 -45.470470265755644 2.89062334615324 2.8964646046629916
2.0700000000000007 -45.518386393180684 2.9168086322460027 2.9226623942442367
2.060000000000001 -45.56630693855718 2.9433758918857573 2.9492421330878007
2.0500000000000007 -45.614231891701074 2.970332595616144 2.9762112913588035
2.040000000000001 -45.66216124231371 2.997686397553796 3.003577522794783
2.0300000000000007 -45.71009497998149 3.025445140827974 3.0313486701448666
2.020000000000001 -45.7580330941755 3.053616863208273 3.0595327707979063
2.010000000000001 -45.805975574251164 3.0822098029297487 3.088138062607093
2.000000000000001 -45.8539224094479 3.1112324047214077 3.117172989918945
1.9900000000000009 -45.901873588888805 3.140693326047907 3.1466462098148917
1.9800000000000009 -45.949829101580335 3.170601443572594 3.176566598574081
1.9700000000000009 -45.99778893641195 3.200965859850052 3.20694325836641
1.9600000000000009 -46.045753082155876 3.2317959102592 3.237785524185184
1.9500000000000008 -46.09372152746672 3.2631011701851005 3.2691029710292927
1.9400000000000008 -46.14169426088122 3.2948914624611456 3.3009054213451816
1.9300000000000008 -46.18967127081798 3.3271768650813986 3.3332029527394473
1.9200000000000008 -46.23765254557711 3.3599677191954513 3.3660059059733496
1.9100000000000008 -46.28563807334007 3.3932746373961553 3.399324893251063
1.9000000000000008 -46.333627842169264 3.427108512314611 3.4331708068141036
1.890000000000001 -46.381621840007945 3.461480525533064 3.467554827854888
1.880000000000001 -46.42962005467978 3.496402156831744 3.502488435763061
1.870000000000001 -46.477622473888786 3.531885193781899 3.537983417718868
1.860000000000001 -46.52562908521898 3.5679417417012305 3.57405187864852
1.850000000000001 -46.57363987613421 3.6045842339871785 3.610706251557279
1.840000000000001 -46.62165483397789 3.641825442843806 3.647959308256703
1.830000000000001 -46.66967394597282 3.6796784904205264 3.685824170503324
1.820000000000001 -46.71769719922101 3.718156860380394 3.724314321566917
1.810000000000001 -46.76572458070343 3.7572744099171387 3.763443618247391
1.800000000000001 -46.813756077279855 3.7970453822403174 3.8032263033602915
1.790000000000001 -46.861791675688686 3.837484419550593 3.8436770187119085
1.780000000000001 -46.90983136254679 3.8786065765267086 3.8848108185860895
1.770000000000001 -46.957875124349364 3.920427334346641 3.9266431837659033
1.760000000000001 -47.00592294746964 3.962962615268953 3.9691900361145653
1.7500000000000009 -47.053974818158956 4.006228797798368 4.012467753741264
1.7400000000000009 -47.102030722546495 4.050242732463403 4.056493186778836
1.7300000000000009 -47.15009064663916 4.095021758234482 4.101283673801689
1.7200000000000009 -47.1981545763215 4.140583719611688 4.146857058913824
1.7100000000000009 -47.24622249735556 4.186946984414474 4.193231709538399
1.7000000000000008 -47.294294395380845 4.234130462305668 4.240426534941943
1.6900000000000008 -47.342370255914155 4.282153624085348 4.288461005528105
1.6800000000000008 -47.39045006434953 4.331036521790716 4.337355172937678
1.6700000000000008 -47.43853380595822 4.3807998096414495 4.387129690993674
1.6600000000000008 -47.48662146588858 4.431464765870225 4.437805837532239
1.6500000000000008 -47.53471302916603 4.483053315482601 4.489405537162524
1.640000000000001 -47.582808480692975 4.535588053991562 4.54195138500098
1.630000000000001 -47.630907805248825 4.58909227217385 4.595466671427992
1.620000000000001 -47.679010987489974 4.643589981899749 4.649975407917556
1.610000000000001 -47.727118011949706 4.699105943089229 4.705502353993433
1.600000000000001 -47.77522886303829 4.755665691850907 4.762073045368306
1.590000000000001 -47.823343525042866 4.813295569864119 4.819713823325646
1.580000000000001 -47.87146198212758 4.872022755066294 4.878451865407382
1.570000000000001 -47.91958421833353 4.931875293713518 4.938315217474167
1.560000000000001 -47.96771021757885 4.992882133883684 4.999332827208812
1.550000000000001 -48.01583996365864 5.055073160497875 5.061534579137647
1.540000000000001 -48.063973440245164 5.118479231938727 5.124951331248868
1.530000000000001 -48.11211063088785 5.183132218349638 5.189614953291724
1.520000000000001 -48.160251519013315 5.249065041703269 5.255558366845203
1.510000000000001 -48.20839608792551 5.316311717733876 5.322815587250344
1.5000000000000009 -48.25654432080578 5.3849073998331445 5.391421767505876
1.4900000000000009 -48.30469620071294 5.454888425014504 5.461413244232942
1.4800000000000009 -48.3528517105835 5.526292362059413 5.532827585821128
1.4700000000000009 -48.40101083323162 5.599158061963716 5.605703642874917
1.4600000000000009 -48.44917355134936 5.673525710810908 5.680081601087043
1.4500000000000008 -48.497339847506794 5.749436885206735 5.75600303667309
1.4400000000000008 -48.545509704152146 5.826934610417838 5.83351097451014
1.4300000000000008 -48.59368310361194 5.906063421366166 5.912649949131261
1.4200000000000008 -48.64186002809123 5.986869426640782 5.993466068737267
1.4100000000000008 -48.690040459673696 6.069400375698536 6.076007082397606
1.4000000000000008 -48.73822438032191 6.153705729437122 6.160322450623167
1.390000000000001 -48.78641177187752 6.2398367343344345 6.246463419505875
1.380000000000001 -48.834602616061446 6.327846500362384 6.334483098632494
1.370000000000001 -48.882796894474076 6.417790082896139 6.424436542993864
1.360000000000001 -48.93099458859562 6.509724568854594 6.516380839125498
1.350000000000001 -48.979195679786194 6.603709167324043 6.610375195731108
1.340000000000001 -49.027400149286166 6.699805304933309 6.706481039057813
1.330000000000001 -49.07560797821647 6.798076726267115 6.8047621133097955
1.320000000000001 -49.12381914757871 6.898589599625112 6.905284586406987
1.310000000000001 -49.17203363825568 7.001412628452992 7.008117161416424
1.300000000000001 -49.220251431011405 7.106617168796812 7.113331194006659
1.290000000000001 -49.26847250649168 7.214277353155632 7.2210008163002275
1.280000000000001 -49.31669684522425 7.324470221133233 7.331203067525573
1.270000000000001 -49.36492442761918 7.437275857319599 7.4440180318984375
1.260000000000001 -49.41315523396919 7.552777536862491 7.559528984193517
1.2500000000000009 -49.46138924445002 7.671061879223336 7.677822543500522
1.2400000000000009 -49.50962643912073 7.792219010648087 7.798988835694777
1.2300000000000009 -49.557866797924156 7.91634273592119 7.92312166519146
1.2200000000000009 -49.60611030068728 8.043530720014788 8.050318696594708
1.2100000000000009 -49.65435692712152 8.173884680289387 8.180681646898472
1.2000000000000008 -49.70260665682327 8.30751058995296 8.314316488945462
1.1900000000000008 -49.7508594692742 8.444518893537989 8.451333666904262
1.1800000000000008 -49.79911534384182 8.585024735214773 8.591848324582724
1.1700000000000008 -49.84737425977972 8.729148200822454 8.735980547459114
1.1600000000000008 -49.89563619622819 8.87701457456815 8.883855619381109
1.1500000000000008 -49.943901132214606 9.02875461141841 9.035604294957377
1.140000000000001 -49.992169046653835 9.184504826289487 9.19136308874782
1.130000000000001 -50.040439918348916 9.344407801230597 9.351274582446948
1.120000000000001 -50.088713725991234 9.508612511891394 9.515487751351266
1.110000000000001 -50.136990448161356 9.677274674669382 9.684158311506812
1.100000000000001 -50.185270063329256 9.850557116048124 9.8574490890475
1.090000000000001 -50.23355254985504 10.028630165762882 10.035530413360497
1.080000000000001 -50.28183788598936 10.211672075565618 10.218580535851604
1.070000000000001 -50.330126049873996 10.399869465513605 10.406786076233523
1.060000000000001 -50.37841701954238 10.593417799867192 10.600342498424013
1.050000000000001 -50.42671077292022 10.792521894864585 10.799454618320432
1.040000000000001 -50.475007287826 10.997396460836377 11.004337145914503
1.030000000000001 -50.52330654197161 11.208266681340517 11.2152152644272
1.0200000000000011 -50.57160851296296 11.425368832235074 11.432325249381561
1.0100000000000011 -50.61991317830047 11.648950943867725 11.655915130792176
1.000000000000001 -50.66822051537981 11.879273509848273 11.886245401937845
0.990000000000001 -50.716530501492514 12.11661024618775 12.123589778500547
0.980000000000001 -50.76484311382649 12.361248904935769 12.36823601220296
0.970000000000001 -50.81315832946685 12.613492146834272 12.620486763462258
0.9600000000000011 -50.86147612539645 12.873658477931132 12.880660538003548
0.9500000000000011 -50.90979647849652 13.142083255567039 13.149092692847056
0.9400000000000011 -50.95811936554741 13.41911976967189 13.426136517604329
0.930000000000001 -51.00644476322936 13.70514040588254 13.712164397596116
0.920000000000001 -51.054772648123 14.00053789763542 14.007569065945107
0.910000000000001 -51.103102996710184 14.30572667509886 14.312764952508008
0.900000000000001 -51.1514357853747 14.621144319599523 14.628189638302272
0.890000000000001 -51.19977099040293 14.947253133079155 14.954305424962747
0.880000000000001 -51.24810858798471 15.284541833097142 15.291601029744381
0.870000000000001 -51.29644855421394 15.633527384989396 15.640593417680986
0.860000000000001 -51.3447908650894 15.994756984015122 16.001829783732166
0.850000000000001 -51.39313549651557 16.368810201690692 16.37588969911705
0.840000000000001 -51.44148242430328 16.75630131203869 16.763387437563658
0.8300000000000011 -51.48983162417061 17.157881815197754 17.164974498918408
0.8200000000000011 -51.53818307174365 17.574243177762707 17.581342349486555
0.810000000000001 -51.58653674255727 18.006119811391958 18.01322540063955
0.800000000000001 -51.634892612055985 18.45429231365571 18.461404249663204
0.790000000000001 -51.683250655594755 18.919590997846914 18.92670920956874
0.780000000000001 -51.73161084843978 19.402899741580107 19.41002415769164
0.770000000000001 -51.779973165769455 19.90516018751112 19.912290736411407
0.760000000000001 -51.8283375826751 20.42737633348417 20.43451294329858
0.750000000000001 -51.87670407416184 20.970619553918063 20.977762152501114
0.740000000000001 -51.92507261514956 21.536034099363615 21.543182614301795
0.730000000000001 -51.97344318047371 22.124843126988477 22.131997485602998
0.720000000000001 -52.021815744886204 22.738355321385598 22.745515450735223
0.7100000000000011 -52.070190283056306 23.377972172682846 23.385137999566776
0.7000000000000011 -52.11856676957161 24.045195987603307 24.05236743856411
0.6900000000000011 -52.16694517893885 24.741638719063467 24.74881572038996
0.680000000000001 -52.215325485584884 25.46903171130581 25.47621418903602
0.670000000000001 -52.2637076638576 26.22923647068807 26.236424350612175
0.660000000000001 -52.3120916880269 27.02425658737906 27.031449795042445
0.650000000000001 -52.36047753228559 27.856250950685492 27.8634494113917
0.640000000000001 -52.40886517075035 28.72754842095777 28.734752059771665
0.630000000000001 -52.45725457746276 29.640664144483843 29.64787288623456
0.620000000000001 -52.50564572639018 30.59831772505265 30.60553149433677
0.610000000000001 -52.55403859142682 31.603453497650552 31.61067221883521
0.600000000000001 -52.60243314639465 32.65926318687397 32.666486784099995
0.590000000000001 -52.65082936504446 33.76921127610642 33.77643967329151
0.5800000000000011 -52.69922722105684 34.937063464529736 34.94429658537168
0.5700000000000011 -52.74762668804313 36.16691864908897 36.17415641706881
0.560000000000001 -52.79602773954661 37.46324493939667 37.470487277781984
0.550000000000001 -52.84443034904333 38.83092029742867 38.83816712927686
0.540000000000001 -52.892834489943255 40.27527849339974 40.28252974156124
0.530000000000001 -52.941240135591315 41.80216118769896 41.80941677482063
0.520000000000001 -52.98964725926841 43.417977090255754 43.42523693878418
0.510000000000001 -53.03805583419247 45.129769318207615 45.13703335039245
0.500000000000001 -53.08646583351955 46.94529227647225 46.95256041436957
0.49000000000000105 -53.134877230344856 48.873099631549024 48.88037179702478
0.48000000000000104 -53.18328999770389 50.92264524630966 50.92992136104301
0.47000000000000103 -53.231704108573425 53.104399304912775 53.11167929039964
0.460000000000001 -53.28011953587276 55.42998229774265 55.43726607529904
0.450000000000001 -53.32853625246463 57.91232007604585 57.919607566811415
0.440000000000001 -53.3769542311564 60.56582384974417 60.57311497468568
0.43000000000000105 -53.42537344470124 63.40659982182552 63.413894501740366
0.42000000000000104 -53.47379386579914 66.45269417011554 66.45999232563526
0.41000000000000103 -53.522215467098015 69.72438035571787 69.73168190731174
0.400000000000001 -53.57063822119495 73.24449732686534 73.25180219484386
0.390000000000001 -53.61906210063723 77.03884918899539 77.04615729351391
0.380000000000001 -53.66748707792349 81.13667944751326 81.14399070857567
0.37000000000000105 -53.71591312550494 85.5712361596333 85.57855049709546
0.36000000000000104 -53.76434021578641 90.38044847087076 90.38776580444424
0.35000000000000103 -53.81276832112755 95.60774034989427 95.61506059914998
0.340000000000001 -53.861197413844 101.30301426592159 101.31033735029347
0.330000000000001 -53.90962746620854 107.52384661415812 107.53117245294679
0.320000000000001 -53.95805845045226 114.33694863040054 114.34427714277697
0.310000000000001 -54.00649033876578 121.81996238154083 121.82729348655008
0.30000000000000104 -54.054923103300275 130.0636826308563 130.07101624742114
0.29000000000000103 -54.10335671616886 139.1748240247973 139.18216007172205
0.280000000000001 -54.151791149447696 149.2794921024668 149.28683049844108
0.270000000000001 -54.200226375177095 160.52757040473378 160.5349110683362
0.260000000000001 -54.2486623653629 173.09831079920303 173.10565364890482
0.250000000000001 -54.297099091977465 187.2075194842047 187.21486443837387
0.240000000000001 -54.345536526961034 203.1168812486376 203.1242282255422
0.23000000000000098 -54.39397464222289 221.14618129580825 221.15353021362054
0.220000000000001 -54.442413409642526 241.68950131255886 241.6968520893589
0.210000000000001 -54.49085280107093 265.23693838057795 265.24429093435754
0.20000000000000098 -54.53929278833172 292.4041087819027 292.411463030569
0.190000000000001 -54.58773334322249 323.97279703611696 323.9801528974965
0.180000000000001 -54.63617443751591 360.94783490744754 360.9551922992896
0.17000000000000098 -54.68461604296102 404.6380618802471 404.64542072022795
0.160000000000001 -54.733058131284395 456.77376515324903 456.78112535897554
0.150000000000001 -54.78150067419145 519.6806689997186 519.6880304887316
0.14000000000000098 -54.82994364336772 596.5438767665466 596.5512394563253
0.130000000000001 -54.87838701047995 691.8191234746123 691.8264872825772
0.120000000000001 -54.92683074717746 811.8933792374783 811.900744080995
0.110000000000001 -54.975274825093386 966.1838355028244 966.1912012992074
0.10000000000000099 -55.02371921584587 1169.0422434301006 1169.0496100966154
0.090000000000001 -55.0721638910394 1443.2171280088744 1443.224495462742
0.080000000000001 -55.12060882226617 1826.5208310623402 1826.528199220739
0.07000000000000099 -55.16905398110722 2385.601261501158 2385.608630281224
0.060000000000001004 -55.21749933913411 3246.999257089648 3247.006626408476
0.050000000000001 -55.26594486791045 4675.5947007334225 4675.6020705080655
0.040000000000001 -55.31439053899422 7305.5090374645915 7305.516407612047
0.030000000000001 -55.36283632394201 12987.422719084385 12987.430089521578
0.020000000000001003 -55.41128219432155 29221.461754924087 29221.469125567815
0.010000000000001 -55.45972812178223 116885.27154434456 116885.27891511132
