1e-15 0.1894267107881592 500 7.234973179291102e-48 -1457146.2832803233 1.0
0.010000000000001 0.18942712193837088 500.1870632363514 7.2365712378381235e-09 -1459918.2715944902 0.9999978608152678
0.020000000000001003 0.18942820636969304 500.1801891570942 5.7896056030374564e-08 -1459884.7843668163 0.9999914427458085
0.030000000000001 0.1894300091349196 500.1686796649542 1.953983902406096e-07 -1459827.9092958807 0.9999807462567857
0.040000000000001 0.18943253219022366 500.152541403103 4.6316024785067203e-07 -1459747.8630935443 0.9999657715892584
0.050000000000001 0.1894357758838607 500.1317785503766 9.045925940093261e-07 -1459644.7252185147 0.9999465191289533
0.060000000000001004 0.18943974032604033 500.1063937227466 1.5630987812653556e-06 -1459518.536341068 0.9999229893795029
0.07000000000000099 0.18944442557047678 500.07638884203993 2.482072646607024e-06 -1459369.3223979725 0.9998951829585883
0.080000000000001 0.18944983165461785 500.04176553365284 3.7048966093358517e-06 -1459197.1029431627 0.9998631005969445
0.090000000000001 0.18945595861156206 500.0025253157868 5.274939769859887e-06 -1459001.894652658 0.9998267431379979
0.10000000000000099 0.189462806474333 499.9586696966883 7.235556009518955e-06 -1458783.7130377456 0.9997861115376916
0.110000000000001 0.18947037527763702 499.9102002282527 9.630082091566794e-06 -1458542.5733260957 0.9997412068643743
0.120000000000001 0.1894786650586647 499.85711853737047 1.2501835763441214e-05 -1458278.4909772943 0.9996920302987132
0.130000000000001 0.18948767585748702 499.79942634517755 1.589411386045663e-05 -1457991.4819945062 0.999638583133615
0.14000000000000098 0.18949740771726406 499.73712547936753 1.985019041105523e-05 -1457681.5631196117 0.9995808667741475
0.150000000000001 0.18950786068436082 499.6702178823368 2.4413314743754027e-05 -1457348.751947066 0.999518882737459
0.160000000000001 0.18951903480841428 499.59870561672597 2.9626709595925663e-05 -1456993.0670162211 0.9994526326526951
0.17000000000000098 0.18953093014237338 499.5225908692788 3.55335692245512e-05 -1456614.5278792402 0.9993821182609091
0.180000000000001 0.18954354674252344 499.4418759535789 4.217705751908321e-05 -1456213.1551298292 0.9993073414149682
0.190000000000001 0.18955688466850135 499.3565633120199 4.9600306116557544e-05 -1455788.970445793 0.9992283040794553
0.20000000000000098 0.18957094398330485 499.26665551723784 5.784641251909212e-05 -1455341.9966019543 0.9991450083305631
0.210000000000001 0.18958572475329813 499.1721552731588 6.695843821391095e-05 -1454872.2574817326 0.9990574563559849
0.220000000000001 0.18960122704821505 499.0730654157655 7.697940679603137e-05 -1454379.7780997937 0.9989656504547973
0.23000000000000098 0.18961745094116064 498.96938891365465 8.79523020937524e-05 -1453864.5846098575 0.99886959303734
0.240000000000001 0.1896343965086114 498.8611288684365 9.992006629708179e-05 -1453326.7042985766 0.9987692866250869
0.250000000000001 0.18965206383041494 498.74828851501206 0.00011292559808923917 -1452766.165605723 0.9986647338505135
0.260000000000001 0.1896704529897887 498.6308712217562 0.0001270117507813722 -1452182.9981024608 0.9985559374569575
0.270000000000001 0.18968956407331858 498.50888049062416 0.00014222133045062264 -1451577.2325320854 0.9984429002984747
0.280000000000001 0.18970939717095678 498.38231995719826 0.00015859709408167877 -1450948.900768701 0.9983256253396875
0.29000000000000103 0.18972995237601975 498.25119339068453 0.00017618174771195 -1450298.0358564768 0.9982041156556289
0.30000000000000104 0.18975122978518558 498.11550469386844 0.00019501794458049986 -1449624.6719581813 0.9980783744315807
0.310000000000001 0.18977322949849132 497.97525790303604 0.0002151482832808722 -1448928.844414608 0.9979484049629048
0.320000000000001 0.1897959516193301 497.83045718786565 0.00023661530591794587 -1448210.5896983275 0.9978142106548706
0.330000000000001 0.18981939625444802 497.6811068512946 0.0002594614962689524 -1447469.9454285696 0.997675795022475
0.340000000000001 0.1898435635139409 497.5272113293634 0.0002837292779487908 -1446706.9503750242 0.9975331616902574
0.35000000000000103 0.189868453511251 497.3687751910405 0.00030946101257977275 -1445921.6444311966 0.9973863143921093
0.36000000000000104 0.18989406636316342 497.20580313802986 0.00033669899796593224 -1445114.0686332914 0.9972352569710774
0.37000000000000105 0.1899204021898025 497.0383000045621 0.0003654854662720317 -1444284.2651556563 0.9970799933791619
0.380000000000001 0.18994746111462799 496.8662707571717 0.0003958625822073971 -1443432.2772949503 0.9969205276771086
0.390000000000001 0.18997524326443124 496.68972049446097 0.000427872441214714 -1442558.149483705 0.9967568640341954
0.400000000000001 0.19000374876933115 496.508654446851 0.0004615570676639153 -1441661.9272703524 0.9965890067280135
0.41000000000000103 0.19003297776276998 496.32307797632166 0.0004969584130512922 -1440743.6573303435 0.9964169601442424
0.42000000000000104 0.19006293038150918 496.1329965761403 0.0005341183542039578 -1439803.387443163 0.9962407287764203
0.43000000000000105 0.19009360676562495 495.93841587058006 0.0005730786914897937 -1438841.1665105417 0.9960603172257076
0.440000000000001 0.19012500705850385 495.73934161462853 0.0006138811470330077 -1437857.044525487 0.9958757302006463
0.450000000000001 0.1901571314068381 495.53577969368627 0.0006565673629354326 -1436851.0725901006 0.9956869725169125
0.460000000000001 0.19018997996062093 495.32773612325667 0.0007011788995036923 -1435823.3029065772 0.9954940490970644
0.47000000000000103 0.19022355287314177 495.11521704862673 0.0007477572334823638 -1434773.7887888234 0.9952969649702843
0.48000000000000104 0.19025785030098127 494.898228744539 0.0007963437562932612 -1433702.5846047613 0.9950957252721154
0.49000000000000105 0.19029287240400633 494.6767776148554 0.0008469797722809679 -1432609.7458182103 0.9948903352441929
0.500000000000001 0.19032861934536485 494.4508701922125 0.0008997064969647425 -1431495.328965905 0.9946808002339699
0.510000000000001 0.19036509129148052 494.2205131376689 0.0009545650552969227 -1430359.39167671 0.9944671256944375
0.520000000000001 0.19040228841204748 493.9857132403446 0.0010115964799279524 -1429201.9926135484 0.9942493171838404
0.530000000000001 0.19044021088002477 493.74647741705274 0.0010708417094781539 -1428023.1915532679 0.9940273803653856
0.540000000000001 0.19047885887163074 493.5028127119235 0.0011323415868163685 -1426823.0492691963 0.9938013210069478
0.550000000000001 0.19051823256633735 493.2547262960207 0.001196136857345589 -1425601.6276234603 0.9935711449807675
0.560000000000001 0.1905583321468644 493.00222546695056 0.0012622681672957027 -1424358.989529317 0.9933368582631453
0.5700000000000011 0.19059915779917355 492.7453176484637 0.0013307760620234665 -1423095.1989019213 0.9930984669341298
0.5800000000000011 0.19064070971246228 492.48401039004943 0.0014017009843198367 -1421810.3207265441 0.9928559771772013
0.590000000000001 0.19068298807915773 492.218311366523 0.0014750832727247667 -1420504.4209713344 0.9926093952789494
0.600000000000001 0.19072599309491056 491.94822837760574 0.0015509631598495967 -1419177.5666976154 0.992358727628746
0.610000000000001 0.1907697249585884 491.6737693474984 0.0016293807707071497 -1417829.825923237 0.9921039807184129
0.620000000000001 0.19081418387226953 491.3949423244473 0.0017103761210496512 -1416461.2676780876 0.9918451611418841
0.630000000000001 0.1908593700412362 491.11175548030343 0.0017939891157145887 -1415071.9620208442 0.9915822755948634
0.640000000000001 0.19090528367396797 490.8242171100753 0.0018802595469786256 -1413661.9799870974 0.9913153308744769
0.650000000000001 0.1909519249821349 490.53233563147455 0.0019692270929196854 -1412231.3935993316 0.9910443338789191
0.660000000000001 0.1909992941805906 490.23611958445497 0.0020609313157873175 -1410780.275872447 0.990769291607097
0.670000000000001 0.1910473914873653 489.9355776307449 0.0021554116603814573 -1409308.7008050275 0.9904902111582655
0.680000000000001 0.19109621712365857 489.63071855337313 0.002252707452439696 -1407816.7433470397 0.9902070997316608
0.6900000000000011 0.1911457713138322 489.3215512561882 0.002352857897033164 -1406304.4794221593 0.9899199646261271
0.7000000000000011 0.19119605428540276 489.008084763371 0.0024559020769711476 -1404771.9859109672 0.9896288132397393
0.7100000000000011 0.19124706626903418 488.6903282189415 0.0025618789512145356 -1403219.3406183051 0.9893336530694204
0.720000000000001 0.19129880749853018 488.3682908862583 0.0026708273532982177 -1401646.622316041 0.9890344917105541
0.730000000000001 0.19135127821082654 488.0419821475127 0.0027827859897625305 -1400053.910716645 0.9887313368565928
0.740000000000001 0.19140447864598334 487.7114115032159 0.0028977934385938653 -1398441.2864266995 0.9884241962986603
0.750000000000001 0.19145840904717704 487.3765885716802 0.003015888147674538 -1396808.8309965404 0.9881130779251507
0.760000000000001 0.19151306966069248 487.03752308849397 0.0031371084332420278 -1395156.626876958 0.9877979897213212
0.770000000000001 0.19156846073591474 486.69422490599055 0.0032614924783576898 -1393484.7574300386 0.9874789397688816
0.780000000000001 0.19162458252532089 486.34670399271107 0.0033890783313850407 -1391793.3068973375 0.9871559362455782
0.790000000000001 0.19168143528447165 485.9949704328612 0.0035199039044777215 -1390082.3604310565 0.9868289874247734
0.800000000000001 0.191739019272003 485.6390344257618 0.0036540069720772377 -1388352.0040405437 0.9864981016750209
0.810000000000001 0.19179733474961747 485.27890628529394 0.003791425169420575 -1386602.3246170145 0.9861632874596359
0.8200000000000011 0.19185638198207564 484.9145964393378 0.003932195991057792 -1384833.4099370441 0.9858245533362608
0.8300000000000011 0.19191616123718722 484.5461154292059 0.004076356789379682 -1383045.3486132012 0.9854819079564271
0.840000000000001 0.19197667278580222 484.17347390907025 0.004223944773155613 -1381238.2301147375 0.9851353600651119
0.850000000000001 0.19203791690180189 483.79668264538424 0.004374997006081622 -1379412.1447496426 0.9847849185002909
0.860000000000001 0.19209989386208967 483.4157525162984 0.004529550405338875 -1377567.1836344716 0.984430592192486
0.870000000000001 0.1921626039465819 483.030694511071 0.0046876417401625825 -1375703.4387585998 0.9840723901643091
0.880000000000001 0.19222604743819857 482.64151972947224 0.004849307630421455 -1373821.0028795805 0.9837103215300022
0.890000000000001 0.19229022462285375 482.2482393811841 0.005014584545207801 -1371919.9696293639 0.9833443954949718
0.900000000000001 0.19235513578944613 481.85086478519355 0.005183508801438344 -1370000.433354079 0.9829746213553202
0.910000000000001 0.19242078122984932 481.44940736918124 0.005356116562465872 -1368062.4892225806 0.9826010084973722
0.920000000000001 0.19248716123890208 481.0438786689042 0.005532443836701771 -1366106.2332241037 0.9822235663971977
0.930000000000001 0.1925542761143984 480.63429032757347 0.00571252647624957 -1364131.7620776417 0.9818423046201297
0.9400000000000011 0.19262212615707758 480.22065409522645 0.005896400175549553 -1362139.173291889 0.9814572328202791
0.9500000000000011 0.192690711670614 479.80298182809395 0.006084100470034535 -1360128.5650826388 0.9810683607400449
0.9600000000000011 0.19276003296160704 479.38128548796226 0.006275662734796889 -1358100.0364823574 0.9806756982096201
0.970000000000001 0.19283009033957063 478.9555771415297 0.006471122183266896 -1356053.6872458963 0.9802792551464942
0.980000000000001 0.1929008841169229 478.52586895975867 0.0066705138659025115 -1353989.6178121539 0.9798790415549513
0.990000000000001 0.1929724146089756 478.09217321722207 0.006873872668890622 -1351907.9293746992 0.9794750675255648
1.000000000000001 0.19304468213392342 477.65450229144534 0.007081233312859869 -1349808.7238144148 0.9790673432346878
1.0100000000000011 0.19311768701283322 477.2128686622431 0.007292630351605125 -1347692.1037621559 0.9786558789439395
1.0200000000000011 0.19319142956963317 476.76728491105143 0.00750809817082369 -1345558.1725218238 0.9782406849996886
1.030000000000001 0.1932659101311018 476.3177637202548 0.007727670986863297 -1343407.0340767072 0.9778217718325322
1.040000000000001 0.19334112902685682 475.86431787250865 0.007951382845481986 -1341238.7930697878 0.977399149956771
1.050000000000001 0.19341708658934395 475.40696025005724 0.008179267620619934 -1339053.554794256 0.9769728299698819
1.060000000000001 0.19349378315382562 474.9457038340467 0.0084113590131833 -1336851.425279294 0.9765428225519851
1.070000000000001 0.19357121905836946 474.4805617038337 0.008647690549840163 -1334632.5111104336 0.9761091384653096
1.080000000000001 0.1936493946438369 474.01154703628936 0.008888295581828626 -1332396.9195953691 0.9756717885536537
1.090000000000001 0.19372831025387136 473.53867310509895 0.009133207283777159 -1330144.7586146388 0.9752307837418426
1.100000000000001 0.19380796623488655 473.06195328005697 0.009382458652537217 -1327876.136670769 0.9747861350351827
1.110000000000001 0.1938883629360547 472.58140102635804 0.009636082506028248 -1325591.162905663 0.9743378535189122
1.120000000000001 0.1939695007092944 472.0970299038833 0.009894111482095118 -1323289.9470250017 0.9738859503576479
1.130000000000001 0.19405137990925864 471.6088535664829 0.010156578037378029 -1320972.5993506494 0.9734304367948299
1.140000000000001 0.19413400089332256 471.1168857612536 0.010423514446195 -1318639.2307809405 0.9729713241521616
1.1500000000000008 0.19421736402157114 470.6211403278134 0.010694952799436958 -1316289.9527689493 0.9725086238290473
1.1600000000000008 0.1943014696567868 470.1216311975709 0.010970925003475523 -1313924.8773526247 0.9720423473020269
1.1700000000000008 0.1943863181644368 469.6183723929913 0.011251462779083503 -1311544.117112588 0.9715725061242058
1.1800000000000008 0.19447190991266072 469.1113780268585 0.011536597660368207 -1309147.7852201022 0.971099111924684
1.1900000000000008 0.1945582452722576 468.6006623015329 0.011826360993717602 -1306735.9952732073 0.9706221764079801
1.2000000000000008 0.19464532461667308 468.0862395082056 0.012120783936759373 -1304308.8614857297 0.9701417113534534
1.2100000000000009 0.19473314832198652 467.568124026149 0.01241989745733294 -1301866.498538262 0.9696577286147228
1.2200000000000009 0.19482171676689783 467.04633032196324 0.012723732332474504 -1299409.0216413387 0.9691702401190824
1.2300000000000009 0.1949110303327143 466.5208729488193 0.01303231914741514 -1296936.5464848045 0.9686792578669144
1.2400000000000009 0.1950010894033374 465.9917665456985 0.013345688294592008 -1294449.1892826895 0.9681847939311
1.2500000000000009 0.19509189436524918 465.4590258366283 0.013663869972672736 -1291947.0666096369 0.9676868604564252
1.260000000000001 0.19518344560749887 464.92266562991466 0.013986894185593006 -1289430.2956905607 0.9671854696589867
1.270000000000001 0.19527574352168925 464.3827008173711 0.014314790741607401 -1286898.9940622896 0.9666806338255929
1.280000000000001 0.19536878850196288 463.8391463735441 0.01464758925235355 -1284353.279693942 0.9661723653131633
1.290000000000001 0.19546258094498825 463.29201735493575 0.014985319131929627 -1281793.2710783095 0.9656606765481249
1.300000000000001 0.1955571212499459 462.7413288992225 0.015328009595985232 -1279219.087086078 0.9651455800258062
1.310000000000001 0.1956524098185142 462.187096224471 0.015675689660825703 -1276630.8470307244 0.964627088309828
1.320000000000001 0.1957484470548553 461.6293346283512 0.01602838814252991 -1274028.6706031803 0.9641052140314932
1.330000000000001 0.19584523336560083 461.06805948734564 0.01638613365608153 -1271412.6778900556 0.963579969889172
1.340000000000001 0.1959427691598374 460.50328625595637 0.016748954614513912 -1268782.9894064898 0.9630513686476871
1.350000000000001 0.19604105484909226 459.9350304659087 0.017116879228068472 -1266139.7259815882 0.9625194231376945
1.360000000000001 0.19614009084731857 459.36330772535194 0.017489935503366753 -1263483.0088982827 0.9619841462550627
1.370000000000001 0.19623987757088066 458.78813371805757 0.0178681512425961 -1260812.959692899 0.9614455509602502
1.380000000000001 0.1963404154385393 458.20952420261443 0.018251554042709058 -1258129.700295485 0.9609036502776803
1.390000000000001 0.19644170487143672 457.62749501162153 0.01864017129463643 -1255433.3529670325 0.9603584572951134
1.4000000000000008 0.1965437462930815 457.04206205087775 0.01903403018251413 -1252724.0403208106 0.9598099851630175
1.4100000000000008 0.19664654012933347 456.4532412985694 0.019433157682923783 -1250001.8852158373 0.9592582470939369
1.4200000000000008 0.19675008680838846 455.8610488044552 0.01983758056414713 -1247267.0108763755 0.9587032563618583
1.4300000000000008 0.19685438676076286 455.2655006890485 0.020247325385434254 -1244519.5408378127 0.9581450263015752
1.4400000000000008 0.19695944041927824 454.6666131427976 0.02066241849628567 -1241759.5988851807 0.9575835703080503
1.4500000000000008 0.19706524821904564 454.06440242526327 0.021082886035748274 -1238987.30909638 0.9570189018357762
1.4600000000000009 0.19717181059744995 453.4588848642944 0.02150875393172519 -1236202.7957903864 0.956451034398134
1.4700000000000009 0.19727912799413408 452.8500768552013 0.02194004790029953 -1233406.1836090644 0.9558799815667497
1.4800000000000009 0.19738720085098305 452.2379948599265 0.022376793445072117 -1230597.5973493736 0.9553057569708503
1.4900000000000009 0.19749602961210794 451.62265540621445 0.022819015856513115 -1227777.1620847378 0.9547283742966162
1.5000000000000009 0.1976056147238298 451.0040750867781 0.02326674021132767 -1224945.0031572634 0.954147847286533
1.510000000000001 0.19771595663466338 450.38227055846414 0.02371999137183552 -1222101.2460433426 0.9535641897387426
1.520000000000001 0.19782705579530085 449.7572585414164 0.024178793985364593 -1219246.0165088826 0.9529774155063904
1.530000000000001 0.19793891265859526 449.129055818237 0.024643172483658646 -1216379.4404756315 0.9523875384969731
1.540000000000001 0.19805152767954398 448.4976792331464 0.025113151082298914 -1213501.644071798 0.951794572671684
1.550000000000001 0.19816490131527215 447.8631456911409 0.025588753780139795 -1210612.7535780785 0.951198532044757
1.560000000000001 0.1982790340250158 447.2254721571493 0.026070004358758576 -1207712.8954506905 0.9505994306828095
1.570000000000001 0.19839392627010494 446.5846756551875 0.02655692638191922 -1204802.1963160068 0.9499972827041836
1.580000000000001 0.19850957851394668 445.9407732675119 0.027049543195050207 -1201880.7829272398 0.9493921022782861
1.590000000000001 0.1986259912220081 445.29378213377106 0.027547877924736442 -1198948.7821945301 0.9487839036249276
1.600000000000001 0.19874316486179902 444.6437194501562 0.028051953478225228 -1196006.3211815157 0.9481727010136596
1.610000000000001 0.19886109990285472 443.9906024685502 0.028561792542946315 -1193053.527024316 0.9475585087631119
1.620000000000001 0.19897979681671848 443.3344484956757 0.029077417586046022 -1190090.52700322 0.9469413412403266
1.630000000000001 0.19909925607692416 442.67527489224136 0.029598850853935422 -1187117.4484684824 0.9463212128600939
1.640000000000001 0.1992194781589785 442.01309907208775 0.030126114371852617 -1184134.418860573 0.945698138084284
1.6500000000000008 0.1993404635403434 441.3479385013316 0.030659229943439066 -1181141.5657173272 0.9450721314211808
1.6600000000000008 0.1994622127004181 440.6798106975093 0.031198219150329998 -1178139.0166756844 0.9444432074248122
1.6700000000000008 0.19958472612052128 440.00873322871934 0.03174310335175886 -1175126.8994259527 0.9438113806942812
1.6800000000000008 0.1997080042838729 439.33472371276395 0.03229390368417584 -1172105.3416419777 0.9431766658730952
1.6900000000000008 0.1998320476755762 438.65779981629 0.03285064106088046 -1169074.4711099234 0.9425390776484958
1.7000000000000008 0.1999568567825993 437.9779792539288 0.03341333617166815 -1166034.415616328 0.941898630750786
1.7100000000000009 0.20008243209375703 437.29527978743585 0.0339820094824909 -1162985.3029848207 0.9412553399526583
1.7200000000000009 0.20020877409969226 436.609719224829 0.03455668123513194 -1159927.2610826052 0.9406092200685218
1.7300000000000009 0.20033588329285748 435.92131541952705 0.03513737144689437 -1156860.4177209053 0.9399602859538276
1.7400000000000009 0.20046376016749606 435.2300862694872 0.035724099910303855 -1153784.9007476615 0.9393085525043957
1.7500000000000009 0.20059240521962354 434.53604971634206 0.03631688619282524 -1150700.8379766403 0.9386540346557396
1.760000000000001 0.2007218189470087 433.83922374453687 0.03691574963659317 -1147608.3572409255 0.9379967473823909
1.770000000000001 0.20085200184915455 433.1396263804656 0.03752070935815664 -1144507.5862912694 0.9373367056972244
1.780000000000001 0.20098295442727943 432.4372756916073 0.03813178424823748 -1141398.6529009216 0.9366739246507817
1.790000000000001 0.20111467718429754 431.732189785662 0.03874899297150272 -1138281.684683104 0.9360084193305951
1.800000000000001 0.20124717062479994 431.02438680968686 0.0393723539663509 -1135156.8092959921 0.9353402048605107
1.810000000000001 0.20138043525503496 430.31388494923164 0.0400018854447122 -1132024.1542598826 0.9346692964000124
1.820000000000001 0.20151447158288885 429.60070242747463 0.04063760539186243 -1128883.8470992267 0.9339957091435441
1.830000000000001 0.20164928011786604 428.8848575043585 0.04127953156625086 -1125736.0152430104 0.9333194583198334
1.840000000000001 0.20178486137106963 428.166368475726 0.0419276814993418 -1122580.7859241925 0.9326405591912137
1.850000000000001 0.20192121585518144 427.44525367245643 0.042582072495469976 -1119418.2863427368 0.931959027052948
1.860000000000001 0.20205834408444218 426.7215314596015 0.043242721631709675 -1116248.6435693582 0.9312748772325505
1.870000000000001 0.2021962465746315 425.99522023552237 0.043909645757757534 -1113071.9846286208 0.9305881250891107
1.880000000000001 0.20233492384304783 425.2663384310262 0.04458286149582908 -1109888.4362891708 0.9298987860126156
1.890000000000001 0.2024743764084882 424.53490450850376 0.04526238524056888 -1106698.125296509 0.9292068754232727
1.9000000000000008 0.202614604791228 423.8009369610671 0.04594823315897431 -1103501.178163653 0.9285124087708343
1.9100000000000008 0.20275560951300048 423.064454311688 0.046640421190332945 -1100297.7213015635 0.9278154015339197
1.9200000000000008 0.20289739109697638 422.3254751123367 0.047338965046173465 -1097087.8809091367 0.9271158692193401
1.9300000000000008 0.20303995006774328 421.5840179431217 0.04804388021023008 -1093871.7830796747 0.9264138273614219
1.9400000000000008 0.2031832869512849 420.8401014114299 0.048755181938420475 -1090649.5536634088 0.9257092915213319
1.9500000000000008 0.20332740227496035 420.09374415106754 0.04947288525883713 -1087421.3183854255 0.9250022772864016
1.9600000000000009 0.20347229656748322 419.34496482140224 0.05019700497175212 -1084187.2026799088 0.924292800269453
1.9700000000000009 0.2036179703589006 418.59378210650556 0.05092755564963519 -1080947.3318870473 0.9235808761081242
1.9800000000000009 0.20376442418057208 417.84021471429674 0.05166455163718525 -1077701.8310214404 0.9228665204641958
1.9900000000000009 0.20391165856514845 417.0842813756873 0.05240800705137507 -1074450.8249767416 0.9221497490229179
2.000000000000001 0.20405967404655048 416.3260008437267 0.053157935781509257 -1071194.4383209844 0.9214305774923376
2.010000000000001 0.2042084711599476 415.5653918927494 0.05391435148929541 -1067932.7955397533 0.9207090216026275
2.020000000000001 0.20435805044173647 414.8024733175224 0.05467726760892843 -1064666.0206669287 0.9199850971054143
2.0300000000000007 0.2045084124295192 414.03726393239486 0.055446697347187913 -1061394.2376428652 0.9192588197731092
2.040000000000001 0.204659557662082 413.2697825704483 0.056222653683548646 -1058117.5700497017 0.9185302053982373
2.0500000000000007 0.2048114866793732 412.50004808264845 0.057005149370304035 -1054836.141292535 0.91779926979277
2.060000000000001 0.2049642000224816 411.72807933699863 0.057794196932702574 -1051550.074422784 0.917066028787457
2.0700000000000007 0.2051176982336144 410.95389521769414 0.05858980866909715 -1048259.4922136677 0.9163304982311589
2.080000000000001 0.20527198185607515 410.17751462427856 0.05939199665110726 -1044964.5172183065 0.9155926939901818
2.0900000000000007 0.20542705143424178 409.39895647080147 0.060200772723793976 -1041665.2716178027 0.9148526319476128
2.100000000000001 0.2055829075135443 408.61823968497765 0.061016148505847724 -1038361.8772608762 0.9141103280026553
2.1100000000000008 0.20573955064044247 407.8353832073482 0.061838135389788704 -1035054.4557802408 0.9133657980699671
2.120000000000001 0.20589698136240348 407.05040599044304 0.06266674454217999 -1031743.1284520421 0.9126190580789978
2.130000000000001 0.20605520022787938 406.26332699794574 0.0635019869038532 -1028428.0161783276 0.9118701239733297
2.140000000000001 0.20621420778628458 405.47416520385946 0.06434387319014666 -1025109.2395531993 0.9111190117100174
2.150000000000001 0.20637400458797317 404.68293959167534 0.06519241389115615 -1021786.9188310187 0.9103657372589306
2.160000000000001 0.2065345911842161 403.8896691535426 0.06604761927199793 -1018461.1739090766 0.9096103166020967
2.170000000000001 0.2066959681271784 403.0943728894407 0.06690949937308414 -1015132.1243624382 0.9088527657330463
2.180000000000001 0.20685813596989622 402.2970698063533 0.06777806401041064 -1011799.8893420271 0.9080931006561584
2.190000000000001 0.20702109526625384 401.49777891744475 0.06865332277585685 -1008464.5877210421 0.9073313373860087
2.200000000000001 0.20718484657096053 400.6965192412384 0.06953528503749794 -1005126.3378505561 0.9065674919467175
2.210000000000001 0.20734939043952735 399.89330980079706 0.07042395993992902 -1001785.2578797084 0.9058015803713007
2.220000000000001 0.20751472742824387 399.08816962290615 0.07131935640460145 -998441.4654151934 0.9050336187010216
2.230000000000001 0.20768085809415476 398.2811177372585 0.07222148313017106 -995095.0776928398 0.9042636229847443
2.240000000000001 0.20784778299503645 397.47217317564207 0.07313034859285827 -991746.2116014445 0.9034916092782886
2.250000000000001 0.20801550268937347 396.66135497112964 0.07404596104682015 -988394.9835981851 0.9027175936437872
2.260000000000001 0.20818401773633488 395.84868215727136 0.07496832852453415 -985041.5097569398 0.9019415921490432
2.270000000000001 0.20835332869575052 395.0341737672894 0.07589745883719358 -981685.9056612251 0.9011636208668913
2.2800000000000007 0.20852343612808724 394.21784883327547 0.07683335957511471 -978328.2864732827 0.9003836958745584
2.290000000000001 0.20869434059442502 393.39972638539064 0.07777603810815548 -974968.7669628246 0.8996018332530281
2.3000000000000007 0.20886604265643302 392.57982545106813 0.07872550158614568 -971607.4614261192 0.8988180490864064
2.310000000000001 0.2090385428763455 391.75816505421847 0.07968175693932851 -968244.4837558696 0.8980323594612877
2.3200000000000007 0.20921184181693772 390.9347642144377 0.0806448108788136 -964879.9473504466 0.8972447804661255
2.330000000000001 0.20938594004150174 390.10964194621795 0.08161466989704119 -961513.9651521052 0.8964553281906026
2.3400000000000007 0.20956083811382212 389.2828172581615 0.0825913402682576 -958146.6496971779 0.8956640187250046
2.350000000000001 0.20973653659815153 388.45430915219697 0.08357482804900179 -954778.1129608488 0.8948708681595945
2.3600000000000008 0.20991303605918632 387.62413662279897 0.08456513907860302 -951408.4664522889 0.894075892583991
2.370000000000001 0.21009033706204203 386.79231865621057 0.08556227897968943 -948037.8212884753 0.8932791080865463
2.380000000000001 0.21026844017222873 385.9588742296686 0.08656625315870757 -944666.2880210537 0.8924805307537285
2.390000000000001 0.2104473459556264 385.12382231063236 0.08757706680645275 -941293.9767284996 0.8916801766695044
2.400000000000001 0.21062705497846004 384.2871818560152 0.08859472489861009 -937920.9970107964 0.8908780619147255
2.410000000000001 0.21080756780727505 383.4489718114192 0.08961923219630634 -934547.4579719574 0.8900742025665161
2.420000000000001 0.2109888850089121 382.6092111103732 0.0906505932466722 -931173.4681416263 0.8892686146976627
2.430000000000001 0.2111710071504823 381.7679186735742 0.09168881238341518 -927799.1355973202 0.8884613143760066
2.440000000000001 0.21135393479934197 380.9251134081314 0.0927338937274029 -924424.5679160182 0.8876523176638392
2.450000000000001 0.21153766852306777 380.08081420681447 0.0937858411872567 -921049.8721534265 0.8868416406172981
2.460000000000001 0.21172220888943122 379.2350399473046 0.0948446584599556 -917675.1546969146 0.886029299285767
2.470000000000001 0.21190755646637355 378.38780949144876 0.09591034903145035 -914300.5215969488 0.8852153097112776
2.480000000000001 0.21209371182198036 377.53914168451826 0.09698291617728765 -910926.0782569796 0.8843996879279131
2.490000000000001 0.21228067552445615 376.68905535446976 0.09806236296324432 -907551.9295490691 0.8835824499612159
2.500000000000001 0.21246844814209878 375.83756931121064 0.0991486922459715 -904178.17985113 0.882763611827596
2.510000000000001 0.21265703024327404 374.98470234586745 0.1002419066736486 -900804.9329287057 0.8819431895337427
2.520000000000001 0.2128464223963899 374.13047323005816 0.10134200868664706 -897432.2920045744 0.8811211990760397
2.5300000000000007 0.21303662516987085 373.27490071516803 0.1024490005182038 -894060.3598008429 0.8802976564399806
2.540000000000001 0.2132276391321321 372.4180035316291 0.10356288419510422 -890689.2383685571 0.8794725775995895
2.5500000000000007 0.2134194648515538 371.5598003882034 0.10468366153837477 -887319.0293191759 0.8786459785168428
2.560000000000001 0.21361210289645507 370.70030997127014 0.10581133416398485 -883949.833606422 0.8778178751410932
2.5700000000000007 0.21380555383506808 369.8395509441163 0.10694590348355808 -880581.7516411918 0.8769882834084985
2.580000000000001 0.21399981823551192 368.97754194623144 0.10808737070509286 -877214.8832218348 0.8761572192414507
2.5900000000000007 0.21419489666576666 368.1143015926061 0.10923573683369202 -873849.3276045342 0.8753246985480093
2.600000000000001 0.21439078969364705 367.2498484730344 0.1103910026723015 -870485.1834189752 0.8744907372213371
2.6100000000000008 0.21458749788677633 366.3842011514199 0.11155316882245811 -867122.5487353737 0.8736553511391388
2.620000000000001 0.21478502181255996 365.51737816508665 0.1127222356850461 -863761.5210054724 0.8728185561631021
2.630000000000001 0.21498336203815926 364.6493980240928 0.11389820346106248 -860402.197167678 0.8719803681383422
2.640000000000001 0.215182519130465 363.78027921054957 0.11508107215239119 -857044.6734158832 0.8711408028928487
2.650000000000001 0.2153824936560709 362.91004017794324 0.1162708415625857 -853689.0454045689 0.8702998762369357
2.660000000000001 0.21558328618124717 362.03869935046197 0.11746751129766025 -850335.408250219 0.8694576039626951
2.670000000000001 0.21578489727191383 361.16627512232634 0.11867108076688948 -846983.8563539218 0.8686140018434522
2.680000000000001 0.21598732749361413 360.2927858571244 0.11988154918361636 -843634.4835696131 0.8677690856332244
2.690000000000001 0.2161905774114878 359.4182498871505 0.12109891556606842 -840287.3830829608 0.8669228710661838
2.700000000000001 0.2163946475902444 358.54268551274885 0.12232317873818205 -836942.6475061774 0.8660753738561218
2.710000000000001 0.21659953859413633 357.6661110016608 0.12355433733043497 -833600.3687908786 0.8652266096959168
2.720000000000001 0.21680525098693212 356.7885445883769 0.12479238978068653 -830260.6382928 0.8643765942570063
2.730000000000001 0.21701178533188942 355.9100044734931 0.12603733433502595 -826923.5467415941 0.8635253431888602
2.740000000000001 0.21721914219172805 355.03050882307105 0.1272891690486283 -823589.1841764888 0.8626728721184584
2.750000000000001 0.217427322128603 354.1500757680034 0.12854789178661816 -820257.6400440396 0.8618191966497719
2.760000000000001 0.21763632570407732 353.26872340338275 0.12981350022494087 -816929.0032012627 0.8609643323632457
2.770000000000001 0.21784615347909497 352.3864697878757 0.13108599185124134 -813603.3618524008 0.8601082948152858
2.7800000000000007 0.21805680601395375 351.5033329431008 0.13236536396575002 -810280.8034456241 0.8592510995377503
2.790000000000001 0.21826828386827793 350.61933085301166 0.13365161368217643 -806961.4148878797 0.858392762037441
2.8000000000000007 0.21848058760099112 349.73448146328377 0.1349447379286097 -803645.282415634 0.8575332977956018
2.810000000000001 0.21869371777028884 348.84880268070657 0.13624473344842636 -800332.4916439413 0.8566727222674175
2.8200000000000007 0.21890767493361118 347.9623123725796 0.137551596801205 -797023.1275183293 0.8558110508815171
2.830000000000001 0.21912245964761548 347.07502836611366 0.13886532436364787 -793717.2743178385 0.8549482990394806
2.8400000000000007 0.21933807246814874 346.1869684478361 0.1401859123305094 -790415.0156364297 0.8540844821153485
2.850000000000001 0.21955451395022024 345.29815036300124 0.1415133567155312 -787116.43451803 0.8532196154551356
2.8600000000000008 0.21977178464797392 344.40859181500525 0.142847653352384 -783821.6132535727 0.8523537143763468
2.870000000000001 0.2199898851146609 343.5183104648054 0.14418879789561584 -780530.6335018625 0.8514867941674974
2.880000000000001 0.22020881590261168 342.6273239303446 0.14553678582160673 -777243.5762935284 0.8506188700876368
2.890000000000001 0.22042857756320872 341.7356497859803 0.14689161242952975 -773960.5219215673 0.8497499573658748
2.900000000000001 0.22064917064685857 340.8433055619182 0.14825327284231826 -770681.550062114 0.8488800712009118
2.910000000000001 0.22087059570296416 339.9503087436508 0.14962176200763935 -767406.7397420754 0.8480092267605731
2.920000000000001 0.2210928532798971 339.0566767714006 0.15099707469887313 -764136.1692766632 0.8471374391813455
2.930000000000001 0.2213159439249698 338.1624270395683 0.1523792055160982 -760869.9163610003 0.8462647235679182
2.940000000000001 0.22153986818440768 337.26757689618574 0.15376814888708273 -757608.0579978587 0.8453910949927269
2.950000000000001 0.22176462660332125 336.3721436423737 0.15516389906828137 -754350.6704770944 0.8445165684955018
2.960000000000001 0.22199021972567823 335.4761445318045 0.15656645014583792 -751097.8295019835 0.8436411590828183
2.970000000000001 0.2222166480942756 334.5795967701694 0.15797579603659323 -747849.610002156 0.8427648817276525
2.980000000000001 0.22244391225071164 333.68251751465147 0.1593919304890989 -744606.0863307707 0.8418877513689387
2.990000000000001 0.22267201273535794 332.7849238734025 0.16081484708463598 -741367.3321218018 0.841009782911132
3.000000000000001 0.22290095008733135 331.88683290502547 0.16224453923823925 -738133.4203236918 0.840130991223774
3.010000000000001 0.2231307248444659 330.9882616180619 0.16368100019972637 -734904.4232105815 0.8392513911410612
3.020000000000001 0.22336133754328477 330.08922697048405 0.16512422305473218 -731680.4123891528 0.8383709974614182
3.0300000000000007 0.22359278871897217 329.1897458691918 0.16657420072574802 -728461.4588034363 0.8374898249470741
3.040000000000001 0.22382507890534517 328.28983516951536 0.16803092597316574 -725247.6326687459 0.8366078883236429
3.0500000000000007 0.22405820863482556 327.3895116747219 0.16949439139632663 -722039.0035930835 0.8357252022797063
3.060000000000001 0.2242921784384117 326.48879213552834 0.1709645894345749 -718835.6404361145 0.8348417814664018
3.0700000000000007 0.22452698884565028 325.5876932496181 0.17244151236831567 -715637.6114457828 0.8339576404970135
3.080000000000001 0.22476264038460814 324.68623166116373 0.17392515232007763 -712444.9841061506 0.8330727939465672
3.0900000000000007 0.22499913358184395 323.7844239603542 0.17541550125557975 -709257.8252945093 0.8321872563514279
3.100000000000001 0.22523646896238003 322.8822866829273 0.17691255098480255 -706076.2011826315 0.8313010422089033
3.1100000000000008 0.22547464704967404 321.9798363097071 0.1784162931630633 -702900.177220653 0.8304141659768483
3.120000000000001 0.22571366836559068 321.07708926614663 0.17992671929209542 -699729.8182631977 0.8295266420732754
3.130000000000001 0.2259535334303734 320.1740619218756 0.18144382072113185 -696565.1884259426 0.8286384848759683
3.140000000000001 0.22619424276261604 319.2707705902531 0.18296758864799223 -693406.3511435984 0.8277497087220976
3.150000000000001 0.22643579687923454 318.3672315279258 0.18449801412017378 -690253.3692028577 0.8268603279078437
3.160000000000001 0.22667819629543856 317.46346093439064 0.18603508803594607 -687106.3046621337 0.8259703566880193
3.170000000000001 0.22692144152470314 316.5594749515633 0.18757880114544917 -683965.2189640113 0.8250798092756992
3.180000000000001 0.2271655330787403 315.6552896633514 0.18912914405179537 -680830.1728249262 0.824188699841852
3.190000000000001 0.22741047146747068 314.75092109523325 0.19068610721217433 -677701.2262809045 0.8232970425149756
3.200000000000001 0.22765625719899513 313.846385213841 0.19224968093896136 -674578.4387412544 0.8224048513807375
3.210000000000001 0.22790289077956638 312.94169792655003 0.19381985540082905 -671461.8688532524 0.8215121404816182
3.220000000000001 0.2281503727135606 312.0368750810725 0.1953966206238619 -668351.5746502802 0.8206189238165583
3.230000000000001 0.22839870350344893 311.1319324650566 0.19697996649267402 -665247.6134580977 0.8197252153406096
3.240000000000001 0.2286478836497692 310.22688580569104 0.19856988275152965 -662150.0419419173 0.8188310289645903
3.250000000000001 0.22889791365109746 309.3217507693144 0.20016635900546662 -659058.9161106576 0.8179363785547432
3.260000000000001 0.22914879400401955 308.41654296102985 0.20176938472142233 -655974.2912851691 0.8170412779323993
3.270000000000001 0.2294005252031027 307.5112779243251 0.20337894922936253 -652896.2220558272 0.816145740873643
3.2800000000000007 0.22965310774086714 306.60597114069736 0.2049950417234125 -649824.7624369832 0.8152497811089828
3.290000000000001 0.2299065421077577 305.70063802928377 0.20661765126299078 -646759.9657398502 0.8143534123230258
3.3000000000000007 0.2301608287921154 304.7952939464966 0.20824676677394505 -643701.8845003011 0.8134566481541547
3.310000000000001 0.23041596828014901 303.88995418566424 0.20988237704969046 -640650.5707405315 0.8125595021942105
3.3200000000000007 0.23067196105590668 302.9846339766767 0.21152447075234995 -637606.0757405178 0.8116619879881769
3.330000000000001 0.23092880760124762 302.07934848563707 0.21317303641389676 -634568.450088091 0.810764119033871
3.3400000000000007 0.23118650839581362 301.17411281451734 0.2148280624372987 -631537.7437710261 0.8098659087816356
3.350000000000001 0.23144506391700076 300.2689420008202 0.21648953709766455 -628514.0060367147 0.8089673706340363
3.3600000000000008 0.23170447463993102 299.36385101724534 0.21815744854339197 -625497.2855353907 0.8080685179455633
3.370000000000001 0.23196474103742393 298.45885477136164 0.21983178479731727 -622487.6301777998 0.8071693640223355
3.380000000000001 0.23222586357996822 297.553968105284 0.22151253375786678 -619485.0873442766 0.8062699221218089
3.390000000000001 0.23248784273569356 296.6492057953556 0.22319968320020955 -616489.7036290494 0.8053702054524899
3.400000000000001 0.23275067897034218 295.74458255183526 0.22489322077741167 -613501.5250468397 0.8044702271736509
3.410000000000001 0.23301437274724068 294.84011301859005 0.22659313402159176 -610520.5969050135 0.8035700003950509
3.420000000000001 0.23327892452727164 293.93581177279316 0.22829941034507772 -607546.9638281203 0.8026695381766593
3.430000000000001 0.23354433476884548 293.0316933246267 0.23001203704156473 -604580.6698700526 0.8017688535283839
3.440000000000001 0.23381060392787212 292.1277721169899 0.23173100128727409 -601621.7584367798 0.8008679594098028
3.450000000000001 0.23407773245773286 291.22406252521233 0.2334562901421132 -598670.2722156907 0.7999668687298994
3.460000000000001 0.23434572080925217 290.3205788567725 0.23518789055083636 -595726.2532752614 0.7990655943468026
3.470000000000001 0.2346145694306695 289.41733535102134 0.2369257893442063 -592789.74304052 0.7981641490675291
3.480000000000001 0.23488427876761112 288.5143461789109 0.23866997324015649 -589860.7823050845 0.7972625456477312
3.490000000000001 0.23515484926306204 287.61162544272844 0.24042042884495396 -586939.4111910075 0.7963607967914479
3.500000000000001 0.23542628135733798 286.7091871758353 0.24217714265436277 -584025.6692074852 0.7954589151508585
3.510000000000001 0.2356985754880572 285.80704534241113 0.2439401010548078 -581119.5952261498 0.7945569133260426
3.520000000000001 0.23597173209011252 284.9052138372031 0.24570929032453886 -578221.2274305425 0.7936548038647413
3.5300000000000007 0.23624575159564332 284.0037064852805 0.2474846966347953 -575330.6034407446 0.792752599262124
3.540000000000001 0.23652063443400756 283.1025370417938 0.2492663060509705 -572447.7602048616 0.7918503119605587
3.5500000000000007 0.2367963810317539 282.20171919174 0.2510541045337766 -569572.7340956391 0.790947954349385
3.560000000000001 0.23707299181259375 281.3012665497314 0.2528480779404092 -566705.5607853547 0.7900455387646925
3.5700000000000007 0.23735046719737338 280.40119265977114 0.2546482120257122 -563846.2753230837 0.7891430774891017
3.580000000000001 0.23762880760404614 279.5015109950325 0.25645449244334195 -560994.9122089364 0.7882405827515497
3.5900000000000007 0.23790801344764467 278.6022349576441 0.25826690474693176 -558151.5052632435 0.7873380667270791
3.600000000000001 0.23818808514025314 277.70337787847967 0.2600854343912557 -555316.0877144567 0.7864355415366303
3.6100000000000008 0.23846902309097953 276.804953016953 0.2619100667333922 -552488.6921239905 0.7855330192468388
3.620000000000001 0.23875082770592795 275.90697356081796 0.263740787033887 -549669.3505232441 0.7846305118698351
3.630000000000001 0.23903349938817106 275.0094526259735 0.2655775804579157 -546858.0942766616 0.7837280313630488
3.640000000000001 0.23931703853772246 274.1124032562736 0.2674204320764455 -544054.9541389942 0.7828255896290169
3.650000000000001 0.23960144555150914 273.21583842334223 0.2692693268673963 -541259.9603048579 0.7819231985151951
3.660000000000001 0.23988672082334406 272.3197710263933 0.271124249716801 -538473.1423289934 0.7810208698137726
3.670000000000001 0.24017286474389857 271.4242138920556 0.27298518541996486 -535694.529158926 0.7801186152614925
3.680000000000001 0.2404598777006752 270.52917977420253 0.274852118682624 -532924.1491510028 0.7792164465394735
3.690000000000001 0.24074776007798016 269.6346813537869 0.2767250341221027 -530162.030131973 0.7783143752730368
3.700000000000001 0.24103651225689615 268.74073123868067 0.27860391626846975 -527408.1992489799 0.7774124130315361
3.710000000000001 0.24132613461525507 267.8473419635194 0.28048874956569353 -524662.683064934 0.7765105713281921
3.720000000000001 0.24161662752761084 266.9545259895518 0.28237951837279573 -521925.5076134946 0.7756088616199296
3.730000000000001 0.24190799136521235 266.0622957044942 0.2842762069650039 -519196.69828304264 0.7747072953072189
3.740000000000001 0.24220022649597625 265.1706634223893 0.2861787995349024 -516476.2799037774 0.7738058837339208
3.750000000000001 0.24249333328446007 264.27964138347056 0.288087280193582 -513764.2767690748 0.7729046381871354
3.760000000000001 0.24278731209183518 263.389241754031 0.2900016329717879 -511060.71255303966 0.7720035698970539
3.770000000000001 0.24308216327585994 262.4994766262966 0.29192184182106595 -508365.61035507213 0.7711026900368151
3.7800000000000007 0.2433778871908528 261.6103580183049 0.2938478906149074 -505678.9927298327 0.7702020097223645
3.790000000000001 0.24367448418766566 260.7218978737882 0.29577976314989163 -503000.88161378884 0.7693015400123178
3.8000000000000007 0.243971954613657 259.8341080620613 0.2977174431468272 -500331.2984609145 0.7684012919078271
3.810000000000001 0.24427029881266543 258.94700037791443 0.29966091425189073 -497670.2641135381 0.7675012763524521
3.8200000000000007 0.2445695171249829 258.0605865415103 0.3016101600377642 -495017.79888860974 0.7666015042320331
3.830000000000001 0.24486960988732837 257.1748781982865 0.30356516400476974 -492373.92250516324 0.7657019863745693
3.8400000000000007 0.24517057743282128 256.28988691886195 0.30552590958200254 -489738.654161648 0.7648027335500995
3.850000000000001 0.2454724200909552 255.40562419894846 0.3074923801284615 -487112.01246789884 0.7639037564705866
3.8600000000000008 0.24577513818757157 254.52210145926665 0.3094645589341775 -484494.01553165505 0.7630050657898061
3.870000000000001 0.2460787320448334 253.63933004546666 0.3114424292213397 -481884.68090197304 0.7621066721032375
3.880000000000001 0.24638320198119923 252.75732122805334 0.3134259741454187 -479284.0256198329 0.7612085859479593
3.890000000000001 0.24668854831139692 251.87608620231606 0.31541517679628805 -476692.06618470803 0.7603108178025484
3.900000000000001 0.24699477134639775 250.995636088263 0.31741002019934283 -474108.8184836621 0.7594133780869816
3.910000000000001 0.24730187139339047 250.11598193056017 0.31941048731661553 -471534.29795333516 0.7585162771625412
3.920000000000001 0.24760984875575548 249.23713469847465 0.3214165610478894 -468968.5194984838 0.7576195253317247
3.930000000000001 0.247918703733039 248.35910528582255 0.3234282242318091 -466411.49749539007 0.7567231328381565
3.940000000000001 0.2482284366209275 247.48190451092137 0.3254454596469886 -463863.2457789652 0.7558271098665047
3.950000000000001 0.24853904771122196 246.60554311654664 0.327468250013116 -461323.77775642584 0.7549314665423996
3.960000000000001 0.24885053729181247 245.73003176989334 0.32949657799205573 -458793.10619264265 0.7540362129323571
3.970000000000001 0.24916290564665272 244.85538106254128 0.33153042618894746 -456271.24333109416 0.7531413590437047
3.980000000000001 0.24947615305573473 243.98160151042526 0.33356977715330227 -453758.2011316607 0.7522469148245107
3.990000000000001 0.24979027979506355 243.10870355380922 0.3356146133800955 -451253.99082730524 0.7513528901635175
4.000000000000001 0.2501052861366321 242.23669755726505 0.33766491731085674 -448758.6231990491 0.7504592948900775
4.010000000000001 0.25042117234839595 241.3655938096554 0.3397206713347561 -446272.10860502376 0.7495661387740926
4.020000000000001 0.2507379386942487 240.49540252412103 0.3417818577896877 -443794.4568516099 0.7486734315259576
4.030000000000001 0.2510555854339967 239.6261338380722 0.3438484589633498 -441325.67724684067 0.7477811827965053
4.040000000000001 0.2513741128233344 238.75779781318445 0.345920457094321 -438865.7787125093 0.7468894021769568
4.050000000000001 0.2516935211138196 237.8904044353985 0.3479978343731338 -436414.7695395 0.7459980991988738
4.0600000000000005 0.252013810552849 237.0239636149243 0.3500805729433441 -433972.65763507556 0.7451072833341144
4.070000000000001 0.2523349813836334 236.15848518624938 0.35216865490259724 -431539.45044812746 0.7442169639947924
4.080000000000001 0.2526570338451735 235.29397890815113 0.3542620623036907 -429115.15486259834 0.7433271505332397
4.090000000000001 0.25297996817223556 234.4304544637134 0.3563607771556328 -426699.7774141247 0.7424378522419715
4.1000000000000005 0.25330378459532704 233.56792146034698 0.35846478142469806 -424293.32403082895 0.7415490783536551
4.110000000000001 0.2536284833406726 232.70638942981424 0.3605740570354784 -421895.80032453884 0.7406608380410824
4.120000000000001 0.2539540646301901 231.84586782825778 0.3626885858719309 -419507.2113632866 0.7397731404171437
4.130000000000001 0.2542805286814666 230.9863660362331 0.36480834977842147 -417127.5618356415 0.7388859945348071
4.140000000000001 0.2546078757077346 230.12789335874518 0.36693333056076466 -414756.8558624892 0.7379994093870985
4.150000000000001 0.25493610591784827 229.27045902528906 0.36906350998725956 -412395.0972139417 0.7371133939070873
4.160000000000001 0.25526521951626 228.4140721898943 0.3711988697897218 -410042.2891873741 0.7362279569678722
4.170000000000001 0.25559521670299684 227.55874193117344 0.37333939166451113 -407698.4346515358 0.7353431073825734
4.180000000000001 0.25592609767363705 226.70447725237412 0.3754850572735554 -405363.5359845743 0.7344588539043242
4.190000000000001 0.2562578626192869 225.85128708143523 0.37763584824537 -403037.59525793156 0.7335752052262693
4.200000000000001 0.25659051172655756 224.99918027104675 0.3797917461760732 -400720.61395594344 0.7326921699815631
4.210000000000001 0.25692404517754197 224.14816559871352 0.3819527326303974 -398412.5932311714 0.7318097567433726
4.220000000000001 0.257258463149792 223.29825176682255 0.38411878914269615 -396113.5338419829 0.7309279740248826
4.230000000000001 0.2575937658162955 222.44944740271424 0.3862898972179464 -393823.43608433247 0.7300468302793048
4.240000000000001 0.25792995334545377 221.60176105875718 0.38846603833274684 -391542.2998204346 0.7291663338998882
4.250000000000001 0.2582670259010588 220.75520121242667 0.39064719393631187 -389270.1244996236 0.7282864932199336
4.260000000000001 0.2586049836422711 219.90977626638696 0.39283334545146054 -387006.90920777264 0.7274073165128109
4.270000000000001 0.2589438267235969 219.0654945485769 0.3950244742756018 -384752.6526390937 0.7265288119919792
4.280000000000001 0.2592835552948664 218.22236431229942 0.39722056178171455 -382507.35301157745 0.725650987811009
4.290000000000001 0.2596241695012114 217.38039373631426 0.3994215893193236 -380271.0081917744 0.7247738520636087
4.300000000000001 0.2599656694830434 216.53959092493463 0.40162753821547054 -378043.6156887743 0.7238974127836519
4.3100000000000005 0.2603080553760317 215.69996390812696 0.40383838977568054 -375825.1725655623 0.7230216779452101
4.320000000000001 0.26065132731108165 214.86152064161436 0.406054125284924 -373615.67552792106 0.7221466554625853
4.330000000000001 0.2609954854143133 214.02426900698347 0.40827472600857373 -371415.12090743927 0.7212723531903478
4.340000000000001 0.2613405298070395 213.1882168117947 0.4105001731933572 -369223.50463686814 0.720398778923375
4.3500000000000005 0.26168646060574485 212.35337178969579 0.41273044806830417 -367040.8222299788 0.7195259403968939
4.360000000000001 0.2620332779220645 211.51974160053888 0.41496553184568946 -364867.0689370096 0.7186538452865261
4.370000000000001 0.26238098186276276 210.68733383050073 0.4172054057219708 -362702.239579799 0.7177825012083354
4.380000000000001 0.2627295725297126 209.85615599220634 0.41945005087872167 -360546.32860855345 0.7169119157188775
4.390000000000001 0.2630790500198743 209.02621552485573 0.42169944848355956 -358399.3301434196 0.7160420963152534
4.400000000000001 0.26342941442527523 208.19751979435404 0.4239535796910689 -356261.2379022188 0.7151730504351645
4.410000000000001 0.26378066583298904 207.3700760934448 0.42621242564371936 -354132.0453106389 0.7143047854569711
4.420000000000001 0.26413280432511516 206.54389164184636 0.4284759674727788 -352011.7454070538 0.7134373086997525
4.430000000000001 0.26448582997875875 205.71897358639148 0.4307441862992213 -349900.33084098395 0.7125706274233702
4.440000000000001 0.2648397428660104 204.89532900116998 0.43301706323463024 -347797.79400666 0.711704748828534
4.450000000000001 0.26519454305392615 204.07296488767452 0.4352945793820961 -345704.12693047273 0.7108396800568699
4.460000000000001 0.26555023060450755 203.25188817494936 0.43757671583710916 -343619.3212716688 0.7099754281909907
4.470000000000001 0.26590680557468205 202.43210571974225 0.4398634536884471 -341543.36838209006 0.7091120002545692
4.480000000000001 0.2662642680162832 201.61362430665918 0.4421547740190573 -339476.25928523956 0.7082494032124143
4.490000000000001 0.26662261797603154 200.79645064832215 0.44445065790693405 -337417.98469024553 0.707387643970548
4.500000000000001 0.2669818554955149 199.98059138552992 0.4467510864259906 -335368.5349704196 0.7065267293762868
4.510000000000001 0.2673419806111695 199.1660530874215 0.44905604064692556 -333327.9001974221 0.7056666662183237
4.520000000000001 0.2677029933542608 198.3528422516426 0.4513655016380844 -331296.070103036 0.7048074612268143
4.530000000000001 0.2680648937508647 197.54096530451505 0.4536794504663156 -329273.03412248514 0.7039491210734629
4.540000000000001 0.2684276818218487 196.73042860120862 0.45599786819782095 -327258.78139076254 0.7030916523716139
4.550000000000001 0.2687913575828534 195.92123842591607 0.4583207358990015 -325253.30072028027 0.7022350616763428
4.5600000000000005 0.2691559210442741 195.11340099203068 0.4606480346372971 -323256.58063515753 0.7013793554845511
4.570000000000001 0.26952137221124245 194.30692244232648 0.46297974548202103 -321268.60937855375 0.7005245402350624
4.580000000000001 0.26988771108360826 193.50180884914133 0.4653158495051893 -319289.37490026647 0.6996706223087223
4.590000000000001 0.2702549376559216 192.6980662145624 0.46765632778234417 -317318.86482450075 0.6988176080284983
4.6000000000000005 0.270623051917415 191.89570047061457 0.4700011613933726 -315357.0665201563 0.697965503659584
4.610000000000001 0.27099205385198555 191.09471747945105 0.47235033142331884 -313403.967073102 0.697114315409504
4.620000000000001 0.27136194343817766 190.2951230335469 0.47470381896319175 -311459.5532630211 0.6962640494282215
4.630000000000001 0.2717327206491655 189.4969228558948 0.4770616051107666 -309523.81163676863 0.6954147118082487
4.640000000000001 0.27210438545273574 188.7001226002036 0.4794236709713813 -307596.72843695164 0.6945663085847574
4.650000000000001 0.27247693781127075 187.90472785109893 0.48178999765872693 -305678.2896491786 0.6937188457356944
4.660000000000001 0.2728503776817313 187.11074412432663 0.48416056629563303 -303768.4810185315 0.6928723291818963
4.670000000000001 0.27322470501564017 186.31817686695837 0.486535358014847 -301867.28796345746 0.692026764787208
4.680000000000001 0.2735999197590652 185.5270314575997 0.48891435395980815 -299974.69570022315 0.6911821583586026
4.690000000000001 0.2739760218526033 184.73731320660033 0.4912975352854159 -298090.6891495116 0.6903385156463038
4.700000000000001 0.2743530112313637 183.94902735626695 0.49368488315879266 -296215.2530244751 0.689495842343909
4.710000000000001 0.2747308878249521 183.16217908107802 0.4960763787600408 -294348.3717541793 0.6886541440885166
4.720000000000001 0.2751096515574547 182.37677348790103 0.498472003282994 -292490.02954827755 0.6878134264608526
4.730000000000001 0.2754893023474224 181.59281561621194 0.5008717379359633 -290640.2103709976 0.6869736949854013
4.740000000000001 0.27586984010785504 180.81031043831666 0.503275563942477 -288798.89792389906 0.6861349551305365
4.750000000000001 0.27625126474618605 180.02926285957486 0.5056834625420151 -286966.07570806745 0.6852972123086554
4.760000000000001 0.27663357616426715 179.24967771862578 0.5080954149907382 -285141.7269725271 0.6844604718763139
4.770000000000001 0.2770167742583531 178.47155978761612 0.5105114025622104 -283325.834718885 0.6836247391343636
4.780000000000001 0.2774008589190868 177.69491377243017 0.5129314065481168 -281518.3817426365 0.6827900193280914
4.790000000000001 0.2777858300314845 176.91974431292167 0.5153554082589749 -279719.35063418705 0.6819563176473594
4.800000000000001 0.27817168747492116 176.14605598314793 0.5177833890248409 -277928.7237453275 0.6811236392267488
4.8100000000000005 0.2785584311231159 175.37385329160577 0.5202153301960095 -276146.48320096446 0.6802919891457031
4.820000000000001 0.27894606084411766 174.60314068146943 0.5226512131437088 -274372.6109432343 0.6794613724286747
4.830000000000001 0.2793345765002912 173.8339225308304 0.5250910192607884 -272607.08869508357 0.6786317940452724
4.840000000000001 0.279723977948303 173.0662031529391 0.527534729962403 -270849.8979482552 0.6778032589104112
4.8500000000000005 0.28011426503910747 172.29998679644848 0.5299823266866894 -269101.020026997 0.6769757718844629
4.860000000000001 0.2805054376179334 171.53527764565928 0.532433790895438 -267360.43601554324 0.6761493377734092
4.870000000000001 0.2808974955242704 170.7720798207672 0.5348891040747581 -265628.1268387786 0.6753239613289959
4.880000000000001 0.28129043859185565 170.01039737811178 0.5373482477357387 -263904.0732226266 0.6744996472488887
4.890000000000001 0.28168426664866075 169.25023431042703 0.5398112034151021 -262188.2556798776 0.6736764001768307
4.900000000000001 0.2820789795168788 168.49159454709374 0.5422779526758525 -260480.65455917158 0.672854224702802
4.910000000000001 0.2824745770129117 167.73448195439335 0.5447484771079186 -258781.25001549168 0.6720331253631793
4.920000000000001 0.2828710589473572 166.97890033576365 0.5472227583287906 -257090.02200805792 0.6712131066408986
4.930000000000001 0.28326842512499695 166.224853432056 0.5497007779841514 -255406.9503284056 0.6703941729656187
4.940000000000001 0.28366667534478396 165.47234492179393 0.5521825177485017 -253732.01463432546 0.6695763287138863
4.950000000000001 0.28406580939983056 164.72137842143366 0.5546679593257798 -252065.1943311137 0.6687595782093022
4.960000000000001 0.28446582707739654 163.97195748562578 0.5571570844499757 -250406.46872271012 0.6679439257226893
4.970000000000001 0.2848667281588773 163.22408560747868 0.5596498748857385 -248755.81689040284 0.6671293754722618
4.980000000000001 0.2852685124197925 162.47776621882326 0.5621463124289793 -247113.21779887177 0.6663159316237963
4.990000000000001 0.28567117962977445 161.73300269047908 0.5646463789074674 -245478.65023744217 0.6655035982908034
5.000000000000001 0.2860747295525571 160.98979833252207 0.5671500561814213 -243852.0928130954 0.6646923795347011
5.010000000000001 0.28647916194596484 160.2481563945534 0.5696573261440938 -242233.52402503166 0.6638822793649897
5.020000000000001 0.2868844765619019 159.50808006596984 0.5721681707223509 -240622.922178178 0.6630733017394277
5.030000000000001 0.28729067314634144 158.76957247623525 0.5746825718772457 -239020.2654396447 0.662265450564209
5.040000000000001 0.2876977514393151 158.0326366951537 0.5772005116045861 -237425.531850054 0.6614587296941417
5.050000000000001 0.2881057111749028 157.2972757331434 0.5797219719354967 -235838.69928199396 0.6606531429328273
5.0600000000000005 0.28851455208122256 156.56349254151215 0.5822469349369753 -234259.74547128298 0.6598486940328421
5.070000000000001 0.2889242738804205 155.83129001273394 0.5847753827124436 -232688.6480213989 0.6590453866959199
5.080000000000001 0.28933487628866117 155.10067098072665 0.5873072974022917 -231125.38441270596 0.6582432245731341
5.090000000000001 0.2897463590161177 154.3716382211309 0.5898426611844177 -229569.93196896955 0.6574422112650831
5.1000000000000005 0.2901587217669629 153.6441944515901 0.5923814562747609 -228022.26788943217 0.6566423503220759
5.110000000000001 0.29057196423935944 152.9183423320315 0.5949236649278296 -226482.3692448743 0.6558436452443184
5.120000000000001 0.2909860861254511 152.19408446494825 0.5974692694372231 -224950.21301272686 0.6550460994821019
5.130000000000001 0.2914010871113541 151.47142339568268 0.6000182521361487 -223425.77601821366 0.6542497164359913
5.140000000000001 0.29181696687714787 150.75036161271032 0.6025705953979313 -221909.03496708605 0.6534544994570157
5.150000000000001 0.2922337250968671 150.03090154792514 0.6051262816365196 -220399.9664501868 0.6526604518468595
5.160000000000001 0.29265136143849313 149.3130455769256 0.6076852933069847 -218898.54695016166 0.6518675768580535
5.170000000000001 0.29306987556394576 148.59679601930154 0.6102476129060144 -217404.75284521378 0.6510758776941691
5.180000000000001 0.29348926712907547 147.8821551389223 0.612813222972401 -215918.56038364876 0.6502853575100116
5.190000000000001 0.2939095357836556 147.1691251442252 0.6153821060875242 -214439.9457526208 0.6494960194118156
5.200000000000001 0.2943306811713747 146.45770818850542 0.6179542448758274 -212968.88497393837 0.6487078664574402
5.210000000000001 0.29475270292982914 145.74790637020612 0.6205296220052896 -211505.35399362663 0.647920901656567
5.220000000000001 0.29517560069051596 145.03972173320983 0.6231082201878909 -210049.32867526743 0.6471351279708968
5.230000000000001 0.2955993740788257 144.33315626713033 0.6256900221800727 -208600.78477320846 0.6463505483143483
5.240000000000001 0.29602402271403566 143.6282119076054 0.6282750107831923 -207159.69795668943 0.6455671655532587
5.250000000000001 0.2964495462093032 142.92489053659006 0.6308631688439716 -205726.0437863394 0.6447849825065823
5.260000000000001 0.2968759441716592 142.22319398265083 0.6334544792549416 -204299.79774297372 0.6440040019460931
5.270000000000001 0.29730321620200184 141.52312402126037 0.636048924954879 -202880.93522541985 0.6432242265965857
5.280000000000001 0.29773136189509036 140.8246823750928 0.6386464889292399 -201469.43155246665 0.6424456591360792
5.290000000000001 0.2981603808395392 140.1278707143198 0.6412471542105863 -200065.26194954754 0.6416683021960192
5.300000000000001 0.2985902726178124 139.43269065690706 0.6438509038790076 -198668.40156548572 0.6408921583614837
5.3100000000000005 0.29902103680621767 138.73914376891133 0.6464577210625366 -197278.82547465467 0.6401172301713866
5.320000000000001 0.2994526729749013 138.04723156477823 0.6490675889375607 -195896.50867782842 0.6393435201186843
5.330000000000001 0.29988518068784287 137.35695550764024 0.6516804907292262 -194521.42608059713 0.6385710306505823
5.340000000000001 0.3003185595028503 136.66831700961538 0.6542964097118389 -193153.55254805024 0.637799764168741
5.3500000000000005 0.30075280897155493 135.9813174321063 0.6569153292092581 -191792.86287354122 0.6370297230294847
5.360000000000001 0.3011879286394069 135.29595808609974 0.6595372325952856 -190439.33179722057 0.6362609095440097
5.370000000000001 0.3016239180456708 134.61224023246655 0.6621621032940496 -189092.93394068058 0.6354933259785928
5.380000000000001 0.30206077672342113 133.93016508226182 0.6647899247803827 -187753.64392868805 0.6347269745548013
5.390000000000001 0.3024985041995385 133.24973379702575 0.6674206805801951 -186421.43628616285 0.6339618574497032
5.400000000000001 0.30293709999470564 132.57094748908452 0.6700543542708423 -185096.28549263033 0.6331979767960779
5.410000000000001 0.30337656362340354 131.8938072218516 0.6726909294814871 -183778.1659755382 0.6324353346826272
5.420000000000001 0.3038168945939081 131.21831401012946 0.6753303898934575 -182467.05211907765 0.6316739331541878
5.430000000000001 0.30425809240828666 130.54446882041134 0.6779727192405979 -181162.91824058242 0.6309137742119431
5.440000000000001 0.3047001565623949 129.87227257118343 0.6806179013096157 -179865.73861137094 0.6301548598136357
5.450000000000001 0.3051430865458738 129.2017261332272 0.6832659199404235 -178575.48745981362 0.6293971918737823
5.460000000000001 0.3055868818421469 128.53283032992192 0.6859167590264744 -177292.1389710266 0.6286407722638856
5.470000000000001 0.30603154192841764 127.8655859375474 0.6885704025150935 -176015.6672735673 0.62788560281265
5.480000000000001 0.3064770662756669 127.19999368558685 0.691226834407804 -174746.0464785246 0.6271316853061956
5.490000000000001 0.30692345434865087 126.5360542570299 0.6938860387606475 -173483.25063399406 0.6263790214882732
5.500000000000001 0.3073707056058989 125.87376828867573 0.6965479996845001 -172227.25378425015 0.6256276130604803
5.510000000000001 0.30781881949971157 125.21313637143622 0.6992127013453828 -170978.02990160297 0.624877461682477
5.520000000000001 0.30826779547615907 124.55415905063927 0.7018801279647671 -169735.55294329295 0.6241285689722014
5.530000000000001 0.3087176329750797 123.89683682633213 0.7045502638198751 -168499.79685310574 0.6233809365060874
5.540000000000001 0.3091683314300785 123.24117015358475 0.7072230932439754 -167270.73551422564 0.6226345658192809
5.550000000000001 0.30961989026852604 122.58715944279305 0.7098986006266732 -166048.34280974793 0.6218894584058572
5.5600000000000005 0.3100723089115576 121.93480505998238 0.7125767704141962 -164832.59256352222 0.6211456157190388
5.570000000000001 0.3105255867740723 121.28410732711073 0.7152575871096746 -163623.45861121986 0.6204030391714128
5.580000000000001 0.31097972326473244 120.635066522372 0.7179410352734169 -162420.91475430666 0.6196617301351497
5.590000000000001 0.31143471778596316 119.98768288049918 0.7206270995231805 -161224.9347616005 0.618921689942221
5.6000000000000005 0.3118905697339521 119.34195659306741 0.7233157645344374 -160035.49240384632 0.6181829198846186
5.610000000000001 0.3123472784986496 118.69788780879689 0.7260070150406353 -158852.56141205388 0.6174454212145731
5.620000000000001 0.3128048434637685 118.05547663385576 0.7287008358334534 -157676.11553983888 0.6167091951447732
5.630000000000001 0.3132632640067846 117.4147231321627 0.7313972117630538 -156506.12849227965 0.6159742428485846
5.640000000000001 0.31372253949893714 116.77562732568948 0.7340961277383279 -155342.5739766441 0.6152405654602701
5.650000000000001 0.31418266930522937 116.13818919476316 0.736797568727138 -154185.4256924867 0.6145081640752081
5.660000000000001 0.3146436527844296 115.50240867836821 0.7395015197565541 -153034.65733857488 0.613777039750114
5.670000000000001 0.31510548928907195 114.86828567444839 0.7422079659130865 -151890.24258128493 0.6130471935032582
5.680000000000001 0.3155681781654578 114.23582004020825 0.7449168923429128 -150752.15510100182 0.6123186263146875
5.690000000000001 0.31603171875365693 113.60501159241453 0.7476282842521011 -149620.36859323972 0.6115913391264448
5.700000000000001 0.3164961103875093 112.97586010769714 0.7503421269068281 -148494.85670709843 0.6108653328427893
5.710000000000001 0.3169613523946266 112.34836532284996 0.7530584056335923 -147375.59312661097 0.6101406083304168
5.720000000000001 0.3174274440963943 111.72252693513114 0.7557771058194234 -146262.55153009272 0.6094171664186798
5.730000000000001 0.3178943848079736 111.09834460256326 0.7584982129120865 -145155.70559152085 0.6086950078998088
5.740000000000001 0.31836217383830384 110.47581794423296 0.761221712420282 -144055.02900045033 0.6079741335291317
5.750000000000001 0.3188308104901048 109.85494654059033 0.7639475899138407 -142960.4954432036 0.6072545440252946
5.760000000000001 0.3193002940598794 109.23572993374785 0.7666758310239148 -141872.07861698145 0.606536240070483
5.770000000000001 0.3197706238379165 108.61816762777883 0.7694064214431642 -140789.75222648066 0.6058192223106411
5.780000000000001 0.3202417991082938 108.00225908901561 0.7721393469259383 -139713.48999234228 0.6051034913556934
5.790000000000001 0.32071381914888103 107.38800374634718 0.7748745932884539 -138643.2656518777 0.6043890477797642
5.800000000000001 0.3211866832313432 106.77540099151638 0.7776121464089674 -137579.05293821066 0.6036758921213987
5.8100000000000005 0.3216603906211442 106.16445017941662 0.7803519922279445 -136520.82561171416 0.6029640248837831
5.820000000000001 0.3221349405775503 105.55515062838812 0.7830941167482239 -135468.55744918183 0.6022534465349647
5.830000000000001 0.3226103323536342 104.94750162051365 0.7858385060351779 -134422.22223028698 0.6015441575080724
5.840000000000001 0.3230865651962787 104.3415024019137 0.7885851462168677 -133381.79377598487 0.6008361582015366
5.8500000000000005 0.32356363834618124 103.7371521830412 0.7913340234841951 -132347.24591001627 0.6001294489793092
5.860000000000001 0.324041551037858 103.13445013897558 0.79408512409105 -131318.55249423013 0.5994240301710837
5.870000000000001 0.3245203024996484 102.53339540971633 0.7968384343544532 -130295.68739714484 0.5987199020725146
5.880000000000001 0.3249998919537201 101.93398710047599 0.7995939406546955 -129278.62451750069 0.5980170649454375
5.890000000000001 0.3254803186160733 101.33622428197248 0.8023516294354723 -128267.33777601218 0.5973155190180878
5.900000000000001 0.3259615816965463 100.74010599072088 0.8051114872040145 -127261.8011262372 0.596615264485321
5.910000000000001 0.32644368039882043 100.14563122932454 0.8078735005312148 -126261.98854194432 0.5959163015088308
5.920000000000001 0.3269266139204254 99.55279896676556 0.8106376560517501 -125267.87403644821 0.5952186302173688
5.930000000000001 0.32741038145274476 98.96160813869469 0.8134039404642004 -124279.4316370939 0.5945222507069629
5.940000000000001 0.32789498218102187 98.37205764772037 0.8161723405311626 -123296.63542119648 0.5938271630411354
5.950000000000001 0.3283804152843654 97.78414636369733 0.8189428430793616 -122319.45948235209 0.5931333672511223
5.960000000000001 0.3288666799357556 97.19787312401434 0.8217154349997562 -121347.87796777178 0.59244086333609
5.970000000000001 0.32935377530205034 96.61323673388124 0.8244901032476418 -120381.86503157738 0.5917496512633549
5.980000000000001 0.32984170054399153 96.03023596661538 0.8272668348427495 -119421.39488125063 0.5910597309685988
5.990000000000001 0.33033045481621154 95.44886956392719 0.8300456168693402 -118466.4417588776 0.5903711023560878
6.000000000000001 0.33082003726723996 94.86913623620511 0.832826436476296 -117516.97995189547 0.5896837652988891
6.010000000000001 0.33131044703951035 94.29103466279965 0.8356092808772069 -116572.9837655362 0.5889977196390868
6.020000000000001 0.3318016832693673 93.7145634923068 0.8383941373504548 -115634.4275650033 0.5883129651879992
6.030000000000001 0.3322937450870736 93.13972134285055 0.8411809932392922 -114701.28574662705 0.5876295017263947
6.040000000000001 0.3327866316168174 92.56650680236469 0.8439698359519189 -113773.53275840564 0.5869473290047074
6.050000000000001 0.33328034197671974 91.99491842887375 0.8467606529615533 -112851.14307681928 0.5862664467432525
6.0600000000000005 0.33377487527884236 91.4249547507732 0.8495534318065016 -111934.09123157953 0.5855868546324416
6.070000000000001 0.33427023062919514 90.8566142671087 0.8523481600902219 -111022.35179872597 0.584908552332998
6.080000000000001 0.33476640712774436 90.28989544785462 0.8551448254813858 -110115.89939036919 0.5842315394761699
6.090000000000001 0.3352634038684206 89.72479673419164 0.8579434157139361 -109214.70868646196 0.5835558156639453
6.1000000000000005 0.335761219939127 89.16131653878357 0.8607439185871404 -108318.7543904065 0.5828813804692656
6.110000000000001 0.3362598544217478 88.59945324605313 0.8635463219656418 -107428.0112667245 0.5822082334362384
6.120000000000001 0.3367593063921566 88.03920521245708 0.8663506137795061 -106542.45412727934 0.5815363740803509
6.130000000000001 0.33725957492022557 87.48057076676022 0.8691567820242646 -105662.057843942 0.5808658018886823
6.140000000000001 0.33776065906983377 86.92354821030871 0.8719648147609551 -104786.79731813465 0.5801965163201157
6.150000000000001 0.3382625578988764 86.36813581730226 0.8747747001161579 -103916.6475223916 0.5795285168055495
6.160000000000001 0.338765270459274 85.81433183506554 0.877586426282029 -103051.58347406013 0.5788618027481092
6.170000000000001 0.33926879579698177 85.26213448431865 0.8803999815163304 -102191.58025144025 0.5781963735233573
6.180000000000001 0.33977313295199885 84.71154195944654 0.8832153541424562 -101336.61297610242 0.5775322284795048
6.190000000000001 0.3402782809583781 84.16255242876761 0.8860325325494561 -100486.65682887885 0.5768693669376199
6.200000000000001 0.34078423884423575 83.6151640348013 0.8888515051920551 -99641.68705598933 0.5762077881918382
6.210000000000001 0.3412910056317614 83.0693748945346 0.8916722605906705 -98801.6789502385 0.5755474915095709
6.220000000000001 0.34179858033722793 82.52518309968782 0.894494787331425 -97966.60786610199 0.5748884761317137
6.230000000000001 0.34230696197100186 81.98258671697913 0.8973190740661571 -97136.44921474216 0.5742307412728549
6.240000000000001 0.3428161495375534 81.44158378838821 0.9001451095124285 -96311.17846540987 0.5735742861214822
6.250000000000001 0.3433261420354673 80.90217233141898 0.9029728824535278 -95490.77115325636 0.5729191098401902
6.260000000000001 0.3438369384574531 80.36435033936112 0.905802381738471 -94675.20287370333 0.5722652115658866
6.270000000000001 0.3443485377903562 79.82811578155075 0.9086335962820001 -93864.44927942078 0.571612590409998
6.280000000000001 0.3448609390151684 79.29346660362997 0.911466515064577 -93058.48607635433 0.5709612454586754
6.290000000000001 0.3453741411070393 78.76040072780543 0.9143011271323757 -92257.28904096161 0.570311175772999
6.300000000000001 0.34588814303528725 78.22891605310586 0.9171374215972707 -91460.83403114333 0.5696623803891823
6.3100000000000005 0.3464029437634108 77.69901045563844 0.9199753876368231 -90669.09693378632 0.5690148583187764
6.320000000000001 0.3469185422490999 77.17068178884426 0.9228150144942627 -89882.05373288417 0.5683686085488724
6.330000000000001 0.3474349374442478 76.64392788375262 0.9256562914784686 -89099.6804479189 0.5677236300423044
6.340000000000001 0.3479521282949625 76.11874654923432 0.9284992079639458 -88321.9531934429 0.5670799217378517
6.3500000000000005 0.3484701137415788 75.59513557225378 0.9313437533907993 -87548.8481283963 0.5664374825504399
6.360000000000001 0.3489888927186702 75.07309271812021 0.9341899172647056 -86780.34148477703 0.5657963113713422
6.370000000000001 0.34950846415506076 74.55261573073756 0.9370376891568807 -86016.40956640146 0.5651564070683791
6.380000000000001 0.35002882697383797 74.03370233285342 0.9398870587040465 -85257.02873681506 0.5645177684861187
6.390000000000001 0.3505499800923645 73.5163502263069 0.9427380156083934 -84502.17543266443 0.5638803944460751
6.400000000000001 0.35107192242229096 73.00055709227522 0.9455905496375404 -83751.82616659274 0.5632442837469076
6.410000000000001 0.3515946528695686 72.48632059151934 0.9484446506244929 -83005.95751102395 0.5626094351646183
6.420000000000001 0.3521181703344619 71.97363836462847 0.9513003084675974 -82264.54611018088 0.5619758474527489
6.430000000000001 0.3526424737115616 71.46250803226332 0.9541575131304939 -81527.56867902454 0.561343519342578
6.440000000000001 0.35316756188979764 70.95292719539832 0.9570162546420655 -80795.00200804516 0.5607124495433162
6.450000000000001 0.3536934337524523 70.44489343556272 0.9598765230963854 -80066.82295567715 0.5600826367423029
6.460000000000001 0.3542200881771735 69.93840431508049 0.9627383086526614 -79343.00844718073 0.5594540796051989
6.470000000000001 0.354747524035988 69.43345737730911 0.9656016015351779 -78623.53548696515 0.5588267767761823
6.480000000000001 0.35527574019531527 68.93005014687719 0.9684663920332355 -77908.38115821463 0.558200726878141
6.490000000000001 0.35580473551598063 68.42818012992093 0.9713326705010876 -77197.52259899443 0.5575759285128657
6.500000000000001 0.35633450885322937 67.92784481431947 0.9742004273578755 -76490.93703587037 0.5569523802612415
6.510000000000001 0.3568650590567405 67.42904166992899 0.97706965308756 -75788.60176166033 0.5563300806834397
6.520000000000001 0.35739638497064063 66.93176814881572 0.9799403382388516 -75090.49415062527 0.5557090283191086
6.530000000000001 0.3579284854335182 66.43602168548775 0.9828124734251376 -74396.59164721714 0.5550892216875631
6.540000000000001 0.35846135927843753 65.94179969712563 0.9856860493244068 -73706.87177176557 0.5544706592879748
6.550000000000001 0.3589950053329533 65.44909958381187 0.9885610566791732 -73021.31211813897 0.5538533395995595
6.5600000000000005 0.3595294224191249 64.95791872875915 0.9914374862963952 -72339.89036246734 0.553237261081766
6.570000000000001 0.36006460935353096 64.46825449853746 0.9943153290473947 -71662.58425015018 0.5526224221744632
6.580000000000001 0.3606005649472841 63.98010424329992 0.9971945758677727 -70989.37160433359 0.5520088212981269
6.590000000000001 0.36113728800604555 63.493465297007546 1.0000752177573229 -70320.23033124593 0.5513964568540246
6.6000000000000005 0.36167477733004016 63.00833497765271 1.0029572457799434 -69655.13840916587 0.5507853272244022
6.610000000000001 0.3622130317140714 62.524710587481444 1.0058406510635458 -68994.07389292972 0.5501754307726672
6.620000000000001 0.3627520499475362 62.04258941321456 1.0087254247999633 -68337.01491248967 0.5495667658435724
6.630000000000001 0.36329183081444044 61.5619687262675 1.0116115582448544 -67683.93968413764 0.5489593307634002
6.640000000000001 0.36383237309341426 61.082845782969066 1.0144990427176075 -67034.82649464592 0.5483531238401429
6.650000000000001 0.3643736755577272 60.60521782477887 1.0173878696012406 -66389.65371685613 0.5477481433636863
6.660000000000001 0.3649157369753039 60.129082078503586 1.0202780303423014 -65748.39979206488 0.5471443876059884
6.670000000000001 0.3654585561087396 59.65443575651204 1.0231695164507633 -65111.04325715868 0.546541854821261
6.680000000000001 0.36600213171531615 59.18127605694898 1.026062319499921 -64477.56271330082 0.5459405432461485
6.690000000000001 0.36654646254701734 58.709600163947755 1.0289564311262835 -63847.9368461329 0.5453404510999063
6.700000000000001 0.3670915473505452 58.239405247841646 1.0318518430294652 -63222.144422129146 0.5447415765845782
6.710000000000001 0.36763738486733594 57.77068846537407 1.0347485469720747 -62600.164283583916 0.5441439178851752
6.720000000000001 0.3681839738335758 57.30344695990753 1.0376465347796027 -61981.975358452015 0.5435474731698493
6.730000000000001 0.36873131298021766 56.83767786163131 1.040545798340307 -61367.55665282307 0.5429522405900711
6.740000000000001 0.36927940103299695 56.373378287768 1.0434463296050969 -60756.88725494527 0.5423582182808033
6.750000000000001 0.3698282367124483 55.91054534277871 1.046348120587414 -60149.94632957895 0.5417654043606757
6.760000000000001 0.37037781873392184 55.44917611856718 1.0492511633631134 -59546.71312960619 0.5411737969321576
6.770000000000001 0.3709281458076 54.989267694682525 1.0521554500703407 -58947.16697803299 0.540583394081731
6.780000000000001 0.37147921663851385 54.530817138520845 1.05506097290941 -58351.28728775085 0.5399941938800614
6.790000000000001 0.3720310299265602 54.07382150552556 1.057967724142678 -57759.05355530146 0.53940619438217
6.800000000000001 0.3725835843665181 53.61827783938651 1.0608756960944166 -57170.44534610132 0.5388193936276028
6.8100000000000005 0.37313687864806616 53.16418317223785 1.063784881150686 -56585.44232408621 0.5382337896406002
6.820000000000001 0.3736909114557992 52.7115345248547 1.0666952717592035 -56004.02422517835 0.537649380430266
6.830000000000001 0.3742456814692455 52.260328906848535 1.0696068604292117 -55426.170863211766 0.5370661639907348
6.840000000000001 0.3748011873628839 51.81056331686138 1.0725196397313457 -54851.86214367543 0.5364841383013397
6.8500000000000005 0.3753574278061614 51.36223474275875 1.075433602297498 -54281.078048176554 0.5359033013267773
6.860000000000001 0.3759144014635099 50.91534016182135 1.0783487408206822 -53713.798646376235 0.5353236510172745
6.870000000000001 0.3764721069943643 50.469876540935545 1.0812650480548949 -53150.00407639597 0.5347451853087523
6.880000000000001 0.3770305430531794 50.025840836782635 1.0841825168149761 -52589.674578775564 0.5341679021229899
6.890000000000001 0.37758970828944793 49.58322999602682 1.0871011399764692 -52032.79045994528 0.5335917993677881
6.900000000000001 0.378149601347718 49.142040955502 1.0900209104754772 -51479.332117984835 0.5330168749371311
6.910000000000001 0.3787102208676109 48.70227064239729 1.09294182130852 -50929.28003045737 0.5324431267113485
6.920000000000001 0.37927156548383884 48.263915974441346 1.0958638655323891 -50382.61475734826 0.5318705525572751
6.930000000000001 0.3798336338262229 47.82697386008544 1.0987870362640006 -49839.316938017415 0.531299150328412
6.940000000000001 0.3803964245197111 47.39144119868528 1.1017113266802476 -49299.36730241247 0.5307289178650847
6.950000000000001 0.3809599361843963 46.95731488068166 1.1046367300178508 -48762.74666185361 0.5301598529946019
6.960000000000001 0.3815241674355341 46.524591787779805 1.1075632395732078 -48229.43590343949 0.5295919535314124
6.970000000000001 0.3820891168835615 46.09326879312755 1.1104908487022411 -47699.4160070255 0.5290252172772631
6.980000000000001 0.38265478313411483 45.66334276149226 1.1134195508202458 -47172.668026146304 0.528459642021353
6.990000000000001 0.3832211647880481 45.23481054943652 1.1163493394017339 -46649.173101765315 0.5278952255404894
7.000000000000001 0.38378826044145126 44.80766900549261 1.1192802079802793 -46128.91245548351 0.5273319655992424
7.010000000000001 0.384356068685669 44.38191497033579 1.122212150148361 -45611.86739417687 0.5267698599500976
7.020000000000001 0.38492458810731894 43.957545276956274 1.1251451595572053 -45098.01930912011 0.5262089063336091
7.030000000000001 0.3854938172883102 43.53455675083008 1.1280792299166258 -44587.3496671387 0.5256491024785507
7.040000000000001 0.3860637548058623 43.11294621008858 1.1310143549948635 -44079.84001876917 0.5250904461020682
7.050000000000001 0.3866343992325236 42.692710465686915 1.133950528618425 -43575.472012794 0.5245329349098284
7.0600000000000005 0.38720574913619005 42.27384632157111 1.1368877446719208 -43074.22736296562 0.523976566596169
7.070000000000001 0.38777780308012433 41.85635057484404 1.1398259970979001 -42576.087873078905 0.523421338844247
7.080000000000001 0.3883505596229743 41.44022001593012 1.1427652798966876 -42081.03542717839 0.5228672493261864
7.090000000000001 0.3889240173187923 41.02545142873887 1.1457055871262165 -41589.051996796356 0.5223142957032259
7.1000000000000005 0.38949817471705367 40.612041590827175 1.1486469129018624 -41100.119626527325 0.5217624756258632
7.110000000000001 0.3900730303626764 40.199987273560424 1.1515892513962749 -40614.22045633014 0.5212117867340025
7.120000000000001 0.3906485827960397 39.789285242272385 1.1545325968392093 -40131.336696665065 0.5206622266570977
7.130000000000001 0.39122483055300344 39.379932256423906 1.1574769435173566 -39651.45064585729 0.520113793014296
7.140000000000001 0.3918017721649273 38.97192506976041 1.1604222857741728 -39174.54468678025 0.5195664834145817
7.150000000000001 0.3923794061586899 38.56526043046821 1.1633686180097071 -38700.60128583427 0.519020295456917
7.160000000000001 0.39295773105670817 38.15993508132957 1.1663159346804293 -38229.60298188768 0.5184752267303843
7.170000000000001 0.3935367453769569 37.755945759876674 1.1692642302990564 -37761.53240587552 0.5179312748143261
7.180000000000001 0.39411644763298775 37.3532891985443 1.1722134994343782 -37296.37226897805 0.5173884372784849
7.190000000000001 0.39469683633394903 36.95196212482139 1.175163736711083 -36834.10535557889 0.5168467116831414
7.200000000000001 0.395277909984605 36.55196126140137 1.1781149368095798 -36374.71454702389 0.5163060955792531
7.210000000000001 0.39585966708535547 36.15328332633132 1.1810670944658228 -35918.18279424887 0.5157665865085914
7.220000000000001 0.39644210613225545 35.75592503316001 1.1840202044711337 -35464.493132220545 0.5152281820038773
7.230000000000001 0.39702522561703457 35.359883091084676 1.1869742616720227 -35013.62868013844 0.514690879588918
7.240000000000001 0.397609024027117 34.96515420509666 1.1899292609700096 -34565.57263689748 0.5141546767787404
7.250000000000001 0.3981934998456409 34.5717350761259 1.1928851973214443 -34120.308283635175 0.5136195710797259
7.260000000000001 0.39877865155147835 34.17962240118422 1.1958420657373252 -33677.818981475 0.5130855599897435
7.270000000000001 0.399364477619255 33.788812873507496 1.198799861283119 -33238.08817394933 0.5125526409982812
7.280000000000001 0.39995097651937 33.39930318269663 1.2017585790785776 -32801.099384157525 0.512020811586579
7.290000000000001 0.4005381467180158 33.01109001485735 1.204718214297556 -32366.836218090597 0.5114900692277576
7.300000000000001 0.401125986677198 32.624170052738926 1.2076787621678293 -31935.282360919966 0.5109604113869499
7.3100000000000005 0.40171449485475536 32.23853997587166 1.2106402179709075 -31506.421578237594 0.5104318355214297
7.320000000000001 0.4023036697043797 31.854196460703275 1.2136025770418521 -31080.237717753364 0.5099043390807388
7.330000000000001 0.40289350967563586 31.47113618073414 1.2165658347690902 -30656.7147031967 0.5093779195068162
7.340000000000001 0.4034840132139818 31.089355806651366 1.2195299865942286 -30235.836541320175 0.5088525742341236
7.3500000000000005 0.4040751787607886 30.708852006461765 1.222495028011868 -29817.587322000752 0.5083283006897712
7.360000000000001 0.4046670047533605 30.32962144562367 1.2254609545694157 -29401.951206728507 0.5078050962936433
7.370000000000001 0.40525948962495517 29.951660787177623 1.228427761866898 -28988.912445083173 0.5072829584585226
7.380000000000001 0.40585263180480363 29.574966691875957 1.2313954455567722 -28578.455360390046 0.5067618845902122
7.390000000000001 0.40644642971813055 29.199535818311233 1.2343640013437385 -28170.564356549523 0.5062418720876602
7.400000000000001 0.4070408817861744 28.82536482304358 1.2373334249845507 -27765.22391803252 0.5057229183430805
7.410000000000001 0.40763598642620774 28.452450360726896 1.2403037122878264 -27362.41860152487 0.5052050207420735
7.420000000000001 0.4082317420515572 28.080789084233977 1.243274859113858 -26962.133054994407 0.5046881766637471
7.430000000000001 0.4088281470716241 27.710377644780493 1.2462468613744215 -26564.35199729033 0.5041723834808356
7.440000000000001 0.40942519989190446 27.341212692047907 1.2492197150325857 -26169.06022503345 0.5036576385598186
7.450000000000001 0.41002289891400934 26.97329087430526 1.2521934161025214 -25776.242615914656 0.503143939261039
7.460000000000001 0.41062124253568527 26.606608838529887 1.2551679606493098 -25385.88412267337 0.5026312829388194
7.470000000000001 0.4112202291508345 26.241163230527032 1.25814334478875 -24997.969777428127 0.5021196669415793
7.480000000000001 0.41181985714953534 25.87695069504838 1.2611195646871671 -24612.48469003142 0.5016090886119497
7.490000000000001 0.4124201249180626 25.513967875909504 1.2640966165612193 -24229.414044985144 0.5010995452868885
7.500000000000001 0.413021030838908 25.15221141610624 1.2670744966777048 -23848.74311228334 0.500591034297794
7.510000000000001 0.4136225732908004 24.791677957929988 1.2700532013533685 -23470.457229658678 0.5000835529706182
7.520000000000001 0.4142247506487264 24.43236414308194 1.2730327269547084 -23094.541815789493 0.499577098625979
7.530000000000001 0.4148275612839506 24.074266612786246 1.2760130698977812 -22720.982363622847 0.499071668579272
7.540000000000001 0.41543100356403634 23.717382007902128 1.2789942266480085 -22349.76444667062 0.4985672601407811
7.550000000000001 0.41603507585286575 23.36170696903492 1.281976193719982 -21980.873709314492 0.49806387061578883
7.5600000000000005 0.4166397765106605 23.007238136646073 1.2849589676772688 -21614.295878097782 0.497561497304685
7.570000000000001 0.4172451038940021 22.653972151162115 1.287942545132216 -21250.016752363368 0.4970601375030761
7.580000000000001 0.4178510563558526 22.301905653082546 1.290926922745756 -20888.022203515346 0.49655978850189186
7.590000000000001 0.41845763224557486 21.95103528308673 1.293912097227211 -20528.298179176032 0.49606044758749324
7.6000000000000005 0.41906482990895305 21.60135768213971 1.2968980653340962 -20170.830708735673 0.495562112041778
7.610000000000001 0.41967264768821333 21.252869491597046 1.2998848238719258 -19815.60589274038 0.4950647791422862
7.620000000000001 0.4202810839220442 20.905567353308584 1.3028723696940152 -19462.60990170098 0.4945684461623052
7.630000000000001 0.42089013694561705 20.559447909721225 1.3058606997012856 -19111.828985783126 0.4940731103709729
7.640000000000001 0.42149980509060664 20.214507803980688 1.3088498108420676 -18763.24946802995 0.4935787690333817
7.650000000000001 0.4221100866852116 19.870743680032234 1.3118397001119046 -18416.857744986937 0.49308541941068007
7.660000000000001 0.4227209800541751 19.528152182720422 1.3148303645533561 -18072.640287313836 0.4925930587601748
7.670000000000001 0.4233324835188051 19.18672995788783 1.3178218012558012 -17730.5836408189 0.49210168433543133
7.680000000000001 0.4239445953969951 18.846473652472806 1.3208140073552415 -17390.674419776 0.49161129338637444
7.690000000000001 0.4245573140032445 18.507379914606204 1.323806980034104 -17052.899315491446 0.4911218831593872
7.700000000000001 0.4251706376486792 18.169445393707157 1.3268007165210443 -16717.24509515335 0.49063345089740984
7.710000000000001 0.42578456464107206 17.832666740577853 1.32979521409075 -16383.698588976196 0.4901459938400372
7.720000000000001 0.4263990932848634 17.497040607497336 1.3327904700637427 -16052.24670690894 0.4896595092236169
7.730000000000001 0.42701422188118154 17.162563648314336 1.335786481806181 -15722.876430338418 0.48917399428134467
7.740000000000001 0.42762994872786314 16.82923251853914 1.338783246729664 -15395.57480892722 0.4886894462433604
7.750000000000001 0.4282462721194739 16.497043875434485 1.3417807622910334 -15070.328967753343 0.48820586233684327
7.760000000000001 0.4288631903473289 16.16599437810551 1.344779025992176 -14747.126099664663 0.48772323978610566
7.770000000000001 0.4294807016995131 15.836080687588735 1.3477780353798268 -14425.953471226387 0.48724157581268723
7.780000000000001 0.43009880446090176 15.50729946694012 1.3507777880453726 -14106.798420376612 0.4867608676354468
7.790000000000001 0.430717496913181 15.179647381322152 1.3537782816246535 -13789.64835327769 0.4862811124706552
7.800000000000001 0.4313367773348681 14.853121098090012 1.356779513797766 -13474.490744007482 0.48580230753208586
7.8100000000000005 0.431956644001332 14.527717286876813 1.3597814822888665 -13161.313143635014 0.48532445003110625
7.820000000000001 0.43257709518481374 14.20343261967789 1.3627841848659739 -12850.103165257033 0.484847537176767
7.830000000000001 0.4331981291544468 13.880263770934187 1.3657876193407719 -12540.8484980234 0.4843715661758914
7.840000000000001 0.43381974417627744 13.558207417614712 1.3687917835684134 -12233.536900047664 0.4838965342331638
7.8500000000000005 0.43444193851328533 13.237260239298093 1.3717966754473225 -11928.156196499021 0.48342243855121747
7.860000000000001 0.4350647104254035 12.917418918253214 1.3748022929189982 -11624.694277014 0.4829492763307218
7.870000000000001 0.4356880581695391 12.59868013951895 1.377808633967818 -11323.139104512848 0.48247704477046804
7.880000000000001 0.43631197999959337 12.281040590983007 1.3808156966208405 -11023.478710146243 0.48200574106745564
7.890000000000001 0.4369364741664822 11.964496963459881 1.38382347894761 -10725.701191980059 0.4815353624169766
7.900000000000001 0.4375615389181562 11.6490459507679 1.38683197905996 -10429.794715561076 0.48106590601270005
7.910000000000001 0.4381871724996212 11.334684249805406 1.3898411951118161 -10135.747515973673 0.480597369046756
7.920000000000001 0.4388133731529583 11.02140856062606 1.3928511252990017 -9843.547891253247 0.4801297487098175
7.930000000000001 0.4394401391173443 10.709215586513263 1.3958617678590401 -9553.18421240436 0.47966304219118405
7.940000000000001 0.44006746862907165 10.398102034053712 1.3988731210709608 -9264.644911187124 0.47919724667886154
7.950000000000001 0.4406953599215688 10.088064613210104 1.401885183255103 -8977.918487846331 0.4787323593596444
7.960000000000001 0.4413238112254203 9.779100037392967 1.4048979527729202 -8692.993511129012 0.4782683774191948
7.970000000000001 0.4419528207683871 9.47120502353165 1.4079114280267857 -8409.85861156579 0.477805298042123
7.980000000000001 0.4425823867754264 9.164376292144468 1.4109256074597973 -8128.502486516048 0.47734311841206534
7.990000000000001 0.4432125074687118 8.858610567407988 1.4139404895555827 -7848.913900214504 0.47688183571176246
8.000000000000002 0.44384318106765364 8.553904577225499 1.4169560728381052 -7571.081681374192 0.4764214471231374
8.010000000000002 0.44447440578891856 8.250255053294639 1.419972355871469 -7294.994723645219 0.47596194982737194
8.020000000000001 0.44510617984644996 7.947658731174196 1.4229893372597258 -7020.641982116023 0.47550334100498226
8.030000000000001 0.44573850145148763 7.646112350350087 1.4260070156466806 -6748.012482826196 0.4750456178358954
8.040000000000001 0.446371368812588 7.345612654300524 1.4290253897156988 -6477.095307392145 0.4745887774995232
8.05 0.4470047801356437 7.046156390560366 1.4320444581895122 -6207.879607947363 0.47413281717483713
8.06 0.4476387336239039 6.747740310784666 1.4350642198300265 -5940.354595230436 0.4736777340404411
8.07 0.44827322747799375 6.450361170811414 1.4380846734381283 -5674.50954631911 0.47322352527464506
8.08 0.4489082598959345 6.154015730723487 1.4411058178534932 -5410.333799920224 0.4727701880555366
8.090000000000002 0.4495438290731632 5.85870075490981 1.4441276519543933 -5147.816757332979 0.47231771956105295
8.100000000000001 0.4501799332025523 5.564413012125721 1.4471501746575055 -4886.947882294367 0.47186611696905134
8.110000000000001 0.45081657047442963 5.2711492755525695 1.4501733849177199 -4627.7167002191845 0.47141537745738005
8.120000000000001 0.451453739076598 4.9789063228565285 1.4531972817279486 -4370.11280004314 0.47096549820394784
8.13 0.4520914371943549 4.687680936246639 1.456221864118935 -4114.125829107179 0.47051647638679217
8.14 0.452729663010512 4.39746990253209 1.4592471311590633 -3859.7454970077524 0.470068309184149
8.15 0.45336841470541484 4.108270013178738 1.4622730819541678 -3606.9615744636767 0.4696209937745196
8.16 0.45400769045696243 3.820078064364871 1.4652997156473433 -3355.76389544099 0.4691745273367378
8.170000000000002 0.4546474884406267 3.532890857036219 1.4683270314187558 -3106.1423522068644 0.4687289070500371
8.180000000000001 0.4552878068294719 3.2467051969602254 1.471355028485453 -2858.0868953633826 0.4682841300941156
8.190000000000001 0.4559286437941742 2.9615178947795733 1.4743837061011758 -2611.587537448882 0.4678401936492025
8.2 0.45656999750304106 2.677325766064978 1.477413063556169 -2366.6343496287227 0.4673970948961218
8.21 0.45721186612203046 2.3941256313672494 1.4804431001769949 -2123.2174649242825 0.46695483101635693
8.22 0.4578542478147704 2.111914316268631 1.4834738153263434 -1881.327070960594 0.46651339919211443
8.23 0.4584971407425781 1.8306886514334162 1.4865052084028465 -1640.9534182834623 0.466072796606386
8.24 0.4591405430644791 1.5504454726578516 1.4895372788408905 -1402.0868141139076 0.4656330204430117
8.25 0.4597844529372268 1.2711816209193296 1.4925700261104293 -1164.717622237604 0.465194067886741
8.26 0.4604288685153214 0.9928939424248757 1.495603449716799 -928.8362674082307 0.4647559361232947
8.27 0.4610737879510288 0.7155792886589372 1.4986375492005313 -694.4332289240747 0.46431862233942445
8.28 0.46171920939440025 0.4392345164304751 1.501672324137169 -461.4990478978526 0.4638821237229733
8.29 0.46236513099329074 0.16385648791936774 1.5047077741370805 -230.02431727733654 0.463446437462935
8.3 0.4630115508933784 -0.11055792927787172 1.5077438988452754 0.0003090714033078257 0.46301156074951244
