5 0.2625075492080852 5.3100000000000005 0.14218966024072985 0.07915693030058668 1e-15 -0.06283456733782704
10 0.27825179849057774 7.010000000000001 0.3348000952371482 0.1411831942265553 1e-15 -0.11766402072959647
15 0.29396852859902045 8.07 0.5219811376047674 0.19120388988166198 1e-15 -0.1662756740269699
20 0.3096605803081277 8.8 0.6908702359854367 0.23207548100461925 1e-15 -0.20951632799321043
25 0.32533033714549514 9.34 0.842020654796651 0.2664963819194871 1e-15 -0.24880251220361715
30 0.3409798222051916 9.75 0.975423313183593 0.29573584313017326 1e-15 -0.2845890349607591
35 0.35661077010555925 10.06 1.0904118748307854 0.32041145953185024 1e-15 -0.31683268973822454
40 0.3722246814711712 10.31 1.193188095282189 0.34210994168392783 1e-15 -0.34686410984903143
45 0.3878228648614709 10.51 1.2839872698370802 0.36113821776247823 1e-15 -0.37469736020553646
50 0.40340646950953407 10.67 1.3637830476339292 0.37782989433312714 1e-15 -0.40040843958027245
55 0.41897651121870055 10.8 1.4348212508698692 0.39272585455232845 1e-15 -0.42450797392621786
60 0.4345338930873674 10.91 1.4993032906011334 0.40623766954754764 1e-15 -0.4473323248148616
65 0.45007942227078557 11.0 1.556731357235337 0.4183467860763134 1e-15 -0.46869189037869863
70 0.46561382366836124 11.07 1.6071118948041472 0.42915476914482104 1e-15 -0.48864893858177244
75 0.48113775119874813 11.13 1.6533000757475567 0.4391086272610474 1e-15 -0.5077104670610434
80 0.49665179716275726 11.18 1.6951921514424306 0.44822138989939014 1e-15 -0.5258118801433131
85 0.5121565000760575 11.22 1.7326584356422325 0.456494499566944 1e-15 -0.542860529359885
90 0.5276523512666204 11.25 1.7658238466606428 0.463991798001543 1e-15 -0.5589156545084583
95 0.5431398004669468 11.27 1.794818814461336 0.4707736492421289 1e-15 -0.5740428712508423
100 0.5586192605821404 11.29 1.8227920375469586 0.4772639479531997 1e-15 -0.5888401590515822
105 0.5740911117775703 11.31 1.8499448514260295 0.4835168635436957 1e-15 -0.6034189090306096
110 0.5895557050011462 11.32 1.872749143635404 0.4890447813402849 1e-15 -0.6168724298269326
115 0.6050133650329371 11.33 1.8947371843383238 0.494349975480398 1e-15 -0.630057917144943
120 0.6204643931374052 11.34 1.916041215997936 0.4994675077232009 1e-15 -0.6430514628979542
125 0.6359090693797642 11.34 1.932936179245515 0.5038716328098046 1e-15 -0.6547795412584345
130 0.651347654657024 11.34 1.9493430179006732 0.5081485151358669 1e-15 -0.6664135198569423
135 0.666780392485529 11.34 1.9651499785516615 0.5122690231787568 1e-15 -0.677853424804319
140 0.6822075105797453 11.34 1.9802598415246535 0.5162078140242494 1e-15 -0.6890022901635249
145 0.6976292222513382 11.33 1.9912221701597268 0.5195235725202925 1e-15 -0.6989672131485355
150 0.7130457276529237 11.33 2.0051231146157615 0.5231504246282247 1e-15 -0.7096169315938383
155 0.7284572148870628 11.32 2.0150171888302517 0.5261962841405817 1e-15 -0.7191496917136281
160 0.7438638609979228 11.31 2.0244170114140823 0.5291183481004316 1e-15 -0.7284726359590267
165 0.7592658328604303 11.3 2.0334174660017537 0.531941109363817 1e-15 -0.7376570757011707
170 0.7746632879795747 11.29 2.041828971398639 0.5346146657774341 1e-15 -0.7465140426848174
175 0.7900563752107159 11.28 2.0498852511636168 0.537199870907224 1e-15 -0.7552444420682979
180 0.8054452354102316 11.27 2.057471212646217 0.5396663012354184 1e-15 -0.763725850692096
185 0.8208300020245666 11.26 2.0647995121109397 0.5420694687178814 1e-15 -0.7721529175480637
190 0.8362108016246622 11.25 2.0718159105607197 0.5443949526942914 1e-15 -0.7804652624964142
195 0.8515877543918324 11.24 2.07835558724124 0.5465991986258137 1e-15 -0.7884826448666727
200 0.8669609745603704 11.23 2.084445632498935 0.5486890136321717 1e-15 -0.7962138415189277
205 0.8823305708215036 11.22 2.0903882688098445 0.5507437167310214 1e-15 -0.8039666487933539
210 0.897696646692744 11.21 2.095967860818725 0.552706350951803 1e-15 -0.8115030531207126
215 0.9130593008561892 11.19 2.097774392269907 0.5541714420580218 1e-15 -0.8178569534838003
220 0.9284186274689061 11.18 2.1027894769434923 0.5559931487527489 1e-15 -0.8250917224469758
225 0.9437747164481606 11.17 2.107537362575276 0.5577474045724894 1e-15 -0.8321835001374174
230 0.9591276537339424 11.16 2.112077217969541 0.5594497009058521 1e-15 -0.8391929759820569
235 0.9744775215309551 11.14 2.112827299122946 0.5606531380839194 1e-15 -0.8449121506209436
240 0.9898243985320003 11.13 2.1168480991533913 0.562224774906097 1e-15 -0.8515958568960701
245 1.0051683601244752 11.12 2.1206009885957955 0.5637280186477801 1e-15 -0.8580967894564472
250 1.0205094785815183 11.11 2.1241837731648605 0.5651887081240606 1e-15 -0.8645288540682551
255 1.0358478232391746 11.1 2.127478384170773 0.5665752850889745 1e-15 -0.8707322739975365
260 1.0511834606608121 11.08 2.1272080177325114 0.567525852077494 1e-15 -0.8758211881813722
265 1.06651645478989 11.07 2.13036344131832 0.568881130062787 1e-15 -0.8821100990214094
270 1.0818468670920736 11.06 2.133177305041311 0.5701475679927661 1e-15 -0.8880744509690672
275 1.0971747566875902 11.05 2.1358165918984584 0.571369595646718 1e-15 -0.8939300242966632
280 1.1125001804746326 11.03 2.134977965585113 0.5721808694122403 1e-15 -0.8987229524292369
285 1.1278231932445366 11.02 2.137293755045464 0.5733212919188765 1e-15 -0.9043667870779132
290 1.1431438477893985 11.01 2.1392537798163707 0.5743682667729951 1e-15 -0.9096101756073343
295 1.1584621950027234 11.0 2.1413371081584276 0.5754502810908566 1e-15 -0.9151574224965127
300 1.1737782839736537 10.99 2.1432735288655786 0.5764947494851059 1e-15 -0.9206069911282139
305 1.1890921620752706 10.97 2.141601000399993 0.5770950936424255 1e-15 -0.9247021302817504
310 1.2044038750474124 10.96 2.143211154073316 0.5780559226530361 1e-15 -0.9298684630496025
315 1.2197134670744283 10.95 2.144810026923275 0.5790154612180108 1e-15 -0.9351360548502072
320 1.2350209808582346 10.94 2.1461102876903477 0.5798960666073348 1e-15 -0.9400312042256962
325 1.2503264576870197 10.93 2.147295681088874 0.58074721687784 1e-15 -0.9448437840933369
330 1.2656299374999072 10.92 2.148423715686975 0.5815843988415177 1e-15 -0.9496679210384171
335 1.2809314589478666 10.91 2.149442101370705 0.5823934060320262 1e-15 -0.9544115389897679
340 1.2962310594511337 10.89 2.1471087437792336 0.5828296124671438 1e-15 -0.9580947336016771
345 1.3115287752533809 10.88 2.14797371382193 0.5836003121402721 1e-15 -0.9627707517688496
350 1.3268246414728597 10.87 2.148546995374233 0.584293105736052 1e-15 -0.9670155847214561
355 1.3421186921507224 10.86 2.149218953597997 0.5850140348303128 1e-15 -0.9715433615821446
360 1.3574109602967062 10.85 2.1497066858849534 0.5856861005969919 1e-15 -0.9758239827251131
365 1.3727014779323576 10.84 2.150152473952578 0.5863479681217126 1e-15 -0.980122360219941
370 1.3879902761319551 10.83 2.1505556074370307 0.5869994152589492 1e-15 -0.9844375660606949
375 1.4032773850612785 10.82 2.1508326766045496 0.5876176251842692 1e-15 -0.9885997699587336
380 1.4185628340143617 10.81 2.1510705311837652 0.588226255362539 1e-15 -0.9927802027336181
385 1.433846651448356 10.8 2.1512684680085816 0.5888250867193024 1e-15 -0.9969779320986063
390 1.4491288650166216 10.79 2.151235971072183 0.5893618974223542 1e-15 -1.0007815519646046
395 1.4644095016001544 10.78 2.1511730479070392 0.5898913606300371 1e-15 -1.0046083033930822
400 1.4796885873374512 10.77 2.151078889763958 0.5904132338959138 1e-15 -1.0084572098552478
405 1.4949661476529084 10.76 2.1508828008363854 0.5909080739295927 1e-15 -1.0121675353660682
410 1.5102422072838348 10.75 2.1507258817373858 0.5914146056611015 1e-15 -1.0160593444546568
415 1.525516790306169 10.74 2.150436434294908 0.5918856035855046 1e-15 -1.019735135072959
420 1.540789920158971 10.73 2.150086417169502 0.5923407926965829 1e-15 -1.0233558447761244
425 1.5560616196677586 10.72 2.1497090236651277 0.5927892819151951 1e-15 -1.026999660530858
430 1.5713319110667578 10.72 2.1523712234231342 0.5935233921903489 1e-15 -1.0314417594166807
435 1.586600816020126 10.71 2.151846421364304 0.5939327180237612 1e-15 -1.034904903664654
440 1.6018683556422038 10.7 2.1512970904377537 0.5943360323939982 1e-15 -1.038392308410291
445 1.6171345505168544 10.69 2.1506390895408205 0.5947100511332442 1e-15 -1.0416799251449347
450 1.6323994207159354 10.68 2.1500139369669333 0.595093862239656 1e-15 -1.0451412635271655
455 1.6476629858169496 10.67 2.149232332517677 0.5954350484861471 1e-15 -1.0482598707337778
460 1.6629252649199269 10.66 2.148483600173486 0.5957859904674331 1e-15 -1.0515515588508073
465 1.6781862766635658 10.66 2.150841634558095 0.5964398860109118 1e-15 -1.055879397131437
470 1.6934460392406843 10.65 2.1499957223286823 0.5967651272190383 1e-15 -1.059077848219026
475 1.7087045704130104 10.64 2.149012459150669 0.5970528200360726 1e-15 -1.0619483365362568
480 1.7239618875253468 10.63 2.148082806425337 0.5973559625591512 1e-15 -1.065059207387867
485 1.7392180075191455 10.62 2.1470676505539865 0.5976358761875117 1e-15 -1.0679873615038724
490 1.7544729469455158 10.62 2.149166888431847 0.5982201986554775 1e-15 -1.0720281234658933
495 1.769726721977701 10.61 2.1481140744091163 0.5984906986342061 1e-15 -1.0750121310584373
500 1.784979348423046 10.6 2.1470034108340372 0.598745576196342 1e-15 -1.0778869923327328
