1e-15 0.21306317603041852 500 7.191023749934791e-48 -1783003.2030177808 1.0
0.010000000000001 0.2130636361921454 499.7780320959297 7.18914769138066e-09 -1779648.8555567232 0.9999978748340238
0.020000000000001003 0.21306485090365435 499.7594596518479 5.750691659698974e-08 -1779432.6085277281 0.9999915002620761
0.030000000000001 0.21306687017745993 499.74063685019496 1.9407977364538391e-07 -1779256.5639251056 0.9999808761877708
0.040000000000001 0.2130696962053292 499.71896428408866 4.600287061669153e-07 -1779081.2712938357 0.9999660030160604
0.050000000000001 0.21307332936935125 499.69360797866597 8.984681433776792e-07 -1778894.0536209035 0.9999468812156613
0.060000000000001004 0.21307776978397497 499.6641897612499 1.552504048926764e-06 -1778689.1564818085 0.9999235113598928
0.07000000000000099 0.21308301750005404 499.6305053026489 2.465231964747348e-06 -1778463.467252141 0.9998958941345687
0.080000000000001 0.21308907254991952 499.5924315897902 3.6797350324396293e-06 -1778215.1091462167 0.9998640303407997
0.090000000000001 0.21309593496064938 499.5498889241033 5.239082002549026e-06 -1777942.8634792052 0.9998279208963258
0.10000000000000099 0.21310360475877682 499.5028228852791 7.186325236836371e-06 -1777645.8953806027 0.9997875668362551
0.110000000000001 0.2131120819721938 499.45119484806594 9.564498706402084e-06 -1777323.6095688022 0.9997429693135134
0.120000000000001 0.21312136663099707 499.39497659812054 1.2416615987433403e-05 -1776975.5684179151 0.9996941295991245
0.130000000000001 0.21313145876789097 499.33414708623224 1.5785668255754385e-05 -1776601.4425707909 0.9996410490823913
0.14000000000000098 0.21314235841838894 499.26869037498426 1.9714622281016478e-05 -1776200.9797217646 0.9995837292710046
0.150000000000001 0.21315406562091693 499.198594287197 2.424641842115766e-05 -1775773.984026205 0.9995221717911045
0.160000000000001 0.21316658041686726 499.1238494862187 2.942396861762321e-05 -1775320.3021150695 0.9994563783873042
0.17000000000000098 0.21317990285062563 499.04444883211676 3.529015439175116e-05 -1774839.8132854563 0.9993863509226847
0.180000000000001 0.21319403296958386 498.96038691987616 4.1887824842663526e-05 -1774332.4224713226 0.9993120913787679
0.190000000000001 0.2132089708241441 498.8716597410369 4.9259794646960285e-05 -1773798.0551081165 0.9992336018554684
0.20000000000000098 0.21322471646771865 498.7782644310985 5.744884206048145e-05 -1773236.65327713 0.9991508845710303
0.210000000000001 0.21324126995672682 498.68019907779876 6.649770692237873e-05 -1772648.172791877 0.9990639418619497
0.220000000000001 0.21325863135059034 498.5774625734269 7.644908866172057e-05 -1772032.5809540285 0.9989727761828832
0.23000000000000098 0.2132768007117278 498.47005449952957 8.734564430684065e-05 -1771389.8547708057 0.9988773901065463
0.240000000000001 0.21329577810554864 498.35797503581483 9.922998649762917e-05 -1770719.9796080007 0.9987777863236001
0.250000000000001 0.2133155636004467 498.2412248873799 0.00011214468150095773 -1770022.948045241 0.9986739676425282
0.260000000000001 0.2133361572677938 498.11980522599083 0.00012613224722942196 -1769298.758995267 0.9985659369895049
0.270000000000001 0.2133575591819331 497.99371764226163 0.00014123515126358025 -1768547.416994038 0.9984536974082537
0.280000000000001 0.21337976942017245 497.8629641063746 0.00015749580887786276 -1767768.9315753388 0.9983372520598978
0.29000000000000103 0.2134027880627777 497.7275469355615 0.0001749565810703204 -1766963.3168099988 0.9982166042228019
0.30000000000000104 0.21342661519296616 497.58746876698143 0.00019365977259638088 -1766130.5908273999 0.9980917572924072
0.310000000000001 0.21345125089689973 497.4427325349423 0.00021364763000677594 -1765270.7755452641 0.9979627147810571
0.320000000000001 0.21347669526367835 497.293341451647 0.00023496233968980105 -1764383.8963213463 0.9978294803178172
0.330000000000001 0.2135029483853332 497.1392989908165 0.00025764602591806754 -1763469.981744646 0.9976920576482856
0.340000000000001 0.21353001035681993 496.98060887368024 0.0002817407488999046 -1762529.0633634941 0.9975504506343992
0.35000000000000103 0.2135578812760118 496.8172750569239 0.0003072885028355669 -1761561.1755740913 0.9974046632542296
0.36000000000000104 0.2135865612436929 496.6493017222659 0.0003343312139784026 -1760566.3553884681 0.9972546996017745
0.37000000000000105 0.21361605036355122 496.4766932673964 0.0003629107387011349 -1759544.6424008375 0.9971005638867406
0.380000000000001 0.21364634874217153 496.2994542980623 0.00039306886156740824 -1758496.0785023123 0.9969422604343214
0.390000000000001 0.2136774564890284 496.1175896211191 0.0004248472934087501 -1757420.707938547 0.9967797936849659
0.400000000000001 0.213709373716479 495.93110423840426 0.0004582876694070979 -1756318.5771403804 0.9966131681941436
0.41000000000000103 0.2137421005397558 495.7400033413095 0.0004934315471830387 -1755189.7346541858 0.9964423886320998
0.42000000000000104 0.21377563707695935 495.54429230595167 0.0005303204048899096 -1754034.2310220085 0.9962674597836073
0.43000000000000105 0.21380998344905058 495.3439766888571 0.0005689956393139045 -1752852.1187884423 0.9960883865477097
0.440000000000001 0.21384513977984343 495.13906222308793 0.0006094985639803327 -1751643.4524077699 0.9959051739374587
0.450000000000001 0.21388110619599707 494.9295548147512 0.0006518704072661732 -1750408.288169474 0.9957178270796458
0.460000000000001 0.2139178828270081 494.715460539839 0.0006961523105190691 -1749146.6842281022 0.9955263512145268
0.47000000000000103 0.21395546980520266 494.49678564135684 0.0007423853261829032 -1747858.7004194385 0.9953307516955402
0.48000000000000104 0.21399386726572836 494.2735365267031 0.0007906104159300965 -1746544.3983754674 0.9951310339890197
0.49000000000000105 0.21403307534654606 494.04571976526773 0.0008408684488007714 -1745203.84136631 0.9949272036739005
0.500000000000001 0.21407309418842166 493.8133420862235 0.0008932001993489175 -1743837.094325506 0.9947192664414193
0.510000000000001 0.21411392393491757 493.57641037648546 0.0009476463457956999 -1742444.2238330843 0.9945072280948078
0.520000000000001 0.2141555647323842 493.3349316788192 0.0010042474681900477 -1741025.298045827 0.994291094548981
0.530000000000001 0.2141980167299512 493.08891319007967 0.0010630440465766592 -1739580.386661814 0.9940708718302187
0.540000000000001 0.21424128007951865 492.83836225956514 0.00112407645917156 -1738109.5609317448 0.9938465660758415
0.550000000000001 0.214285354935748 492.5832863874738 0.00118738498054535 -1736612.8936464123 0.9936181835338808
0.560000000000001 0.21433024145605303 492.32369322344994 0.0012530097798142718 -1735090.459042403 0.993385730562742
0.5700000000000011 0.21437593980059055 492.05959056521084 0.001320990918839235 -1733542.3328782697 0.9931492136308637
0.5800000000000011 0.21442245013225095 491.7909863572442 0.001391368350432929 -1731968.5923338013 0.992908639316369
0.590000000000001 0.21446977261664862 491.5178886895689 0.0014641819165751553 -1730369.3160089613 0.992664014306712
0.600000000000001 0.2145179074221123 491.24030579655187 0.0015394713466365085 -1728744.5839377237 0.9924153453983191
0.610000000000001 0.21456685471967515 490.9582460557745 0.0016172762556105381 -1727094.4775594717 0.9921626394962231
0.620000000000001 0.2146166146830648 490.67171798694403 0.001697636142354518 -1725419.0796432295 0.9919059036136926
0.630000000000001 0.21466718748869315 490.3807302508438 0.0017805903878389511 -1723718.4743689117 0.9916451448718555
0.640000000000001 0.2147185733156461 490.08529164831884 0.0018661782534059377 -1721992.7472506831 0.9913803704993173
0.650000000000001 0.214770772345673 489.78541111929314 0.0019544388790365295 -1720241.985063348 0.9911115878317724
0.660000000000001 0.21482378476317612 489.48109774181415 0.002045411281627198 -1718466.2760258499 0.990838804311612
0.670000000000001 0.21487761075519993 489.1723607311223 0.0021391343532755395 -1716665.70956519 0.9905620274875239
0.680000000000001 0.21493225051141998 488.85920943874237 0.0022356468595753367 -1714840.376396498 0.9902812650140895
0.6900000000000011 0.21498770422413208 488.54165335159456 0.002334987437921103 -1712990.368523656 0.989996524651373
0.7000000000000011 0.21504397208824086 488.21970209112254 0.002437194595822229 -1711115.7792175356 0.9897078142645069
0.7100000000000011 0.21510105430124848 487.8933654124369 0.0025423067092268433 -1709216.7029894434 0.9894151418232708
0.720000000000001 0.21515895106324315 487.5626532034718 0.002650362020855522 -1707293.2356061998 0.989118515401666
0.730000000000001 0.21521766257688732 487.22757548415393 0.002761398638544946 -1705345.4739594448 0.988817943177484
0.740000000000001 0.21527718904740586 486.8881424055811 0.0028754545336016368 -1703373.5162943078 0.9885134334318697
0.750000000000001 0.21533753068257416 486.54436424921056 0.0029925675391658767 -1701377.461882919 0.9882049945488803
0.760000000000001 0.2153986876927058 486.1962514260546 0.0031127753485859348 -1699357.4113081244 0.987892635015038
0.770000000000001 0.21546066029064032 485.84381447588305 0.0032361155138027047 -1697313.4662457337 0.9875763634188776
0.780000000000001 0.2155234486917308 485.48706406643174 0.003362625443744872 -1695245.7295499588 0.9872561884504896
0.790000000000001 0.2155870531138311 485.1260109926155 0.0034923424027347195 -1693154.305257331 0.9869321189010583
0.800000000000001 0.21565147377728322 484.76066617574514 0.0036253035089046782 -1691039.298471264 0.9866041636623932
0.810000000000001 0.21571671090490413 484.3910406627483 0.003761545732624738 -1688900.8154259238 0.9862723317264585
0.8200000000000011 0.21578276472197291 484.0171456253922 0.003901105894940819 -1686738.9634836463 0.9859366321848937
0.8300000000000011 0.21584963545621735 483.63899235950885 0.004044020666024214 -1684553.8511042192 0.9855970742285332
0.840000000000001 0.21591732333780053 483.2565922842218 0.0041903265636322054 -1682345.5877858074 0.9852536671469178
0.850000000000001 0.2159858285993073 482.8699569411737 0.004340059951579963 -1680114.2841547376 0.9849064203278038
0.860000000000001 0.2160551514757304 482.47909799375435 0.004493257038223817 -1677860.0518566102 0.9845553432566657
0.870000000000001 0.2161252922044568 482.084027226329 0.004649953874956026 -1675583.003567803 0.9842004455161947
0.880000000000001 0.21619625102525344 481.6847565434664 0.004810186354711114 -1673283.2530304512 0.9838417367857925
0.890000000000001 0.21626802818025304 481.281297969166 0.004973990210483899 -1670960.9149936882 0.9834792268410605
0.900000000000001 0.21634062391393982 480.8736636460848 0.005141401013859298 -1668616.1052441346 0.9831129255532843
0.910000000000001 0.21641403847313492 480.46186583476225 0.005312454173554011 -1666248.9404913958 0.9827428428889136
0.920000000000001 0.21648827210698166 480.0459169128442 0.005487184933970175 -1663859.5385664392 0.9823689889090371
0.930000000000001 0.21656332506693074 479.6258293743052 0.0056656283737610835 -1661448.0181134525 0.981991373768854
0.9400000000000011 0.21663919760672523 479.20161582866876 0.0058478194044090685 -1659014.4988480634 0.9816100077171399
0.9500000000000011 0.21671588998238542 478.77328900022536 0.006033792768815629 -1656559.101376068 0.9812249010957088
0.9600000000000011 0.2167934024521934 478.3408617272486 0.0062235830399039 -1654081.9472724476 0.9808360643388709
0.970000000000001 0.21687173527667766 477.90434696120855 0.0064172246192335585 -1651583.1590390138 0.9804435079728857
0.980000000000001 0.21695088871859744 477.46375776598313 0.006614751735628235 -1649062.8601125528 0.980047242615411
0.990000000000001 0.21703086304292687 477.019107317066 0.006816198443815539 -1646521.1747366583 0.9796472789749475
1.000000000000001 0.21711165851683908 476.5704089007726 0.0070215986230797705 -1643958.2281142643 0.9792436278502795
1.0100000000000011 0.21719327540969 476.1176759134424 0.0072309859759274 -1641374.1464019865 0.9788363001299113
1.0200000000000011 0.21727571399300208 475.66092186063895 0.007444394026765411 -1638769.0564407122 0.9784253067914995
1.030000000000001 0.21735897454044797 475.20016035634666 0.007661856120592571 -1636143.0860973124 0.9780106589012809
1.040000000000001 0.21744305732783376 474.73540512216414 0.007883405421703729 -1633496.3639405565 0.9775923676134973
1.050000000000001 0.2175279626330823 474.26666998649495 0.008109074912407194 -1630829.01946322 0.9771704441698151
1.060000000000001 0.2176136907362163 473.7939688837346 0.008338897391755296 -1628141.1829565743 0.9767448998987425
1.070000000000001 0.21770024191934126 473.3173158534547 0.008572905474288196 -1625432.985475793 0.9763157462150407
1.080000000000001 0.2177876164666281 472.8367250395838 0.008811131588791002 -1622704.5589001498 0.975882994619134
1.090000000000001 0.2178758146642959 472.3522106895846 0.009053607977064303 -1619956.0358809943 0.9754466566965134
1.100000000000001 0.2179648368005944 471.8637871536279 0.009300366692708147 -1617187.5498397623 0.975006744117139
1.110000000000001 0.21805468316578608 471.37146888376395 0.009551439599919578 -1614399.234937874 0.9745632686348358
1.120000000000001 0.2181453540521285 470.87527043308916 0.009806858372303755 -1611591.226142186 0.9741162420866895
1.130000000000001 0.21823684975385618 470.3752064549104 0.01006665449169877 -1608763.6590213838 0.9736656763924351
1.140000000000001 0.21832917056716236 469.8712917019059 0.010330859247014181 -1605916.669964571 0.9732115835538444
1.1500000000000008 0.21842231679018076 469.3635410252819 0.01059950373308337 -1603050.3960859838 0.9727539756541093
1.1600000000000008 0.21851628872296702 468.8519693739273 0.010872618849529753 -1600164.9751115541 0.972292864857221
1.1700000000000008 0.21861108666748008 468.33659179356385 0.01115023529964693 -1597260.545484042 0.9718282634073472
1.1800000000000008 0.21870671092756333 467.81742342589354 0.011432383589292822 -1594337.2463620964 0.9713601836282044
1.1900000000000008 0.21880316180892562 467.29447950774255 0.011719094025797855 -1591395.217434003 0.9708886379224283
1.2000000000000008 0.21890043961912214 466.76777537020206 0.012010396716887252 -1588434.5991620962 0.9704136387709397
1.2100000000000009 0.21899854466753518 466.23732643776555 0.012306321569617492 -1585455.5325568316 0.9699351987323083
1.2200000000000009 0.21909747726535464 465.703148227463 0.012606898289326983 -1582458.1592938362 0.9694533304421129
1.2300000000000009 0.2191972377255584 465.16525634799194 0.012912156378601004 -1579442.621641244 0.9689680466122984
1.2400000000000009 0.21929782636289263 464.62366649884535 0.013222125136250984 -1576409.0624686189 0.9684793600305298
1.2500000000000009 0.2193992434938518 464.0783944694362 0.01353683365630814 -1573357.625200389 0.9679872835595431
1.260000000000001 0.21950148943665862 463.5294561382192 0.01385631082703154 -1570288.4538121938 0.9674918301364943
1.270000000000001 0.2196045645112439 462.97686747180916 0.014180585329930653 -1567201.6928910832 0.9669930127723034
1.280000000000001 0.21970846903922606 462.42064452409676 0.014509685638802394 -1564097.4875315449 0.9664908445509979
1.290000000000001 0.21981320334389057 461.8608034353608 0.014843640018782751 -1560975.9833430557 0.9659853386290518
1.300000000000001 0.21991876775016939 461.29736043137814 0.015182476525413 -1557837.3265089346 0.965476508234723
1.310000000000001 0.22002516258461996 460.7303318225301 0.015526223003720583 -1554681.663659168 0.9649643666673868
1.320000000000001 0.22013238817540431 460.15973400290665 0.015874907087314667 -1551509.1419852795 0.9644489272968685
1.330000000000001 0.22024044485226785 459.58558344940724 0.016228556197496427 -1548319.9090603832 0.9639302035627713
1.340000000000001 0.220349332946518 459.00789672083937 0.0165871975423841 -1545114.1130358644 0.9634082089738037
1.350000000000001 0.22045905279100286 458.4266904570142 0.016950858116052837 -1541891.9024168625 0.962882957107103
1.360000000000001 0.2205696047200894 457.84198137783955 0.017319564697689388 -1538653.4262307144 0.9623544616075572
1.370000000000001 0.22068098906964181 457.2537862824104 0.017693343850761666 -1535398.8338768822 0.9618227361871239
1.380000000000001 0.22079320617699955 456.6621220480967 0.0180722219222032 -1532128.2751998734 0.9612877946241473
1.390000000000001 0.22090625638095518 456.0670056296291 0.01845622504161251 -1528841.900451729 0.9607496507626729
1.4000000000000008 0.2210201400217322 455.4684540581817 0.01884537912046748 -1525539.8602313618 0.9602083185117601
1.4100000000000008 0.22113485744096265 454.86648444045295 0.01923970985135468 -1522222.3055849455 0.959663811844792
1.4200000000000008 0.2212504089816645 454.2611139577439 0.019639242707213705 -1518889.3878969436 0.959116144798784
1.4300000000000008 0.22136679498821907 453.6523598650343 0.02004400294059658 -1515541.258877329 0.9585653314736895
1.4400000000000008 0.221484015806348 453.0402394900569 0.0204540155829422 -1512178.0706266619 0.9580113860317043
1.4500000000000008 0.22160207178309035 452.4247702323687 0.020869305443865848 -1508799.9755270376 0.9574543226965685
1.4600000000000009 0.2217209632667795 451.80596956242135 0.02128989711046384 -1505407.126326026 0.9568941557528668
1.4700000000000009 0.22184069060701975 451.1838550206286 0.021715814946633282 -1501999.6760032498 0.9563308995453272
1.4800000000000009 0.22196125415466283 450.5584442164322 0.022147083092406945 -1498577.777913714 0.955764568478117
1.4900000000000009 0.22208265426178442 449.92975482736585 0.022583725463303325 -1495141.5856912886 0.955195177014138
1.5000000000000009 0.22220489128166024 449.29780459811747 0.023025765749691854 -1491691.2531156933 0.9546227396743198
1.510000000000001 0.2223279655687423 448.66261133958955 0.023473227416173297 -1488226.9343674611 0.954047271036911
1.520000000000001 0.22245187747863465 448.0241929279579 0.023926133700975342 -1484748.7837626843 0.9534687857367693
1.530000000000001 0.22257662736806938 447.3825673037289 0.024384507615363395 -1481256.9559045539 0.9528872984646501
1.540000000000001 0.22270221559488207 446.73775247079465 0.024848371943066577 -1477751.6055931752 0.9523028239664932
1.550000000000001 0.2228286425179874 446.0897664954877 0.02531774923971896 -1474232.8878543451 0.9517153770427083
1.560000000000001 0.22295590849735444 445.4386275056332 0.02579266183231601 -1470700.9578952582 0.9511249725474593
1.570000000000001 0.2230840138939819 444.7843536896004 0.026273131818686263 -1467155.971076973 0.9505316253879472
1.580000000000001 0.22321295906987307 444.1269632953527 0.026759181066978235 -1463598.0829698488 0.9499353505236914
1.590000000000001 0.22334274438801086 443.4664746294964 0.02725083121516257 -1460027.449265151 0.9493361629658102
1.600000000000001 0.22347337021233243 442.80290605632837 0.02774810367054942 -1456444.2258587508 0.9487340777763005
1.610000000000001 0.2236048369077039 442.1362759968825 0.02825101960932104 -1452848.5687022049 0.9481291100673145
1.620000000000001 0.22373714483989476 441.4666029279755 0.028759599976079634 -1449240.6338879764 0.9475212750004386
1.630000000000001 0.22387029437555211 440.79390538125114 0.029273865483410422 -1445620.5776969478 0.9469105877859678
1.640000000000001 0.22400428588217497 440.11820194222423 0.02979383661145992 -1441988.556394433 0.9462970636821821
1.6500000000000008 0.22413911972808823 439.43951124932335 0.03031953360752944 -1438344.7263490653 0.9456807179946197
1.6600000000000008 0.22427479628241653 438.757851992933 0.030850976485683777 -1434689.244070885 0.9450615660753509
1.6700000000000008 0.22441131591505806 438.0732429144351 0.031388185026375116 -1431022.2660632627 0.9444396233222504
1.6800000000000008 0.224548678996658 437.38570280524976 0.031931178776082106 -1427343.9488815966 0.9438149051782697
1.6900000000000008 0.22468688589858218 436.69525050587555 0.0324799770469641 -1423654.4491576946 0.9431874271307075
1.7000000000000008 0.2248259369928902 436.00190490492935 0.03303459891653057 -1419953.9235001456 0.9425572047104805
1.7100000000000009 0.2249658326523087 435.3056849381857 0.03359506322732565 -1416242.5286178342 0.9419242534913937
1.7200000000000009 0.2251065732502044 434.60660958761605 0.0341613885866278 -1412520.421099819 0.9412885890894095
1.7300000000000009 0.22524815916055685 433.90469788042714 0.0347335933661646 -1408787.757567818 0.9406502271619163
1.7400000000000009 0.22539059075793136 433.19996888809993 0.03531169570184259 -1405044.6946858035 0.9400091834069976
1.7500000000000009 0.22553386841745143 432.4924417254279 0.035895713493492215 -1401291.3890108552 0.9393654735627001
1.760000000000001 0.22567799251477133 431.7821355495554 0.03648566440462781 -1397527.9971034417 0.9387191134063011
1.770000000000001 0.22582296342604838 431.0690695590161 0.03708156586222259 -1393754.6754438812 0.9380701187535765
1.780000000000001 0.22596878152791508 430.3532629927713 0.037683435056498626 -1389971.5804036823 0.9374185054580679
1.790000000000001 0.2261154471974513 429.6347351292486 0.03829128894073183 -1386178.868342497 0.9367642894103498
1.800000000000001 0.22626296081215602 428.9135052853806 0.038905144231071866 -1382376.6955282127 0.9361074865372968
1.810000000000001 0.22641132274991924 428.18959281564406 0.03952501740637693 -1378565.218073949 0.9354481128013505
1.820000000000001 0.22656053338899348 427.4630171110991 0.0401509247080635 -1374744.5920077923 0.9347861841997864
1.830000000000001 0.22671059310796546 426.7337975984291 0.04078288213997089 -1370914.9732967908 0.9341217167639813
1.840000000000001 0.2268615022857273 426.00195373898094 0.041420905468240586 -1367076.5176508233 0.9334547265586798
1.850000000000001 0.22701326130144783 425.26750502780595 0.04206501022121045 -1363229.3807342937 0.9327852296812624
1.860000000000001 0.22716587053454368 424.530470992701 0.042715211689323636 -1359373.7180105667 0.9321132422610122
1.870000000000001 0.22731933036465019 423.7908711932508 0.043371524925052175 -1355509.684745706 0.9314387804583831
1.880000000000001 0.2274736411715923 423.0487252198708 0.044033964742835344 -1351637.4361000296 0.9307618604642676
1.890000000000001 0.22762880333535526 422.30405269285063 0.044702545719032566 -1347757.1270175646 0.930082498499265
1.9000000000000008 0.22778481723605515 421.5568732613988 0.04537728219189097 -1343868.9122558653 0.9294007108129505
1.9100000000000008 0.22794168325390932 420.807206602688 0.0460581882615275 -1339972.9463282842 0.9287165136831441
1.9200000000000008 0.22809940176920668 420.0550724209017 0.0467452777899255 -1336069.3834705956 0.9280299234151802
1.9300000000000008 0.22825797316227797 419.30049044628163 0.04743856440094583 -1332158.3778848257 0.9273409563411783
1.9400000000000008 0.22841739781346568 418.54348043417656 0.048138061480352344 -1328240.0833533301 0.9266496288193131
1.9500000000000008 0.22857767610309404 417.784062164092 0.04884378217585181 -1324314.6534794003 0.9259559572330867
1.9600000000000009 0.22873880841143882 417.02225543874164 0.049555739397148094 -1320382.241559572 0.9252599579905998
1.9700000000000009 0.2289007951186969 416.2580800830995 0.050273945816010704 -1316443.0006853715 0.9245616475238255
1.9800000000000009 0.229063636604956 415.4915559434543 0.05099841386635748 -1312497.0836097205 0.9238610422878826
1.9900000000000009 0.2292273332501638 414.7227028864643 0.05172915574435153 -1308544.642807309 0.9231581587603096
2.000000000000001 0.2293918854340976 413.95154079821464 0.052466183408512286 -1304585.8304930443 0.922453013440341
2.010000000000001 0.2295572935363331 413.1780895832757 0.053209508579840595 -1300620.79852346 0.921745622848183
2.020000000000001 0.22972355793621374 412.4023691637633 0.0539591427419579 -1296649.698446855 0.9210360035242906
2.0300000000000007 0.2298906790128194 411.62439947840033 0.054715097141259314 -1292672.681429121 0.9203241720286464
2.040000000000001 0.23005865714493537 410.8442004815808 0.05547738278708067 -1288689.8984092353 0.9196101449400396
2.0500000000000007 0.23022749271102094 410.06179214243514 0.056246010451879366 -1284701.4999175807 0.9188939388553468
2.060000000000001 0.23039718608917792 409.27719444389766 0.057020990671429045 -1280707.6361261136 0.9181755703888134
2.0700000000000007 0.23056773765711916 408.49042738177604 0.05780233374502799 -1276708.4568288415 0.9174550561713365
2.080000000000001 0.23073914779213678 407.70151096382267 0.058590049735721184 -1272704.11144083 0.916732412849749
2.0900000000000007 0.23091141687107045 406.9104652088083 0.05938414847053599 -1268694.7490034536 0.9160076570861054
2.100000000000001 0.23108454527027544 406.1173101455977 0.06018463954073139 -1264680.5181765992 0.9152808055569679
2.1100000000000008 0.23125853336559055 405.3220658122275 0.06099153230206067 -1260661.56716362 0.9145518749526949
2.120000000000001 0.231433381532306 404.52475225498654 0.06180483587504755 -1256638.0438498226 0.9138208819767306
2.130000000000001 0.23160909014513117 403.72538952749835 0.06262455914527568 -1252610.0955643386 0.9130878433448963
2.140000000000001 0.23178565957816222 402.92399768980613 0.06345071076369137 -1248577.8693278746 0.9123527757846828
2.150000000000001 0.23196309020484954 402.12059680746006 0.06428329914691956 -1244541.5116723012 0.9116156960345442
2.160000000000001 0.2321413823979652 401.31520695060743 0.06512233247759297 -1240501.1686516998 0.9108766208431942
2.170000000000001 0.23232053652957027 400.507848193085 0.06596781870469426 -1236456.9859016186 0.9101355669689037
2.180000000000001 0.23250055297098196 399.69854061151426 0.06681976554391125 -1232409.1085979925 0.9093925511787994
2.190000000000001 0.23268143209274064 398.8873042843991 0.06767818047800504 -1228357.681446206 0.908647590248165
2.200000000000001 0.23286317426457687 398.0741592912266 0.06854307075719099 -1224302.848603834 0.907900700959744
2.210000000000001 0.2330457798553782 397.2591257115704 0.06941444339953251 -1220244.753780084 0.9071519001030439
2.220000000000001 0.23322924923315597 396.4422236241969 0.07029230519134752 -1216183.5402520185 0.906401204473643
2.230000000000001 0.2334135827650119 395.6234731061747 0.0711766626876276 -1212119.350643505 0.9056486308724984
2.240000000000001 0.23359878081710467 394.8028942319864 0.0720675222124696 -1208052.3272319194 0.9048941961052562
2.250000000000001 0.23378484375461628 393.9805070726442 0.0729648898595199 -1203982.6116548649 0.9041379169815644
2.260000000000001 0.23397177194171845 393.156331694808 0.07386877149243082 -1199910.3450547026 0.9033798103143862
2.270000000000001 0.23415956574153882 392.330388159907 0.07477917274532958 -1195835.6680620757 0.9026198929193172
2.2800000000000007 0.23434822551612705 391.5026965232642 0.07569609902329942 -1191758.720727686 0.9018581816139036
2.290000000000001 0.23453775162642093 390.6732768332246 0.07661955550287283 -1187679.6425319714 0.901094693216963
2.3000000000000007 0.23472814443221218 389.84214913028603 0.07754954713253691 -1183598.5724356654 0.900329444547907
2.310000000000001 0.2349194042921124 389.00933344623417 0.07848607863325072 -1179515.6488418828 0.8995624524260665
2.3200000000000007 0.23511153156351872 388.1748498032802 0.07942915449897452 -1175431.0095730154 0.898793733670019
2.330000000000001 0.23530452660257953 387.3387182132025 0.08037877899721085 -1171344.791832766 0.8980233050969185
2.3400000000000007 0.2354983897641599 386.50095867649156 0.08133495616955738 -1167257.1322763145 0.8972511835218273
2.350000000000001 0.23569312140180715 385.6615911814984 0.08229768983227133 -1163168.167017472 0.8964773857570505
2.3600000000000008 0.23588872186771612 384.8206357035871 0.08326698357684556 -1159078.0313955718 0.895701928611473
2.370000000000001 0.2360851915126945 383.97811220429014 0.08424284077059607 -1154986.8602679302 0.8949248288898989
2.380000000000001 0.23628253068612795 383.1340406304686 0.08522526455726091 -1150894.7879131814 0.8941461033923929
2.390000000000001 0.23648073973594524 382.2884409134748 0.0862142578576104 -1146801.9478887354 0.8933657689136253
2.400000000000001 0.23667981900858323 381.44133296832 0.08720982337006859 -1142708.4731794184 0.8925838422422187
2.410000000000001 0.2368797688489518 380.59273669284516 0.08821196357134577 -1138614.4961751252 0.8918003401600971
2.420000000000001 0.23708058960039857 379.74267196689584 0.08922068071708206 -1134520.1485662786 0.8910152794418396
2.430000000000001 0.23728228160467385 378.89115865150126 0.09023597684250198 -1130425.5613798143 0.8902286768540334
2.440000000000001 0.23748484520189508 378.038216588057 0.0912578537630798 -1126330.865050595 0.8894405491546328
2.450000000000001 0.23768828073051157 377.1838655975122 0.09228631307521562 -1122236.1893010214 0.8886509130923193
2.460000000000001 0.2378925885272689 376.3281254795602 0.09332135615692226 -1118141.6632262177 0.8878597854058643
2.470000000000001 0.2380977689271734 375.4710160118342 0.09436298416852254 -1114047.4152844553 0.887067182823496
2.480000000000001 0.23830382226345645 374.61255694910636 0.09541119805335713 -1109953.5731114356 0.8862731220622672
2.490000000000001 0.23851074886753873 373.7527680224914 0.09646599853850273 -1105860.2638862557 0.885477619827428
2.500000000000001 0.23871854906899442 372.8916689386547 0.09752738613550062 -1101767.6139272002 0.8846806928118001
2.510000000000001 0.23892722319551532 372.02927937902416 0.09859536114109527 -1097675.7489616242 0.8838823576951542
2.520000000000001 0.23913677157287488 371.16561899900717 0.09966992363798312 -1093584.7939309685 0.883082631143591
2.5300000000000007 0.23934719452489217 370.3007074272113 0.10075107349557133 -1089494.873149724 0.8822815298089246
2.540000000000001 0.23955849237339574 369.4345642646698 0.10183881037074638 -1085406.1101654787 0.8814790703280693
2.5500000000000007 0.23977066543818748 368.5672090840716 0.10293313370865254 -1081318.627894861 0.8806752693224295
2.560000000000001 0.23998371403700633 367.6986614289955 0.10403404274347995 -1077232.5484711197 0.8798701433972921
2.5700000000000007 0.24019763848549203 366.8289408131494 0.10514153649926239 -1073147.9933224733 0.879063709141223
2.580000000000001 0.24041243909714866 365.95806671961395 0.1062556137906844 -1069065.0831679746 0.8782559831254662
2.5900000000000007 0.24062811618330823 365.08605860009044 0.10737627322389795 -1064983.9379647663 0.8774469819033459
2.600000000000001 0.2408446700530942 364.2129358741541 0.10850351319734827 -1060904.6769850177 0.8766367220096727
2.6100000000000008 0.2410621010133849 363.3387179285115 0.10963733190260898 -1056827.4187246615 0.8758252199601515
2.620000000000001 0.24128040936877684 362.4634241162633 0.11077772732522619 -1052752.2809426365 0.8750124922507947
2.630000000000001 0.24149959542154806 361.58707375617087 0.11192469724557169 -1048679.380649414 0.8741985553573373
2.640000000000001 0.24171965947162138 360.7096861319289 0.11307823923970498 -1044608.8341462937 0.8733834257346551
2.650000000000001 0.24194060181652763 359.831280491442 0.11423835068024402 -1040540.7569496495 0.8725671198161878
2.660000000000001 0.24216242275136868 358.9518760461065 0.11540502873724477 -1036475.2637531358 0.8717496540133645
2.670000000000001 0.24238512256878064 358.0714919700974 0.11657827037908924 -1032412.4685432136 0.8709310447150315
2.680000000000001 0.24260870155889686 357.19014739965957 0.11775807237338196 -1028352.484558054 0.8701113082868862
2.690000000000001 0.24283316000931085 356.30786143240505 0.11894443128785487 -1024295.4242613286 0.8692904610709125
2.700000000000001 0.24305849820503928 355.4246531266144 0.12013734349128051 -1020241.3993583238 0.8684685193848196
2.710000000000001 0.2432847164284848 354.5405415005435 0.12133680515439324 -1016190.5207326852 0.8676454995214861
2.720000000000001 0.24351181495939891 353.6555455317357 0.1225428122508186 -1012142.8985144004 0.866821417748405
2.730000000000001 0.2437397940748448 352.7696841563385 0.12375536055801059 -1008098.6420413287 0.8659962903071352
2.740000000000001 0.24396865404916002 351.8829762684259 0.12497444565819676 -1004057.859828644 0.8651701334127541
2.750000000000001 0.24419839515391914 350.9954407193258 0.1262000629393311 -1000020.6597095269 0.8643429632533153
2.760000000000001 0.24442901765789654 350.1070963169525 0.12743220759605434 -995987.1485830271 0.8635147959893094
2.770000000000001 0.24466052182702894 349.21796182514447 0.12867087463066212 -991957.4326809663 0.8626856477531284
2.7800000000000007 0.24489290792437798 348.32805596300756 0.12991605885408028 -987931.6173591806 0.8618555346485341
2.790000000000001 0.24512617621009286 347.4373974042633 0.13116775488684748 -983909.8072184977 0.8610244727501299
2.8000000000000007 0.24536032694137272 346.54600477660273 0.13242595716010516 -979892.1060041124 0.8601924781028365
2.810000000000001 0.2455953603724292 345.6538966610452 0.13369065991659443 -975878.6167212108 0.8593595667213713
2.8200000000000007 0.24583127675444888 344.76109159130317 0.13496185721166 -971869.4415061766 0.8585257545897313
2.830000000000001 0.2460680763355556 343.8676080531518 0.1362395429142611 -967864.6817173401 0.8576910576606805
2.8400000000000007 0.24630575936077304 342.97346448380426 0.13752371070798886 -963864.4379165446 0.8568554918552401
2.850000000000001 0.24654432607198687 342.07867927129263 0.13881435409209064 -959868.8098194039 0.8560190730621836
2.8600000000000008 0.2467837767079072 341.1832707538539 0.14011146638250074 -955877.8963507939 0.8551818171375347
2.870000000000001 0.2470241115040308 340.2872572193217 0.14141504071287764 -951891.7956045178 0.8543437399040699
2.880000000000001 0.24726533069260356 339.3906569045236 0.1427250700356475 -947910.6048347041 0.8535048571508241
2.890000000000001 0.24750743450258253 338.4934879946838 0.14404154712305384 -943934.4205146378 0.8526651846326017
2.900000000000001 0.24775042315959828 337.5957686228314 0.14536446456821348 -939963.3382637427 0.8518247380694892
2.910000000000001 0.24799429688591712 336.6975168692143 0.14669381478617835 -935997.4529333393 0.8509835331463739
2.920000000000001 0.2482390559004033 335.7987507607189 0.14802959001500327 -932036.8584653778 0.8501415855124655
2.930000000000001 0.24848470041848114 334.89948827029485 0.14937178231681938 -928081.6479970594 0.849298910780822
2.940000000000001 0.24873123065209735 333.99974731638605 0.15072038357891349 -924131.9138548032 0.8484555245278788
2.950000000000001 0.24897864680968304 333.099545762367 0.15207538551481273 -920187.7475786712 0.8476114422929831
2.960000000000001 0.24922694909611598 332.19890141598484 0.15343677966537483 -916249.2397849148 0.8467666795779315
2.970000000000001 0.24947613771268273 331.2978320288072 0.1548045573998837 -912316.4803534033 0.8459212518465115
2.980000000000001 0.24972621285704072 330.39635529567556 0.1561787099171502 -908389.5582272874 0.8450751745240471
2.990000000000001 0.24997717472318048 329.4944888541645 0.15755922824661817 -904468.5615926968 0.8442284629969493
3.000000000000001 0.2502290235013877 328.59225028404666 0.15894610324947533 -900553.5777813774 0.8433811326122691
3.010000000000001 0.25048175937820544 327.6896571067633 0.1603393256197692 -896644.6933179275 0.8425331986772562
3.020000000000001 0.2507353825363961 326.7867267849009 0.1617388858855278 -892741.9938590477 0.8416846764589201
3.0300000000000007 0.2509898931549038 325.8834767216733 0.16314477440988492 -888845.5641994884 0.8408355811835972
3.040000000000001 0.25124529140881624 324.9799242604096 0.16455698139221034 -884955.4883358534 0.8399859280365204
3.0500000000000007 0.25150157746932705 324.0760866840481 0.16597549686924407 -881071.8494188755 0.8391357321613933
3.060000000000001 0.2517587515036979 323.1719812146361 0.16740031071623523 -877194.7297768539 0.838285008659969
3.0700000000000007 0.2520168136752206 322.2676250128349 0.1688314126480852 -873324.2108744319 0.8374337725916325
3.080000000000001 0.25227576414317926 321.3630351774314 0.17026879222049487 -869460.3733635223 0.8365820389729873
3.0900000000000007 0.2525356030628124 320.45822874485526 0.17171243883111587 -865603.2970161707 0.8357298227774465
3.100000000000001 0.25279633058527545 319.5532226887016 0.17316234172070588 -861753.0608013158 0.8348771389348273
3.1100000000000008 0.2530579468576026 318.6480339192602 0.1746184899742877 -857909.7428844806 0.8340240023309511
3.120000000000001 0.2533204520226692 317.7426792830497 0.17608087252231197 -854073.4205381975 0.8331704278072458
3.130000000000001 0.25358384621915386 316.83717556235894 0.17754947814182379 -850244.1702279701 0.8323164301603542
3.140000000000001 0.253848129581501 315.93153947479266 0.17902429545763243 -846422.067557034 0.8314620241417451
3.150000000000001 0.2541133022398828 315.0257876728244 0.18050531294348487 -842607.1872817905 0.8306072244573296
3.160000000000001 0.25437936432016184 314.11993674335434 0.18199251892324236 -838799.6033504212 0.8297520457670812
3.170000000000001 0.254646315943853 313.2140032072739 0.18348590157206024 -834999.3889018082 0.82889650268466
3.180000000000001 0.25491415722808625 312.3080035190354 0.1849854489175709 -831206.6161927091 0.8280406097770414
3.190000000000001 0.25518288828556884 311.40195406622837 0.1864911488410698 -827421.3566505098 0.8271843815641489
3.200000000000001 0.2554525092245477 310.4958711691611 0.1880029890787041 -823643.6809224443 0.8263278325184906
3.210000000000001 0.255723020148772 309.58977108044866 0.18952095722266438 -819873.6587582061 0.8254709770648014
3.220000000000001 0.2559944211574556 308.68366998460664 0.19104504072237877 -816111.3591500889 0.8246138295796878
3.230000000000001 0.25626671234523934 307.77758399765065 0.19257522688570983 -812356.8501352929 0.8237564043912773
3.240000000000001 0.25653989380215414 306.871529166702 0.19411150288015383 -808610.1990455305 0.8228987157788733
3.250000000000001 0.25681396561358316 305.965521469599 0.19565385573404231 -804871.4723283253 0.8220407779726127
3.260000000000001 0.25708892786022447 305.0595768145148 0.19720227233774607 -801140.7356164287 0.8211826051531281
3.270000000000001 0.25736478061805396 304.1537110395801 0.19875673944488106 -797418.0537356772 0.8203242114512151
3.2800000000000007 0.257641523958288 303.2479399125129 0.20031724367351664 -793703.490643075 0.8194656109475029
3.290000000000001 0.257919157947346 302.3422791302534 0.20188377150738543 -789997.109507029 0.8186068176721295
3.3000000000000007 0.2581976826468136 301.4367443186053 0.20345630929709535 -786298.9727378715 0.8177478456044209
3.310000000000001 0.2584770981134053 300.53135103188254 0.20503484326134316 -782609.141777489 0.8168887086725756
3.3200000000000007 0.2587574043989275 299.6261147525624 0.20661935948812973 -778927.6773730734 0.8160294207533516
3.330000000000001 0.2590386015502415 298.7210508909443 0.20820984393597686 -775254.6394244446 0.8151699956717591
3.3400000000000007 0.25932068960922644 297.8161747848145 0.2098062824351455 -771590.0869448831 0.8143104472007567
3.350000000000001 0.2596036686127425 296.91150169911674 0.21140866068885542 -767934.0782510092 0.8134507890609528
3.3600000000000008 0.259887538592594 296.00704682562866 0.2130169642745059 -764286.670761377 0.8125910349203096
3.370000000000001 0.26017229957549287 295.10282528264446 0.21463117864489786 -760647.9211266923 0.8117311983938528
3.380000000000001 0.26045795158302154 294.19885211466294 0.21625128912945685 -757017.8851798486 0.810871293043385
3.390000000000001 0.26074449463159655 293.29514229208183 0.21787728093545689 -753396.6179539905 0.8100113323772034
3.400000000000001 0.26103192873243203 292.3917107108977 0.21950913914924547 -749784.1736562323 0.8091513298498219
3.410000000000001 0.261320253891503 291.48857219241205 0.221146848737469 -746180.6057354058 0.8082912988616969
3.420000000000001 0.261609470109509 290.5857414829429 0.2227903945482991 -742585.9668488244 0.8074312527589582
3.430000000000001 0.26189957738183794 289.68323325354254 0.22443976131265933 -739000.3087761161 0.8065712048331432
3.440000000000001 0.2621905756985295 288.7810620997207 0.2260949336454525 -735423.6826094594 0.8057111683209358
3.450000000000001 0.26248246504423906 287.8792425411742 0.22775589604678825 -731856.1385421638 0.8048511564039104
3.460000000000001 0.26277524539820163 286.97778902152174 0.22942263290321102 -728297.7260773676 0.8039911822082777
3.470000000000001 0.26306891673419575 286.0767159080449 0.23109512848892796 -724748.49387846 0.8031312588046376
3.480000000000001 0.2633634790205075 285.1760374914348 0.2327733669670373 -721208.4898204423 0.8022713992077344
3.490000000000001 0.2636589322198946 284.2757679855446 0.2344573323907563 -717677.7610383297 0.8014116163762164
3.500000000000001 0.2639552762895508 283.3759215271477 0.2361470087046495 -714156.3538468125 0.800551923212401
3.510000000000001 0.26425251118106985 282.47651217570177 0.2378423797458564 -710644.3137982022 0.7996923325620421
3.520000000000001 0.2645506368404102 281.5775539131185 0.23954342924531918 -707141.6856604838 0.7988328572141032
3.5300000000000007 0.2648496532078593 280.67906064353895 0.24125014082900986 -703648.513476026 0.7979735099005341
3.540000000000001 0.2651495602179983 279.781046193115 0.24296249801915704 -700164.8404642498 0.797114303296051
3.5500000000000007 0.26545035779966647 278.883524309796 0.24468048423547203 -696690.7091125876 0.7962552500179232
3.560000000000001 0.26575204587592627 277.9865086631214 0.24640408279637455 -693226.1611722044 0.7953963626257605
3.5700000000000007 0.266054624364028 277.0900128440193 0.2481332769202174 -689771.2375455223 0.7945376536213078
3.580000000000001 0.26635809317537484 276.19405036461006 0.24986804972651047 -686325.9784658656 0.7936791354482419
3.5900000000000007 0.266662452215488 275.2986346580158 0.251608384237144 -682890.423368345 0.7928208204919736
3.600000000000001 0.2669677013839717 274.40377907817606 0.2533542633776104 -679464.6109970234 0.791962721079453
3.6100000000000008 0.26727384057447856 273.509496899668 0.25510566997822554 -676048.5792662394 0.7911048494789799
3.620000000000001 0.2675808696746751 272.6158013175334 0.2568625867753484 -672642.3654032486 0.7902472179000173
3.630000000000001 0.267888788566207 271.7227054471101 0.2586249964125998 -669246.0058624784 0.7893898384930095
3.640000000000001 0.268197597124665 270.83022232387 0.2603928814420795 -665859.5364068735 0.7885327233492048
3.650000000000001 0.26850729521955036 269.93836490326163 0.2621662243255824 -662482.9919997236 0.7876758845004806
3.660000000000001 0.26881788271424084 269.0471460605593 0.2639450074358124 -659116.4069754713 0.7868193339191751
3.670000000000001 0.2691293594659566 268.15657859071683 0.2657292130575956 -655759.8148112065 0.7859630835179205
3.680000000000001 0.26944172532572647 267.26667520822707 0.26751882338909116 -652413.248384978 0.7851071451494818
3.690000000000001 0.2697549801383538 266.3774485469872 0.2693138205430007 -649076.7397862545 0.7842515306065988
3.700000000000001 0.27006912374238323 265.488911160169 0.2711141865477758 -645750.3203865902 0.7833962516218336
3.710000000000001 0.2703841559700667 264.60107552009475 0.2729199033488238 -642434.0208735507 0.7825413198674194
3.720000000000001 0.2707000766473304 263.7139540181187 0.27473095280971127 -639127.871227565 0.7816867469551164
3.730000000000001 0.27101688559374126 262.8275589645136 0.27654731671336547 -635831.9007020113 0.7808325444360693
3.740000000000001 0.2713345826224739 261.94190258836267 0.278368976763274 -632546.1378858923 0.7799787238006699
3.750000000000001 0.2716531675402775 261.05699703745694 0.28019591458468196 -629270.6105784652 0.7791252964784231
3.760000000000001 0.2719726401474431 260.17285437819805 0.28202811172578685 -626005.3459627815 0.7782722738378178
3.770000000000001 0.2722930002377706 259.2894865955062 0.28386554965893107 -622750.3705565749 0.7774196671862005
3.7800000000000007 0.2726142475985363 258.4069055927332 0.285708209781792 -619505.7101178103 0.7765674877696533
3.790000000000001 0.27293638201046055 257.525123191581 0.28755607341856976 -616271.3897677097 0.7757157467728765
3.8000000000000007 0.2732594032476751 256.64415113202534 0.2894091218211719 -613047.4339459534 0.7748644553190736
3.810000000000001 0.2735833110776912 255.7640010722447 0.29126733617039596 -609833.8663804871 0.7740136244698418
3.8200000000000007 0.27390810526136733 254.88468458855417 0.293130697577109 -606630.7101327158 0.7731632652250648
3.830000000000001 0.2742337855528776 254.0062131753447 0.2949991870834244 -603437.9876348681 0.7723133885228112
3.8400000000000007 0.2745603516996797 253.12859824502735 0.2968727856638754 -600255.7206530075 0.7714640052392343
3.850000000000001 0.2748878034424835 252.25185112798263 0.29875147422658677 -597083.9302705586 0.7706151261884787
3.8600000000000008 0.2752161405152195 251.37598307251497 0.30063523361444194 -593922.6369245467 0.7697667621225879
3.870000000000001 0.2755453626450077 250.50100524481215 0.3025240446062483 -590771.860436932 0.7689189237314173
3.880000000000001 0.2758754695521263 249.6269287289098 0.30441788791789876 -587631.6198998896 0.7680716216425509
3.890000000000001 0.27620646094998086 248.75376452666083 0.30631674420353017 -584501.9338295542 0.7672248664212211
3.900000000000001 0.2765383365450734 247.88152355770984 0.30822059405667845 -581382.8200790888 0.766378668570232
3.910000000000001 0.2768710960369719 247.0102166594725 0.3101294180114305 -578274.2958407761 0.7655330385298877
3.920000000000001 0.27720473911827964 246.13985458711971 0.31204319654357254 -575176.3777348608 0.7646879866779233
3.930000000000001 0.2775392654746049 245.2704480135668 0.3139619100717349 -572089.0817114526 0.7638435233294394
3.940000000000001 0.277874674784531 244.40200752946745 0.3158855389585335 -569012.4231056958 0.7629996587368411
3.950000000000001 0.2782109667195861 243.5345436432124 0.31781406351170755 -565946.4166320688 0.7621564030897796
3.960000000000001 0.2785481409442136 242.66806678093315 0.31974746398525355 -562891.0763930746 0.761313766515099
3.970000000000001 0.2788861971157423 241.8025872865101 0.32168572058055567 -559846.4159311906 0.7604717590767844
3.980000000000001 0.2792251348843571 240.93811542158568 0.3236288134475124 -556812.4480944853 0.7596303907759159
3.990000000000001 0.2795649538930695 240.07466136558216 0.3255767226856589 -553789.1851538155 0.7587896715506244
4.000000000000001 0.2799056537776889 239.2122352157239 0.3275294283452862 -550776.6388542969 0.7579496112760522
4.010000000000001 0.2802472341667932 238.35084698706447 0.32948691042855566 -547774.8202597225 0.7571102197643161
4.020000000000001 0.28058969468170036 237.49050661251835 0.33144914889060983 -544783.7398863713 0.7562715067644754
4.030000000000001 0.2809330349364397 236.63122394289704 0.33341612364067924 -541803.4076558148 0.7554334819625012
4.040000000000001 0.28127725453772356 235.77300874694993 0.3353878145431848 -538833.832918092 0.7545961549812513
4.050000000000001 0.2816223530849192 234.91587071140955 0.3373642014188361 -535875.024430959 0.753759535380448
4.0600000000000005 0.28196833017002054 234.0598194410413 0.33934526404572574 -532926.9903874343 0.7529236326566581
4.070000000000001 0.2823151853776207 233.2048644586977 0.34133098216041885 -529989.7384320503 0.7520884562432777
4.080000000000001 0.28266291828488405 232.35101520537705 0.34332133545903865 -527063.2756267163 0.7512540155105203
4.090000000000001 0.28301152846151895 231.49828104028643 0.3453163035983475 -524147.60847990983 0.7504203197654072
4.1000000000000005 0.2833610154697505 230.64667124090906 0.34731586619682325 -521242.74292996916 0.7495873782517625
4.110000000000001 0.28371137886429343 229.79619500307604 0.34932000283573167 -518348.68441664794 0.7487552001502105
4.120000000000001 0.2840626181923253 228.94686144104227 0.3513286930601935 -515465.4377659138 0.7479237945781769
4.130000000000001 0.28441473299345993 228.0986795875668 0.35334191638024753 -512593.0073010401 0.7470931705898936
4.140000000000001 0.28476772279972073 227.25165839399725 0.35535965227190885 -509731.39679784037 0.7462633371764051
4.150000000000001 0.2851215871355147 226.40580673035845 0.35738188017822226 -506880.60953734047 0.7454343032655812
4.160000000000001 0.2854763255176063 225.56113338544532 0.359408579510311 -504040.6482398875 0.7446060777221293
4.170000000000001 0.2858319374550916 224.71764706691974 0.36143972964842086 -501211.51508609904 0.7437786693476127
4.180000000000001 0.28618842244937265 223.87535640141166 0.3634753099429591 -498393.21175138874 0.7429520868804707
4.190000000000001 0.28654577999413205 223.0342699346242 0.3655152997155288 -495585.73941329867 0.7421263389960426
4.200000000000001 0.2869040095753078 222.19439613144266 0.367559678259958 -492789.0987452888 0.741301434306594
4.210000000000001 0.2872631106710683 221.35574337604774 0.3696084248433241 -490003.28987105965 0.740477381361347
4.220000000000001 0.2876230827517875 220.51831997203254 0.3716615187069732 -487228.3124790027 0.7396541886465129
4.230000000000001 0.28798392528002037 219.68213414252355 0.37371893906753423 -484464.1656797329 0.7388318645853285
4.240000000000001 0.2883456377104786 218.84719403030556 0.375780665117928 -481710.8481549522 0.7380104175380946
4.250000000000001 0.2887082194900063 218.0135076979503 0.37784667602837146 -478968.358104424 0.7371898558022194
4.260000000000001 0.2890716700575563 217.18108312794908 0.37991695094737615 -476236.6931901313 0.7363701876122619
4.270000000000001 0.28943598884416627 216.34992822284897 0.38199146900274206 -473515.85062449967 0.7355514211399812
4.280000000000001 0.28980117527293536 215.52005080539297 0.3840702093025458 -470805.82717708015 0.7347335644943873
4.290000000000001 0.2901672287590009 214.69145861866372 0.3861531509361238 -468106.61910536344 0.7339166257217945
4.300000000000001 0.29053414870951544 213.864159326231 0.3882402729750497 -465418.2222092973 0.7331006128058791
4.3100000000000005 0.29090193452362373 213.03816051230282 0.39033155447410706 -462740.6318367383 0.732285533667739
4.320000000000001 0.2912705855924404 212.21346968188007 0.3924269744722561 -460073.8428668628 0.7314713961659551
4.330000000000001 0.2916401012990275 211.3900942609148 0.39452651199359523 -457417.84975058754 0.730658208096659
4.340000000000001 0.29201048101837246 210.56804159647203 0.39663014604831703 -454772.6464784544 0.7298459771935994
4.3500000000000005 0.292381724117366 209.7473189568951 0.3987378556336589 -452138.2265902718 0.7290347111282143
4.360000000000001 0.2927538299547808 208.92793353197433 0.400849619734848 -449514.58319448296 0.7282244175097041
4.370000000000001 0.2931267978812497 208.10989243311928 0.40296541732604074 -446901.7089618278 0.7274151038851087
4.380000000000001 0.29350062723924486 207.29320269353437 0.4050852273712566 -444299.5961547486 0.7266067777393865
4.390000000000001 0.2938753173630566 206.47787126839768 0.4072090288253062 -441708.23656598345 0.7257994464954974
4.400000000000001 0.29425086757877283 205.66390503504337 0.4093368006347142 -439127.6216209611 0.7249931175144858
4.410000000000001 0.29462727720425846 204.8513107931471 0.4114685217386361 -436557.74231067917 0.7241877980955695
4.420000000000001 0.2950045455491352 204.04009526491484 0.4136041710697691 -433998.58916222904 0.7233834954762292
4.430000000000001 0.29538267191476153 203.23026509527497 0.41574372755525796 -431450.1523766612 0.7225802168323006
4.440000000000001 0.2957616555942132 202.4218268520733 0.4178871701175945 -428912.42170227447 0.7217779692780704
4.450000000000001 0.2961414958722633 201.6147870262715 0.4200344776755116 -426385.3865015467 0.7209767598663737
4.460000000000001 0.2965221920253634 200.80915203214843 0.42218562914487123 -423869.03574271133 0.7201765955886941
4.470000000000001 0.29690374332162434 200.00492820750472 0.42434060343954666 -421363.3580040887 0.7193774833752669
4.480000000000001 0.2972861490207975 199.20212181387018 0.4264993794722991 -418868.3414856806 0.718579430095184
4.490000000000001 0.2976694083742562 198.40073903671438 0.42866193615564796 -416383.97398397204 0.7177824425565019
4.500000000000001 0.29805352062497764 197.60078598566008 0.43082825240273565 -413910.2429426869 0.716986527506352
4.510000000000001 0.2984384850075247 196.8022686946996 0.4329983071281862 -411447.13542435557 0.7161916916310527
4.520000000000001 0.2988243007480281 196.0051931224141 0.4351720792489581 -408994.6381196511 0.7153979415562249
4.530000000000001 0.29921096706416933 195.20956515219575 0.43734954768519113 -406552.73734768137 0.7146052838469092
4.540000000000001 0.2995984831651628 194.41539059247256 0.43953069136104694 -404121.41908978956 0.7138137250076858
4.550000000000001 0.2999868482517392 193.62267517693616 0.44171548920554426 -401700.66895954544 0.7130232714827959
4.5600000000000005 0.3003760615161288 192.8314245647722 0.4439039201533874 -399290.4722043422 0.7122339296562665
4.570000000000001 0.3007661221420445 192.0416443408935 0.44609596314578925 -396890.813760198 0.7114457058520376
4.580000000000001 0.3011570293046663 191.25334001617588 0.4482915971312877 -394501.678195428 0.7106586063340894
4.590000000000001 0.3015487821706247 190.4665170276966 0.4504908010665566 -392123.04974629695 0.709872637306575
4.6000000000000005 0.3019413798979853 189.68118073897537 0.45269355391721017 -389754.9123152551 0.709087804913953
4.610000000000001 0.3023348216362333 188.89733644021797 0.4548998346586016 -387397.24945853837 0.7083041152411225
4.620000000000001 0.3027291065262583 188.11498934856232 0.4571096222766154 -385050.04444335913 0.7075215743135617
4.630000000000001 0.30312423370033925 187.33414460832714 0.4593228957684535 -382713.2801787548 0.7067401880974664
4.640000000000001 0.30352020228213 186.55480729126293 0.4615396341434156 -380386.9392688466 0.7059599624998929
4.650000000000001 0.3039170113866447 185.77698239680552 0.463759816423673 -378071.00400862197 0.7051809033689014
4.660000000000001 0.3043146601202437 185.00067485233177 0.4659834216450364 -375765.4563841375 0.7044030164937016
4.670000000000001 0.3047131475806199 184.22588951341788 0.46821042885771774 -373470.27808079286 0.7036263076048015
4.680000000000001 0.3051124728567848 183.4526311640998 0.47044081712708546 -371185.4504672735 0.7028507823741563
4.690000000000001 0.30551263502905535 182.680904517136 0.472674565534414 -368910.9546302713 0.7020764464153215
4.700000000000001 0.3059136331690409 181.91071421427245 0.4749116531776266 -366646.77134499006 0.701303305283606
4.710000000000001 0.3063154663396304 181.14206482650977 0.4771520591720326 -364392.88113178813 0.7005313644762281
4.720000000000001 0.3067181335949797 180.3749608543726 0.4793957626510578 -362149.2642004163 0.6997606294324734
4.730000000000001 0.3071216339804994 179.6094067281811 0.48164274276696906 -359915.9004737399 0.6989911055338547
4.740000000000001 0.30752596653284303 178.84540680832447 0.4838929786915926 -357692.7696141015 0.6982227981042723
4.750000000000001 0.30793113027989505 178.08296538553648 0.48614644961702586 -355479.8509898174 0.6974557124101792
4.760000000000001 0.30833712424075954 177.3220866811733 0.48840313475634356 -353277.12373386166 0.6966898536607442
4.770000000000001 0.30874394742574907 176.56277484749285 0.490663013344297 -351084.5667003965 0.6959252270080205
4.780000000000001 0.30915159883637366 175.80503396793662 0.4929260646380076 -348902.1584863968 0.6951618375471134
4.790000000000001 0.3095600774653304 175.04886805741302 0.4951922679176537 -346729.8774072881 0.6943996903163512
4.800000000000001 0.3099693822964927 174.29428106258266 0.4974616024871517 -344567.7015370786 0.693638790297457
4.8100000000000005 0.31037951230490063 173.5412768621457 0.4997340476748305 -342415.6087075418 0.6928791424157227
4.820000000000001 0.310790466456751 172.7898592671308 0.5020095828340998 -340273.5765054453 0.6921207515401844
4.830000000000001 0.3112022437093877 172.0400320211858 0.5042881873441123 -338141.582297262 0.6913636224838
4.840000000000001 0.3116148430112926 171.2917988008704 0.5065698406104194 -336019.60317012377 0.6906077600036271
4.8500000000000005 0.3120282633020765 170.54516321595028 0.508854522065621 -333907.61598283594 0.6898531688010041
4.860000000000001 0.3124425035124705 169.800128809693 0.5111422111700086 -331805.59738931677 0.6890998535217321
4.870000000000001 0.3128575625643175 169.0566990591656 0.5134328874122026 -329713.523802468 0.6883478187562575
4.880000000000001 0.31327343937056434 168.31487737553357 0.5157265303097831 -327631.3714014276 0.6875970690398583
4.890000000000001 0.3136901328352536 167.57466710436177 0.5180231194099145 -325559.1161746061 0.6868476088528297
4.900000000000001 0.3141076418535162 166.83607152591645 0.5203226342899638 -323496.7338931952 0.6860994426206726
4.910000000000001 0.3145259653115642 166.09909385546916 0.5226250545581129 -321444.20008011843 0.6853525747142825
4.920000000000001 0.3149451020866835 165.3637372436018 0.5249303598539645 -319401.4900897837 0.6846070094501407
4.930000000000001 0.3153650510472276 164.6300047765133 0.5272385298491417 -317368.5790264637 0.6838627510905069
4.940000000000001 0.3157858110526106 163.89789947632767 0.5295495442478813 -315345.4418435514 0.6831198038436124
4.950000000000001 0.3162073809533014 163.16742430140343 0.5318633827876215 -313332.05326589465 0.6823781718638551
4.960000000000001 0.3166297595908178 162.43858214664422 0.5341800252395826 -311328.3878496382 0.6816378592519963
4.970000000000001 0.31705294579772064 161.7113758438109 0.5364994514093421 -309334.4199432299 0.6808988700553581
4.980000000000001 0.3174769383976088 160.98580816183488 0.5388216411374029 -307350.12370096234 0.6801612082680226
4.990000000000001 0.3179017362051141 160.26188180713254 0.5411465742997563 -305375.47309250233 0.6794248778310318
5.000000000000001 0.3183273380258963 159.53959942392106 0.5434742308084379 -303410.4419482003 0.6786898826325896
5.010000000000001 0.31875374265663897 158.81896359453526 0.5458045906120781 -301455.00387802767 0.6779562265082639
5.020000000000001 0.3191809488850451 158.09997683974564 0.5481376336964454 -299509.1323394367 0.6772239132411915
5.030000000000001 0.3196089554898333 157.38264161907753 0.550473340084985 -297572.8006031176 0.676492946562282
5.040000000000001 0.32003776124073413 156.6669603311313 0.55281168983935 -295645.9817843182 0.6757633301504253
5.050000000000001 0.3204673648984868 155.9529353139036 0.5551526630599269 -293728.6488504482 0.6750350676326984
5.0600000000000005 0.32089776521483615 155.24056884510964 0.5574962398863553 -291820.7745872844 0.6743081625845737
5.070000000000001 0.3213289609325297 154.52986314250637 0.5598424004980408 -289922.3316489733 0.6735826185301291
5.080000000000001 0.3217609507853156 153.8208203642168 0.5621911251146626 -288033.29249875795 0.6728584389422587
5.090000000000001 0.3221937334979399 153.1134426090549 0.5645423939966746 -286153.62949018046 0.6721356272428842
5.1000000000000005 0.32262730778614507 152.40773191685184 0.5668961874458002 -284283.31478901097 0.671414186803168
5.110000000000001 0.32306167235666816 151.70369026878254 0.5692524858055213 -282422.3204630698 0.6706941209437268
5.120000000000001 0.3234968259072395 151.00131958769356 0.5716112694615617 -280570.6184099566 0.6699754329348466
5.130000000000001 0.3239327671265817 150.30062173843146 0.5739725188423634 -278728.180401446 0.6692581259966981
5.140000000000001 0.3243694946944089 149.60159852817202 0.576336214419558 -276894.97809444304 0.6685422032995536
5.150000000000001 0.32480700728142614 148.9042517067502 0.5787023367084313 -275070.9829560308 0.6678276679640047
5.160000000000001 0.32524530354932923 148.20858296699075 0.5810708662683824 -273256.1663935775 0.6671145230611806
5.170000000000001 0.325684382150805 147.51459394503965 0.5834417837033767 -271450.4996540967 0.6664027716129673
5.180000000000001 0.3261242417295313 146.822286220696 0.5858150696623927 -269653.953875953 0.6656924165922284
5.190000000000001 0.3265648809201781 146.13166131774454 0.588190704839863 -267866.5000624957 0.6649834609230255
5.200000000000001 0.32700629834840805 145.44272070428894 0.5905686699761099 -266088.10911386914 0.6642759074808406
5.210000000000001 0.3274484926308779 144.75546579308548 0.5929489458577741 -264318.751821675 0.6635697590927987
5.220000000000001 0.3278914623752399 144.06989794187723 0.5953315133182384 -262558.3988714789 0.6628650185378906
5.230000000000001 0.3283352061801438 143.38601845372892 0.597716353238045 -260807.0208277648 0.6621616885471983
5.240000000000001 0.3287797226352385 142.70382857736206 0.6001034465453071 -259064.5881520905 0.6614597718041186
5.250000000000001 0.32922501032117496 142.02332950749067 0.6024927742161149 -257331.07122267783 0.6607592709445902
5.260000000000001 0.3296710678096083 141.34452238515732 0.6048843172749355 -255606.44030384673 0.6600601885573185
5.270000000000001 0.33011789366320105 140.66740829806957 0.607278056795007 -253890.66558310803 0.6593625271840038
5.280000000000001 0.3305654864356262 139.9919882809369 0.609673973898727 -252183.71713069497 0.6586662893195684
5.290000000000001 0.33101384467157086 139.31826331580774 0.6120720497580352 -250485.5649485654 0.657971477412385
5.300000000000001 0.3314629669067397 138.64623433240698 0.6144722655947904 -248796.17894023587 0.6572780938645058
5.3100000000000005 0.3319128516678594 137.97590220847374 0.6168746026811418 -247115.52892677757 0.6565861410318916
5.320000000000001 0.33236349747268257 137.30726777009932 0.6192790423398943 -245443.58465476157 0.6558956212246425
5.330000000000001 0.3328149028299927 136.64033179206538 0.6216855659448686 -243780.315791241 0.6552065367072277
5.340000000000001 0.33326706623960883 135.97509499818244 0.6240941549212551 -242125.69191582772 0.6545188896987175
5.3500000000000005 0.3337199861923908 135.31155806162838 0.6265047907459629 -240479.68255286626 0.6538326823730147
5.360000000000001 0.3341736611702446 134.6497216052872 0.6289174549479623 -238842.25715462997 0.6531479168590864
5.370000000000001 0.3346280896461283 133.9895862020879 0.6313321291086226 -237213.38507617294 0.6524645952411973
5.380000000000001 0.33508327008405775 133.33115237534338 0.6337487948620437 -235593.03565095947 0.6517827195591421
5.390000000000001 0.33553920093911316 132.67442059908947 0.6361674338953827 -233981.17812727153 0.6511022918084801
5.400000000000001 0.3359958806574454 132.019391298424 0.6385880279491739 -232377.78169149632 0.6504233139407678
5.410000000000001 0.33645330767628306 131.36606484984588 0.6410105588176451 -230782.81547198453 0.6497457878637949
5.420000000000001 0.3369114804239393 130.71444158159412 0.6434350083490268 -229196.24855803247 0.6490697154418176
5.430000000000001 0.33737039731981955 130.06452177398697 0.6458613584458566 -227618.0499588425 0.6483950984957947
5.440000000000001 0.33783005677442884 129.41630565976084 0.6482895910652784 -226048.18865300846 0.6477219388036228
5.450000000000001 0.33829045718937995 128.76979342440927 0.6507196882193358 -224486.63355884195 0.647050238100372
5.460000000000001 0.33875159695740154 128.1249852065217 0.6531516319752604 -222933.35356376445 0.6463799980785225
5.470000000000001 0.3392134744623466 127.48188109812216 0.6555854044557545 -221388.31751102765 0.6457112203882004
5.480000000000001 0.33967608807920135 126.84048114500784 0.6580209878392689 -219851.49419198476 0.645043906637415
5.490000000000001 0.34013943617409403 126.20078534708749 0.6604583643602747 -218322.85235879195 0.6443780583922953
5.500000000000001 0.3406035171043043 125.56279365871951 0.6628975163095309 -216802.36074192097 0.6437136771773281
5.510000000000001 0.3410683292182729 124.92650598905001 0.6653384260343453 -215289.9880227157 0.6430507644755941
5.520000000000001 0.3415338708556114 124.29192220235046 0.6677810759388321 -213785.70286107762 0.6423893217290069
5.530000000000001 0.3420001403471122 123.6590421183552 0.6702254484841619 -212289.47388455906 0.64172935033855
5.540000000000001 0.3424671360147591 123.02786551259862 0.672671526188809 -210801.26969106772 0.6410708516645158
5.550000000000001 0.34293485617173775 122.398392116752 0.6751192916287919 -209321.05886227926 0.6404138270267423
5.5600000000000005 0.34340329912244677 121.77062161896012 0.6775687274379093 -207848.80993464167 0.639758277704853
5.570000000000001 0.34387246316250863 121.1445536641774 0.6800198163079709 -206384.49144352216 0.6391042049384947
5.580000000000001 0.3443423465787814 120.52018785450377 0.6824725409890233 -204928.0718958867 0.6384516099275759
5.590000000000001 0.34481294764937015 119.89752374952015 0.6849268842895706 -203479.5197959543 0.6378004938325059
5.6000000000000005 0.3452842646436392 119.27656086662341 0.6873828290767903 -202038.80362871606 0.6371508577744336
5.610000000000001 0.3457562958222241 118.65729868136106 0.6898403582767437 -200605.8918602754 0.6365027028354858
5.620000000000001 0.34622903943704425 118.03973662776532 0.6922994548745824 -199180.75293965262 0.635856030059007
5.630000000000001 0.34670249373131556 117.42387409868692 0.6947601019147488 -197763.35531827607 0.6352108404497975
5.640000000000001 0.34717665693956357 116.80971044612818 0.6972222825011718 -196353.66743403728 0.6345671349743527
5.650000000000001 0.34765152728763665 116.19724498157578 0.6996859797974587 -194951.65772936743 0.6339249145611023
5.660000000000001 0.3481271029927195 115.58647697633289 0.7021511770270812 -193557.29463344315 0.6332841801006488
5.670000000000001 0.3486033822633469 114.97740566185078 0.7046178574735567 -192170.54657831407 0.6326449324460065
5.680000000000001 0.349080363299418 114.3700302300599 0.7070860044806254 -190791.3820142972 0.6320071724128409
5.690000000000001 0.3495580442922102 113.76434983370027 0.7095556014524224 -189419.76936763906 0.6313709007797067
5.700000000000001 0.350036423424394 113.1603635866514 0.7120266318536443 -188055.67708933091 0.6307361182882876
5.710000000000001 0.3505154988700477 112.55807056426154 0.7144990792097131 -186699.07361834816 0.6301028256436336
5.720000000000001 0.35099526879467235 111.95746980367622 0.7169729271069327 -185349.92740601837 0.6294710235144012
5.730000000000001 0.3514757313552074 111.35856030416622 0.7194481591926434 -184008.20693387187 0.6288407125330904
5.740000000000001 0.35195688470004566 110.76134102745483 0.7219247591753699 -182673.88066982623 0.6282118932962839
5.750000000000001 0.35243872696904976 110.16581089804446 0.724402710824966 -181346.9171079944 0.6275845663648851
5.760000000000001 0.3529212562935677 109.57196880354242 0.7268819979727538 -180027.2847516582 0.6269587322643564
5.770000000000001 0.3534044707964493 108.97981359498617 0.7293626045116591 -178714.95213748992 0.6263343914849564
5.780000000000001 0.35388836859206296 108.38934408716763 0.7318445143963421 -177409.88779807606 0.6257115444819782
5.790000000000001 0.35437294778631195 107.80055905895686 0.7343277116433233 -176112.06030452217 0.6250901916759868
5.800000000000001 0.35485820647665195 107.21345725362495 0.7368121803311057 -174821.43823503322 0.6244703334530565
5.8100000000000005 0.35534414275210796 106.62803737916602 0.7392979046002917 -173537.99019963044 0.6238519701650075
5.820000000000001 0.35583075469329206 106.04429810861855 0.7417848686536965 -172261.68483446087 0.6232351021296435
5.830000000000001 0.35631804037242093 105.46223808038583 0.7442730567564569 -170992.49079796058 0.6226197296309876
5.840000000000001 0.356805997853334 104.88185589855553 0.7467624532361354 -169730.37678237335 0.6220058529195192
5.8500000000000005 0.3572946251915116 104.30315013321848 0.7492530424828205 -168475.3114953983 0.6213934722124097
5.860000000000001 0.35778392043409346 103.72611932078658 0.7517448089492228 -167227.26368100324 0.6207825876937589
5.870000000000001 0.35827388161989737 103.15076196430978 0.7542377371507663 -165986.20214315967 0.6201731995148295
5.880000000000001 0.3587645067794381 102.57707653379221 0.7567318116656763 -164752.0956767469 0.6195653077942835
5.890000000000001 0.35925579393494667 102.0050614665074 0.7592270171350628 -163524.9131454799 0.618958912618416
5.900000000000001 0.35974774110038954 101.43471516731253 0.7617233382629996 -162304.62342847168 0.6183540140413906
5.910000000000001 0.36024034628148843 100.86603600896181 0.7642207598165998 -161091.19545357136 0.6177506120854731
5.920000000000001 0.36073360747574007 100.29902233241884 0.7667192666260864 -159884.59818943046 0.6171487067412655
5.930000000000001 0.36122752267243624 99.73367244716809 0.76921884358486 -158684.800630305 0.6165482979679402
5.940000000000001 0.36172208985268417 99.16998463152527 0.7717194756495619 -157491.77184223797 0.6159493856934717
5.950000000000001 0.36221730698942706 98.60795713294688 0.774221147840133 -156305.48090469843 0.6153519698148706
5.960000000000001 0.36271317204746467 98.04758816833863 0.7767238452398691 -155125.89695973066 0.6147560501984152
5.970000000000001 0.3632096829834746 97.4888759243629 0.7792275529954729 -153952.98919782246 0.6141616266798842
5.980000000000001 0.3637068377460332 96.93181855774512 0.7817322563171003 -152786.7268316999 0.6135686990647874
5.990000000000001 0.364204634275637 96.37641419557919 0.7842379404784054 -151627.07915077603 0.6129772671285975
6.000000000000001 0.36470307050472456 95.82266093563179 0.7867445908165797 -150474.01548170953 0.61238733061698
6.010000000000001 0.36520214435769816 95.27055684664565 0.789252192732388 -149327.50520879318 0.6117988892460244
6.020000000000001 0.3657018537509458 94.72009996864175 0.7917607316902013 -148187.51775314417 0.6112119427024733
6.030000000000001 0.3662021965928637 94.17128831322039 0.7942701932180254 -147054.02261106393 0.6106264906439514
6.040000000000001 0.36670317078387843 93.62411986386124 0.7967805629075253 -145926.98931852993 0.6100425326991951
6.050000000000001 0.3672047742164701 93.07859257622222 0.7992918264140474 -144806.3874748715 0.6094600684682803
6.0600000000000005 0.36770700477519475 92.5347043784373 0.8018039694566365 -143692.1867276342 0.6088790975228505
6.070000000000001 0.36820986033670783 91.99245317141313 0.8043169778180502 -142584.35679158487 0.608299619406344
6.080000000000001 0.36871333876978735 91.4518368291246 0.8068308373447698 -141482.86743106347 0.6077216336342205
6.090000000000001 0.36921743793535755 90.91285319890916 0.8093455339470069 -140387.6884797469 0.6071451396941876
6.1000000000000005 0.3697221556865124 90.37550010176007 0.8118610535987072 -139298.78983048667 0.6065701370464266
6.110000000000001 0.37022748986853976 89.83977533261843 0.8143773823375506 -138216.1414317947 0.6059966251238176
6.120000000000001 0.37073343831894545 89.30567666066406 0.816894506264948 -137139.71330617438 0.6054246033321642
6.130000000000001 0.37123999886747744 88.77320182960517 0.8194124115460343 -136069.47552159618 0.6048540710504172
6.140000000000001 0.3717471693361506 88.24234855796685 0.8219310844096586 -135005.39823057433 0.6042850276308989
6.150000000000001 0.3722549475392713 87.71311453937837 0.8244505111483705 -133947.45164757586 0.6037174723995253
6.160000000000001 0.37276333128346234 87.18549744285922 0.8269706781184041 -132895.6060459043 0.6031514046560291
6.170000000000001 0.37327231836768804 86.659494913104 0.8294915717396568 -131849.8317687845 0.6025868236741807
6.180000000000001 0.37378190658327964 86.13510457076602 0.8320131784956674 -130810.09923334193 0.6020237287020098
6.190000000000001 0.3742920937139607 85.61232401273968 0.8345354849335885 -129776.37891779294 0.6014621189620264
6.200000000000001 0.37480287753587294 85.09115081244163 0.8370584776641579 -128748.64138430616 0.6009019936514396
6.210000000000001 0.37531425581760175 84.57158252009063 0.8395821433616649 -127726.8572546772 0.600343351942378
6.220000000000001 0.3758262263202027 84.05361666298624 0.8421064687639152 -126710.99722779563 0.5997861929821078
6.230000000000001 0.37633878679722743 83.53725074578611 0.8446314406721911 -125701.03207477553 0.5992305158932509
6.240000000000001 0.37685193499475034 83.0224822507821 0.8471570459512102 -124696.93263270336 0.5986763197740028
6.250000000000001 0.3773656686513949 82.50930863817513 0.8496832715290801 -123698.66982511875 0.598123603698348
6.260000000000001 0.3778799854983607 81.99772734634858 0.8522101043972499 -122706.21465387603 0.597572366716278
6.270000000000001 0.3783948832594503 81.48773579214067 0.8547375316104597 -121719.53818416303 0.597022607854005
6.280000000000001 0.37891035965109626 80.97933137111526 0.8572655402866866 -120738.61155891095 0.5964743261141774
6.290000000000001 0.37942641238238867 80.47251145783156 0.8597941176070872 -119763.40600498446 0.5959275204760939
6.300000000000001 0.3799430391551024 79.96727340611235 0.8623232508159387 -118793.89283069334 0.5953821898959166
6.3100000000000005 0.380460237663725 79.46361454931105 0.8648529272205756 -117830.04341597005 0.594838333306884
6.320000000000001 0.3809780055954843 78.96153220057731 0.8673831341913244 -116871.82922579335 0.5942959496195224
6.330000000000001 0.38149634063037635 78.46102365312142 0.8699138591614357 -115919.22179101694 0.5937550377218579
6.340000000000001 0.382015240441194 77.96208618047721 0.8724450896270128 -114972.19274542986 0.593215596479626
6.3500000000000005 0.38253470269355466 77.46471703676386 0.8749768131469384 -114030.71378896524 0.5926776247364827
6.360000000000001 0.3830547250459292 76.96891345694603 0.8775090173427977 -113094.75671850191 0.5921411213142123
6.370000000000001 0.38357530514967036 76.47467265709295 0.8800416898987997 -112164.29339624352 0.5916060850129368
6.380000000000001 0.3840964406490417 75.98199183463603 0.8825748185616954 -111239.29577134017 0.5910725146113225
6.390000000000001 0.38461812918124644 75.49086816862504 0.8851083911406933 -110319.73588926643 0.590540408866788
6.400000000000001 0.38514036837645665 75.00129881998305 0.8876423955073727 -109405.5858753207 0.59000976651571
6.410000000000001 0.3856631558578425 74.51328093175995 0.8901768195955939 -108496.81792591617 0.5894805862736281
6.420000000000001 0.38618648924160165 74.02681162938457 0.8927116514014067 -107593.40434301167 0.5889528668354498
6.430000000000001 0.3867103661369889 73.54188802091548 0.8952468789829554 -106695.31750533186 0.588426606875655
6.440000000000001 0.3872347841463459 73.05850719729038 0.897782490460382 -105802.5298778974 0.587901805048498
6.450000000000001 0.38775974086513093 72.57666623257414 0.9003184740157272 -104915.01401356852 0.5873784599882108
6.460000000000001 0.3882852338819491 72.09636218420538 0.9028548178928276 -104032.7425574115 0.5868565703092044
6.470000000000001 0.38881126077858225 71.61759209324171 0.9053915103972127 -103155.68823425593 0.586336134606269
6.480000000000001 0.3893378191300195 71.14035298460367 0.9079285398959974 -102283.82386923341 0.5858171514547748
6.490000000000001 0.38986490650448763 70.66464186731706 0.9104658948177738 -101417.12236572544 0.5852996194108706
6.500000000000001 0.3903925204634815 70.19045573475408 0.9130035636524997 -100555.55671958554 0.5847835370116827
6.510000000000001 0.3909206585617951 69.71779156487297 0.9155415349513848 -99699.10001920388 0.5842689027755125
6.520000000000001 0.39144931834755203 69.24664632045622 0.9180797973267759 -98847.7254463403 0.5837557152020325
6.530000000000001 0.3919784973622369 68.7770169493475 0.9206183394520383 -98001.40626877025 0.5832439727724834
6.540000000000001 0.3925081931407261 68.30890038468702 0.9231571500614358 -97160.11584706343 0.5827336739498687
6.550000000000001 0.3930384032113192 67.84229354514565 0.925696217950009 -96323.82763069456 0.5822248171791493
6.5600000000000005 0.39356912509577047 67.37719333515747 0.92823553197345 -95492.51516683417 0.5817174008874367
6.570000000000001 0.39410035630932017 66.91359664515102 0.9307750810479768 -94666.15208664816 0.5812114234841861
6.580000000000001 0.39463209436072627 66.45150035177909 0.9333148541502043 -93844.71212338089 0.5807068833613884
6.590000000000001 0.39516433675229634 65.9909013181471 0.9358548403170137 -93028.16910313228 0.5802037788937608
6.6000000000000005 0.39569708097991924 65.53179639404009 0.9383950286454201 -92216.49693269822 0.579702108438938
6.610000000000001 0.39623032453309726 65.07418241614822 0.9409354082924377 -91409.66962616265 0.5792018703376601
6.620000000000001 0.3967640648949782 64.61805620829097 0.9434759684749432 -90607.66128579827 0.5787030629139628
6.630000000000001 0.3972982995423876 64.16341458163977 0.9460166984695372 -89810.4461128678 0.578205684475364
6.640000000000001 0.39783302594586123 63.710254334939364 0.948557587612404 -89017.99839694677 0.5777097333130519
6.650000000000001 0.3983682415696774 63.25857225472763 0.9510986252991693 -88230.292529527 0.577215207702069
6.660000000000001 0.39890394387188954 62.808365115554054 0.9536398009847555 -87447.30298659176 0.5767221059015
6.670000000000001 0.39944013030435915 62.35962968019674 0.9561811041832361 -86669.00435012358 0.5762304261546539
6.680000000000001 0.39997679831278826 61.912362699878024 0.9587225244676877 -85895.37129252884 0.5757401666892488
6.690000000000001 0.40051394533675255 61.46656091447865 0.9612640514700403 -85126.37858643488 0.5752513257175936
6.700000000000001 0.40105156880973436 61.02222105275053 0.963805674880926 -84362.00109278312 0.5747639014367713
6.710000000000001 0.40158966615915576 60.5793398325281 0.966347384449526 -83602.21377919994 0.574277892028818
6.720000000000001 0.4021282348064118 60.1379139609382 0.9688891699834151 -82846.9916990008 0.5737932956609043
6.730000000000001 0.4026672721669039 59.69794013460859 0.9714310213484061 -82096.31001199936 0.5733101104855143
6.740000000000001 0.40320677565007307 59.259415039875016 0.9739729284683907 -81350.14396794746 0.5728283346406235
6.750000000000001 0.4037467426594337 58.82233535298688 0.9765148813251804 -80608.46891559874 0.5723479662498768
6.760000000000001 0.404287170592607 58.38669774031145 0.9790568699583445 -79871.2603020781 0.5718690034227645
6.770000000000001 0.40482805684135476 57.95249885853666 0.9815988844650474 -79138.49367171587 0.5713914442547985
6.780000000000001 0.4053693987916131 57.519735354872545 0.9841409149998839 -78410.14466775417 0.5709152868276872
6.790000000000001 0.40591119382352653 57.0884038672512 0.9866829517747129 -77686.18902824857 0.5704405292095092
6.800000000000001 0.4064534393114817 56.65850102452534 0.98922498505849 -76966.60258758056 0.569967169454886
6.8100000000000005 0.40699613262414164 56.23002344666544 0.9917670051770981 -76251.36128307694 0.5694952056051557
6.820000000000001 0.40753927112447985 55.80296774495548 0.9943090025131773 -75540.44114944978 0.5690246356885426
6.830000000000001 0.40808285216981455 55.37733052218727 0.9968509675059521 -74833.81831622816 0.5685554577203284
6.840000000000001 0.408626873111843 54.95310837285336 0.9993928906510585 -74131.46900655223 0.5680876697030224
6.8500000000000005 0.4091713312966758 54.53029788333853 1.0019347625003687 -73433.36955823147 0.567621269626529
6.860000000000001 0.4097162240648716 54.1088956321099 1.0044765736618153 -72739.49639167592 0.5671562554683164
6.870000000000001 0.41026154875147147 53.68889818990562 1.0070183147992136 -72049.82603534214 0.5666926251935831
6.880000000000001 0.4108073026860335 53.27030211992216 1.0095599766320822 -71364.33510950355 0.5662303767554242
6.890000000000001 0.4113534831926676 52.85310397800018 1.0121015499354635 -70683.00034188916 0.5657695080949965
6.900000000000001 0.4119000875900704 52.43730031280905 1.0146430255397416 -70005.79854370962 0.5653100171416825
6.910000000000001 0.41244711319155974 52.022887666029916 1.0171843943304597 -69332.70664148158 0.5648519018132543
6.920000000000001 0.4129945573051099 51.60986257253741 1.0197256472481364 -68663.70165023975 0.5643951600160356
6.930000000000001 0.4135424172333865 51.19822156057994 1.02226677528808 -67998.76068945511 0.5639397896450635
6.940000000000001 0.4140906902737813 50.78796115195863 1.0248077695002027 -67337.86097063594 0.5634857885842492
6.950000000000001 0.4146393737184479 50.379077862204845 1.027348620988832 -66680.97980892377 0.563033154706538
6.960000000000001 0.4151884648543362 49.9715682007563 1.0298893209125233 -66028.09462003746 0.5625818858740681
6.970000000000001 0.4157379609632281 49.56542867113189 1.0324298604838684 -65379.182915808786 0.5621319799383285
6.980000000000001 0.41628785932177276 49.16065577110502 1.0349702309693063 -64734.22230498778 0.5616834347403165
6.990000000000001 0.4168381572015217 48.75724599287564 1.0375104236889297 -64093.190497625554 0.5612362481106936
7.000000000000001 0.4173888518689644 48.355195823240884 1.0400504300162925 -63456.06530444659 0.5607904178699413
7.010000000000001 0.4179399405855638 47.95450174376433 1.042590241378216 -62822.82462773441 0.5603459418285152
7.020000000000001 0.4184914206077915 47.55516023094391 1.0451298492545928 -62193.446479544335 0.5599028177869987
7.030000000000001 0.41904328918716377 47.157167756378456 1.0476692451781913 -61567.908958389766 0.5594610435362559
7.040000000000001 0.4195955435702769 46.76052078693286 1.050208420734458 -60946.19026878252 0.5590206168575835
7.050000000000001 0.42014818099884277 46.36521578490191 1.05274736756132 -60328.26871482381 0.5585815355228613
7.0600000000000005 0.4207011987097247 45.971249208172786 1.0552860773489852 -59714.12269461411 0.5581437972947025
7.070000000000001 0.4212545939349733 45.57861751038613 1.0578245418397427 -59103.73070534387 0.5577073999266031
7.080000000000001 0.42180836390186194 45.187317141095875 1.060362752827762 -58497.07134572562 0.5572723411630897
7.090000000000001 0.4223625058329229 44.79734454592765 1.0629007021588905 -57894.12331027863 0.5568386187398673
7.1000000000000005 0.4229170169459831 44.40869616673589 1.065438381730452 -57294.865390474544 0.5564062303839654
7.110000000000001 0.42347189445419997 44.021368441759606 1.067975783491042 -56699.27648043166 0.5559751738138845
7.120000000000001 0.42402713556609745 43.6353578057768 1.070512899440324 -56107.335567549686 0.5555454467397396
7.130000000000001 0.42458273748560205 43.25066069025758 1.0730497216288242 -55519.02173850018 0.5551170468634046
7.140000000000001 0.42513869741207866 42.86727352351597 1.0755862421577256 -54934.31417838147 0.5546899718786558
7.150000000000001 0.4256950125403668 42.485192730860334 1.0781224531786613 -54353.19217221353 0.5542642194713132
7.160000000000001 0.4262516800608166 42.10441473474256 1.080658346893507 -53775.635097195045 0.5538397873193823
7.170000000000001 0.4268086971593249 41.7249359549059 1.0831939155541725 -53201.62243178556 0.553416673093194
7.180000000000001 0.4273660610173714 41.3467528085315 1.0857291514623937 -52631.133749993256 0.552994874455544
7.190000000000001 0.42792376881205485 40.96986171038364 1.088264046969522 -52064.148722627346 0.552574389061832
7.200000000000001 0.42848181771612914 40.59425907295368 1.090798594476314 -51500.64712318791 0.5521552145601987
7.210000000000001 0.4290402048980397 40.21994130660272 1.0933327864327222 -50940.60881155659 0.5517373485916632
7.220000000000001 0.4295989275219594 39.84690481970293 1.0958666153376808 -50384.013754634856 0.5513207887902585
7.230000000000001 0.43015798274782513 39.47514601877764 1.0984000737388957 -49830.84201063171 0.5509055327831667
7.240000000000001 0.4307173677313739 39.104661308640175 1.1009331542326304 -49281.07373535655 0.5504915781908534
7.250000000000001 0.4312770796241792 38.73544709253133 1.1034658494634932 -48734.689181154565 0.5500789226272007
7.260000000000001 0.43183711557368715 38.36749977225565 1.1059981521242228 -48191.66869550105 0.5496675636996404
7.270000000000001 0.4323974727232529 38.00081574831643 1.1085300549554742 -47651.992722560855 0.5492574990092844
7.280000000000001 0.43295814821217704 37.63539142004943 1.1110615507456028 -47115.641800120175 0.5488487261510568
7.290000000000001 0.4335191391757418 37.27122318575538 1.1135926323304497 -46582.5965660427 0.5484412427138226
7.300000000000001 0.43408044274524754 36.90830744283118 1.116123292593125 -46052.83775275158 0.5480350462805177
7.3100000000000005 0.4346420560480489 36.5466405878999 1.1186535244637914 -45526.34618169852 0.5476301344282761
7.320000000000001 0.4352039762075913 36.18621901693953 1.1211833209194468 -45003.1027764144 0.5472265047285584
7.330000000000001 0.4357662003434474 35.82703912541047 1.123712674983707 -44483.088551752924 0.5468241547472769
7.340000000000001 0.43632872557135305 35.46909730838183 1.1262415797265872 -43966.28461794131 0.5464230820449223
7.3500000000000005 0.43689154900324434 35.11238996065648 1.1287700282642845 -43452.672179889254 0.5460232841766879
7.360000000000001 0.43745466774729336 34.75691347689487 1.131298013758958 -42942.23253968726 0.5456247586925936
7.370000000000001 0.4380180789079448 34.4026642517377 1.1338255294185102 -42434.947087624954 0.545227503137609
7.380000000000001 0.43858177958595246 34.04963867992726 1.136352568496367 -41930.79730876207 0.5448315150517755
7.390000000000001 0.4391457668784154 33.69783315642773 1.1388791242912573 -41429.7647885694 0.5444367919703279
7.400000000000001 0.43971003787881435 33.347244076544094 1.1414051901469935 -40931.83119753829 0.5440433314238144
7.410000000000001 0.4402745896770482 32.997867836040044 1.14393075945225 -40436.97830407897 0.5436511309382174
7.420000000000001 0.4408394193594702 32.64970083125457 1.146455825640343 -39945.18796940105 0.5432601880350707
7.430000000000001 0.4414045240089243 32.302739459217406 1.1489803821890079 -39456.44214273619 0.5428705002315787
7.440000000000001 0.44196990070478176 31.95698011776333 1.1515044226201785 -38970.72287201688 0.5424820650407335
7.450000000000001 0.442535546522977 31.612419205645235 1.1540279404997646 -38488.01229427586 0.5420948799714308
7.460000000000001 0.44310145853604427 31.269053122646085 1.1565509294374303 -38008.29263764336 0.5417089425285857
7.470000000000001 0.44366763381315394 30.92687826968969 1.1590733830863706 -37531.54622430269 0.5413242502132474
7.480000000000001 0.44423406942014854 30.58589104895032 1.1615952951430897 -37057.755468030795 0.5409408005227129
7.490000000000001 0.4448007624195792 30.24608786396118 1.1641166593471772 -36586.90287018403 0.5405585909506401
7.500000000000001 0.44536770987074203 29.907465119721746 1.1666374694810853 -36118.971027488835 0.5401776189871603
7.510000000000001 0.4459349088297139 29.57001922280395 1.169157719369905 -35653.94262478733 0.5397978821189893
7.520000000000001 0.44650235634938923 29.23374658145724 1.1716774028811432 -35191.80043805733 0.539419377829538
7.530000000000001 0.4470700494795157 28.898643605712518 1.1741965139244983 -34732.52733560202 0.5390421035990225
7.540000000000001 0.4476379852667306 28.564706707484948 1.1767150464516365 -34276.106274770835 0.5386660569045729
7.550000000000001 0.4482061607545971 28.23193230067566 1.1792329944559674 -33822.52029728956 0.5382912352203414
7.5600000000000005 0.4487745729836402 27.900316801272336 1.1817503519724202 -33371.752541041235 0.5379176360176097
7.570000000000001 0.4493432189913828 27.569856627448697 1.1842671130772189 -32923.78623119709 0.5375452567648958
7.580000000000001 0.44991209581238184 27.24054819966289 1.1867832718876583 -32478.60468100911 0.5371740949280596
7.590000000000001 0.45048120047826434 26.912387940754783 1.1892988225618788 -32036.1912957521 0.5368041479704078
7.6000000000000005 0.45105053001776346 26.585372276042186 1.191813759298642 -31596.52956103757 0.5364354133527984
7.610000000000001 0.45162008145675425 26.25949763341597 1.194328076337106 -31159.603057485005 0.5360678885337438
7.620000000000001 0.45218985181828986 25.934760443434136 1.1968417679566004 -30725.395454488054 0.5357015709695137
7.630000000000001 0.4527598381226373 25.61115713941479 1.1993548284764008 -30293.890503756913 0.5353364581142365
7.640000000000001 0.45333003738731337 25.288684157528085 1.2018672522555054 -29865.072048642243 0.5349725474200011
7.650000000000001 0.4539004466271204 24.96733793688708 1.204379033692408 -29438.924017232035 0.5346098363369564
7.660000000000001 0.45447106285418226 24.64711491963757 1.2068901672248746 -29015.43042597829 0.5342483223134111
7.670000000000001 0.4550418830779798 24.32801155104685 1.2094006473297174 -28594.57537396749 0.5338880027959331
7.680000000000001 0.45561290430538703 24.01002427959146 1.2119104685225697 -28176.343049262876 0.533528875229446
7.690000000000001 0.4561841235407063 23.693149557043892 1.2144196253576613 -27760.717729075583 0.5331709370573281
7.700000000000001 0.4567555377857044 23.37738383855826 1.2169281124275935 -27347.68376946215 0.5328141857215068
7.710000000000001 0.4573271440396477 23.062723582754966 1.2194359243631132 -26937.22561681052 0.5324586186625566
7.720000000000001 0.4578989392993382 22.749165251804335 1.2219430558328888 -26529.32779995909 0.5321042333197921
7.730000000000001 0.4584709205591488 22.436705311509254 1.2244495015432848 -26123.97493045137 0.531751027131363
7.740000000000001 0.4590430848110586 22.125340231386804 1.2269552562381372 -25721.15170811904 0.5313989975343476
7.750000000000001 0.4596154290446886 21.815066484748893 1.2294603146985281 -25320.84291755441 0.5310481419648452
7.760000000000001 0.46018795024733705 21.505880548781903 1.2319646717425614 -24923.03342291976 0.5306984578580682
7.770000000000001 0.46076064540401457 21.197778904625345 1.234468322225138 -24527.70817617305 0.5303499426484333
7.780000000000001 0.4613335114974796 20.89075803744955 1.236971261037731 -24134.8522080515 0.5300025937696518
7.790000000000001 0.4619065455082736 20.584814436532376 1.2394734831081615 -23744.450633031294 0.5296564086548193
7.800000000000001 0.4624797444147562 20.27994459533494 1.2419749834003737 -23356.488652442316 0.5293113847365054
7.8100000000000005 0.4630531051931403 19.976145011576413 1.2444757569142113 -22970.951545350552 0.5289675194468404
7.820000000000001 0.46362662481752726 19.67341218730785 1.2469757986851926 -22587.82467516665 0.528624810217605
7.830000000000001 0.46420030025994174 19.371742628985054 1.2494751037842868 -22207.093484961126 0.5282832544803149
7.840000000000001 0.46477412849036676 19.071132847540532 1.2519736673176907 -21828.743500901226 0.5279428496663086
7.8500000000000005 0.4653481064767786 18.77157935845449 1.2544714844266036 -21452.76032839763 0.5276035932068317
7.860000000000001 0.4659222311851816 18.473078681824894 1.256968550287005 -21079.12965372884 0.5272654825331226
7.870000000000001 0.466496499579643 18.17562734243664 1.2594648601094303 -20707.837248147407 0.5269285150764952
7.880000000000001 0.4670709086223276 17.879221869829767 1.2619604091387484 -20338.868954574908 0.5265926882684233
7.890000000000001 0.46764545527353246 17.583858798366773 1.264455192653938 -19972.210702940713 0.5262579995406225
7.900000000000001 0.46822013649172156 17.28953466729904 1.2669492059678649 -19607.8484985935 0.5259244463251322
7.910000000000001 0.46879494923356024 16.996246020832338 1.2694424444270591 -19245.768428663847 0.5255920260543973
7.920000000000001 0.4693698904539497 16.703989408191443 1.2719349034114928 -18885.9566566635 0.5252607361613475
7.930000000000001 0.46994495710606154 16.412761383683865 1.2744265783343582 -18528.3994260001 0.5249305740794783
7.940000000000001 0.47052014614137194 16.1225585067627 1.2769174646418446 -18173.0830575279 0.5246015372429296
7.950000000000001 0.4710954545096961 15.833377342088605 1.2794075578129176 -17819.993950453634 0.5242736230865637
7.960000000000001 0.47167087915922223 15.545214459590895 1.2818968533590969 -17469.118583152293 0.5239468290460438
7.970000000000001 0.47224641703654596 15.258066434527786 1.284385346824235 -17120.44350670786 0.5236211525579111
7.980000000000001 0.47282206508670427 14.971929847545777 1.2868730337842966 -16773.955352885823 0.52329659105966
7.990000000000001 0.4733978202532096 14.686801284738175 1.289359909847137 -16429.64082860893 0.5229731419898155
8.000000000000002 0.47397367947808366 14.402677337702784 1.2918459706522825 -16087.48671624919 0.5226508027880069
8.010000000000002 0.4745496397018914 14.119554603598745 1.2943312118707089 -15747.479876570771 0.5223295708950432
8.020000000000001 0.47512569786377484 13.837429685202551 1.2968156292046225 -15409.607245206716 0.5220094437529859
8.030000000000001 0.4757018509014867 13.556299190963223 1.2992992183872398 -15073.855831173383 0.521690418805223
8.040000000000001 0.4762780957514241 13.276159735056678 1.301781975182568 -14740.212721365528 0.5213724934965411
8.05 0.4768544293486621 12.99700793743927 1.3042638953851864 -14408.665074003675 0.521055665273197
8.06 0.4774308486269874 12.71884042390052 1.3067449748200262 -14079.2001214119 0.5207399315829891
8.07 0.47800735051893156 12.441653826115054 1.3092252093421535 -13751.805174668387 0.5204252898753278
8.08 0.4785839319558043 12.165444781693733 1.31170459483655 -13426.467613719315 0.5201117376013054
8.090000000000002 0.479160589867727 11.890209934233987 1.3141831272178954 -13103.174894297435 0.5197992722137653
8.100000000000001 0.4797373211836659 11.615945933369378 1.3166608024303494 -12781.914545137657 0.5194878911673712
8.110000000000001 0.48031412283146496 11.342649434818366 1.319137616447335 -12462.674167103527 0.5191775919186739
8.120000000000001 0.48089099173787914 11.070317100432309 1.3216135652713206 -12145.441431803432 0.5188683719261801
8.13 0.4814679248286073 10.798945598242693 1.3240886449336042 -11830.20408475742 0.5185602286504178
8.14 0.48204491902832497 10.528531602507597 1.3265628514940966 -11516.949943348724 0.5182531595540036
8.15 0.4826219712607174 10.259071793757403 1.3290361810411055 -11205.66689666462 0.5179471621017073
8.16 0.48319907844851195 9.990562858839757 1.3315086296911198 -10896.342902049311 0.5176422337605177
8.170000000000002 0.4837762375135112 9.723001490963773 1.3339801935885947 -10588.96599080332 0.5173383719997058
8.180000000000001 0.4843534453766249 9.456384389743512 1.3364508689057357 -10283.524263584866 0.5170355742908899
8.190000000000001 0.4849306989579029 9.19070826124072 1.3389206518422856 -9980.00589030627 0.5167338381080973
8.2 0.4855079951765675 8.925969818006834 1.3413895386253087 -9678.399112060451 0.5164331609278282
8.21 0.48608533095104545 8.662165779124273 1.3438575255089784 -9378.692237593927 0.5161335402291166
8.22 0.4866627031990004 8.399292870247002 1.3463246087743626 -9080.873646158061 0.5158349734935921
8.23 0.48724010883736507 8.137347823640402 1.348790784729211 -8784.931786473984 0.5155374582055405
8.24 0.48781754478237316 7.876327378220413 1.3512560497077433 -8490.855172378591 0.515240991851964
8.25 0.48839500794959134 7.616228279591992 1.3537204000704346 -8198.63238991972 0.5149455719226413
8.26 0.48897249525395114 7.3570472800868725 1.356183832203806 -7908.252090362564 0.5146511959101858
8.27 0.4895500036097807 7.0987811388006365 1.3586463425202115 -7619.70299371413 0.5143578613101047
8.28 0.4901275299308364 6.8414266216290995 1.3611079274576274 -7332.973886160436 0.5140655656208568
8.29 0.49070507113033474 6.584980501304023 1.3635685834794415 -7048.053621970227 0.5137743063439095
8.3 0.49128262412098345 6.329439557428151 1.3660283070742425 -6764.931122965306 0.5134840809837964
8.31 0.4918601858150131 6.074800576509582 1.3684870947556105 -6483.595373483698 0.513194887048172
8.32 0.4924377531242085 5.821060351995485 1.3709449430619072 -6204.035427135558 0.5129067220478694
8.33 0.49301532295993983 5.568215684305151 1.3734018485560668 -5926.240400207521 0.5126195834969538
8.34 0.49359289223319375 5.316263380862398 1.3758578078253874 -5650.199476144336 0.5123334689127781
8.35 0.4941704578546045 5.065200256127338 1.3783128174813224 -5375.901903604892 0.512048375816036
8.36 0.49474801673448493 4.8150231316274965 1.380766874159273 -5103.336995552235 0.5117643017308168
8.37 0.4953255657828572 4.5657288359883035 1.3832199745183806 -4832.494128092373 0.511481244184657
8.38 0.4959031019094836 4.317314204962954 1.38567211524132 -4563.362743623933 0.5111992007085937
8.39 0.4964806220238974 4.0697760814616455 1.3881232930340923 -4295.932346495209 0.5109181688372165
8.4 0.4970581230354331 3.823111315580205 1.3905735046258192 -4030.1925043228466 0.5106381461087182
8.41 0.4976356018532571 3.577316764628093 1.3930227467685372 -3766.132847722922 0.5103591300649462
8.42 0.49821305538639815 3.3323892931558077 1.395471016236992 -3503.7430712709975 0.5100811182514531
8.43 0.4987904805437774 3.0883257729816886 1.3979183098284345 -3243.012930037843 0.5098041082175457
8.44 0.49936787423423884 2.84512308321812 1.4003646243624148 -2983.932243962314 0.509528097516336
8.45 0.49994523336657926 2.602778110297147 1.4028099566805798 -2726.4908917503058 0.5092530837047877
8.46 0.5005225548495782 2.361287747995503 1.405254303646469 -2470.6788153590282 0.5089790643437666
8.47 0.501099835592028 2.1206488974590605 1.4076976621453114 -2216.486018544067 0.5087060369980873
8.48 0.5016770725027633 1.880858467226703 1.410140029083823 -1963.9025634345328 0.5084339992365612
8.49 0.5022542624906912 1.6419133732536288 1.4125814013900044 -1712.9185735484014 0.5081629486320428
8.5 0.5028314024648203 1.4038105389340898 1.4150217760129393 -1463.5242350050944 0.5078928827614766
8.51 0.5034084893342907 1.166546895123571 1.417461149922593 -1215.7097899854657 0.5076237992059427
8.52 0.5039855200084031 0.9301193801604126 1.4198995201096118 -969.465542757387 0.5073556955507019
8.53 0.5045624913966482 0.6945249398868869 1.4223368835851222 -724.7818570981924 0.5070885693852416
8.54 0.5051394004087356 0.4597605276697265 1.4247732373805315 -481.6491559009555 0.5068224183033192
8.55 0.5057162439546236 0.22582310442011533 1.4272085785473279 -240.05791716582758 0.5065572399030069
8.56 0.5062930189445471 -0.0072903613868553485 1.4296429041568817 0.0013181391592809177 0.5062930317867345
