5 0.31227782959993006 4.010000000000001 0.07302936765832904 0.05383548329191894 -5.242961060318565 -0.0420771828705917
10 0.32958848053382767 5.380000000000001 0.1803029740629252 0.0990686085600486 -10.541940578315302 -0.08036630293658172
15 0.3468165884947162 6.240000000000001 0.28701589235313363 0.13596802948522263 -16.345321983981385 -0.11392403334394695
20 0.363970406436577 6.860000000000001 0.3887758403074011 0.16752923354762395 -22.332081285429467 -0.14454584401736964
25 0.38105689795293146 7.3100000000000005 0.4787204629820429 0.19358872675918495 -28.921309981873584 -0.1713607569322241
30 0.39808200274165767 7.690000000000001 0.5677109726596785 0.21823097704875927 -35.04297580363892 -0.1981324306709575
35 0.41505083568880446 7.960000000000001 0.6395441411364988 0.23750508128267275 -42.365309935722834 -0.22019621768787118
40 0.4319678387949707 8.2 0.7100915342772764 0.25598583319374385 -49.55589715745109 -0.24228936300654158
45 0.4488368989164049 8.4 0.7758185170942359 0.27302115749039796 -56.397930786818584 -0.2636338074867315
50 0.4656614402759296 8.55 0.8291771382742769 0.28667950982738394 -64.6798763261259 -0.2814972085360732
55 0.4824444980520434 8.68 0.8798625878519782 0.29964744232540735 -72.63355118072828 -0.29912941270257415
60 0.49918877757129154 8.79 0.9257522197601604 0.31133026086774923 -81.07895608839688 -0.3155969748664882
65 0.5158967024032244 8.88 0.9671278555072336 0.32194847696717843 -89.55836374436166 -0.33114484708298186
70 0.5325704537993295 8.96 1.0065673166532425 0.3320857679213988 -97.92777391835449 -0.34647465912830067
75 0.5492120033069339 9.02 1.0385572638830838 0.3403606611788455 -107.74349425680991 -0.35945791705000013
80 0.5658231399482551 9.09 1.0755687183617155 0.34977577548197003 -116.35228948976277 -0.37446673317155316
85 0.5824054930320675 9.13 1.1016313037270165 0.35668179147479073 -126.68573444475061 -0.3860525104011532
90 0.598960551426189 9.17 1.1296065105773632 0.36414411840294203 -135.67444550896383 -0.39883463654548096
95 0.6154896799395609 9.21 1.1570762208373973 0.37137937996871967 -144.98925353687892 -0.41148741208676165
100 0.6319941333266711 9.23 1.1763901712839895 0.37676030071271055 -156.0978473436595 -0.42139252536134186
105 0.6484750683229228 9.26 1.1996143910574177 0.38295357570680943 -166.35852366463948 -0.43278568805811357
110 0.6649335540390803 9.28 1.2190622453392874 0.3883232141046695 -177.23642172141788 -0.44303164449680105
115 0.6813705809801968 9.29 1.2343416418066684 0.3927671118195529 -189.16221439877037 -0.4518690594878717
120 0.6977870689051455 9.3 1.2505038266140762 0.3974820536836779 -200.08058590150677 -0.46136713775819094
125 0.7141838737038582 9.31 1.2658068256029344 0.4019140614386889 -211.72479113245637 -0.47046129904383494
130 0.730561793438266 9.32 1.2806989415971162 0.40620623645726334 -223.6570200866 -0.4794184730638919
135 0.7469215736679694 9.32 1.2923080094672037 0.4098883475413909 -235.7395057372783 -0.4874656963043274
140 0.7632639121614916 9.33 1.3064158301312818 0.4139188826425861 -248.23720698005422 -0.4961506160771123
145 0.779589463077589 9.33 1.3172638985967846 0.4173559355889056 -260.8755150419615 -0.5039206559047364
150 0.7958988406876953 9.33 1.3283869857409716 0.42088012420945786 -272.8681583588934 -0.5119832915942844
155 0.812192622699583 9.33 1.337894812088006 0.4238925409049359 -286.97030754116486 -0.5190546574848526
160 0.8284713532332407 9.32 1.344234980103099 0.42635830673908454 -301.21117223718704 -0.5252215844358527
165 0.844735545492436 9.32 1.3537495414400553 0.4293760918146364 -314.93759422430986 -0.5324719743837178
170 0.8609856841691496 9.31 1.361152773117085 0.43218793596048183 -326.87781608226373 -0.5395621781334902
175 0.8772222276128187 9.31 1.370021185780156 0.4350037998662808 -341.1166700613036 -0.5465437091097866
180 0.8934456097919086 9.3 1.376229750051573 0.43744498477244115 -354.49560414823907 -0.5529608053656713
185 0.9096562420716032 9.29 1.3807028353215498 0.43933919633187835 -371.0455868021924 -0.5581750602792397
190 0.9258545148282533 9.28 1.385452395091724 0.44132555914016885 -386.90052286062047 -0.5636535943061923
195 0.9420407989185385 9.28 1.3928456119198203 0.44368061338964243 -403.18820749512514 -0.569852118397075
200 0.9582154470190059 9.27 1.3984580703309972 0.44594896874365714 -416.5843315731714 -0.5761296080772195
205 0.9743787948496976 9.26 1.4033672537080353 0.4479977164692202 -431.20879648517604 -0.5819437315275094
210 0.9905311622938923 9.25 1.4072360286646919 0.44971840469567337 -448.10801663454515 -0.5870093852378863
215 1.0066728544245416 9.24 1.4116904198099136 0.4516301685865357 -463.2187592949149 -0.5925998490372778
220 1.0228041624467308 9.23 1.4144371126286532 0.4529991535984556 -482.7121856241846 -0.5968775332693299
225 1.0389253645644103 9.22 1.4188559365478877 0.4549072193742729 -497.2778721413284 -0.6025630958173817
230 1.0550367267787057 9.21 1.4226930618820852 0.45663272452802217 -513.111251656756 -0.6078398653136041
235 1.0711385036242929 9.19 1.423190147804743 0.45778637825592 -530.0652454158052 -0.6118998346464276
240 1.0872309388496104 9.18 1.4256825883818942 0.45908765331710316 -549.5866687787191 -0.616152693293062
245 1.1033142660460604 9.17 1.42992380076834 0.46095550701813187 -562.8939339325917 -0.621947073376205
250 1.119388709230794 9.16 1.4321156846323444 0.4621660886953664 -582.9278980354386 -0.6260388788065621
255 1.135454483387199 9.15 1.435069360626403 0.46362542734575884 -599.9393473994016 -0.6308381879485103
260 1.1515117949667832 9.14 1.4364414619504517 0.46457644361435235 -622.7277983785015 -0.6342884696309481
265 1.1675608423557706 9.12 1.4371772809367707 0.4658337533711802 -636.6972445105929 -0.6388335853570984
270 1.1836018163093935 9.11 1.4388807925451599 0.4668978637566336 -657.7898610495229 -0.6426499383596804
275 1.1996349003565783 9.1 1.441516098872183 0.46826700021687767 -674.6111964107079 -0.6473552283136895
280 1.2156602711774476 9.09 1.441989557010815 0.46893611438292016 -700.8105786404024 -0.6501117559241802
285 1.231678098955844 9.07 1.442131266680116 0.47001633783367397 -715.6189703355572 -0.6542876230216531
290 1.2476885477088617 9.06 1.4434179048561724 0.47095492087171176 -737.7710364042923 -0.6578564118251045
295 1.263691775595195 9.05 1.4459917053401787 0.4723160144048031 -753.1560188071367 -0.6626867096040562
300 1.2796879352039443 9.04 1.4470686055375213 0.4731906336409654 -775.8099449607911 -0.6661282747975238
305 1.29567717382537 9.02 1.4466568293526132 0.4741048876750028 -791.3864897406486 -0.6699429360023879
310 1.3116596337049593 9.01 1.4471270093461515 0.4747853467428328 -816.9441093309581 -0.6728498152893547
315 1.3276354522820388 9.0 1.448360032389619 0.4757178758606825 -837.9677661399663 -0.6765361201958323
320 1.3436047624140754 8.99 1.4494971189660133 0.47662093392074045 -859.2306622706652 -0.6801611064470817
325 1.359567692587691 8.97 1.447869968481747 0.477147404356709 -880.5321859191764 -0.6828847899031669
330 1.3755243671173496 8.96 1.4488323159713115 0.4779974317449658 -902.2714230388243 -0.6863914438867813
335 1.3914749063325789 8.95 1.4489753361151707 0.47857874488342483 -929.2399496058607 -0.6890818763224756
340 1.4074194267545281 8.94 1.4501439507782015 0.47950047866853146 -948.9787042303473 -0.6928614082826091
345 1.4233580412625935 8.92 1.448569373758848 0.48005377931997595 -968.7114475065629 -0.6957315128907002
350 1.439290859251789 8.91 1.449209668852219 0.4808049912292168 -991.4003575156862 -0.6990169169653868
355 1.455217986781478 8.9 1.4497742399158633 0.4815327400291331 -1014.3261363875058 -0.7022499356718138
360 1.4711395267160425 8.89 1.449623487032418 0.4820242687772053 -1042.6651680692248 -0.7047335862015854
365 1.4870555788580166 8.87 1.4477604219091882 0.48249023553497217 -1063.2843069622115 -0.7073791639245456
370 1.5029662400741697 8.86 1.4481274798023298 0.4831572731215204 -1086.9365437027932 -0.7104675446988068
375 1.518871604414995 8.85 1.4484278531504184 0.4838035441809742 -1110.824500151651 -0.7135077427074368
380 1.5347717632280156 8.84 1.4486636748053923 0.4844296914593155 -1134.9479059506746 -0.716500767953275
385 1.5506668052652954 8.83 1.4491197156179227 0.48513098112630243 -1156.6248715410416 -0.7197699200667496
390 1.5665568167855175 8.81 1.4463724090665437 0.4853104789025406 -1183.6840921022865 -0.7215096503067949
395 1.5824418816509542 8.8 1.44616380255953 0.4857918934830866 -1211.2291418084112 -0.7240545446244585
400 1.5983220814196446 8.79 1.447225579713426 0.48670163316852844 -1225.3585562796777 -0.7281049258919001
405 1.6141974954330625 8.78 1.4469006439247596 0.487146562755112 -1253.356640104278 -0.7305605247604542
410 1.6300682008995417 8.77 1.4465345989375975 0.4875786504623099 -1281.624791446795 -0.7329833254051227
415 1.6459342729737088 8.75 1.443830728501584 0.4877796480863221 -1307.148453621278 -0.7348306478687436
420 1.6617957848321503 8.74 1.4429071405766998 0.4880253690595271 -1341.5575538395556 -0.7366043232182625
425 1.6776528077455364 8.73 1.4433737731308502 0.4887423970684739 -1359.3374944670175 -0.7400834846701865
430 1.6935054111473964 8.72 1.4430742061118649 0.48920132842111586 -1385.7817947927383 -0.7426520413585681
435 1.7093536626997359 8.71 1.4425059208883422 0.48957011367279046 -1415.3258769563129 -0.7449046192208439
440 1.7251976283556725 8.7 1.4423400489237501 0.49007647817497396 -1439.3689270186017 -0.747677171428677
445 1.741037372419252 8.69 1.4419081767651507 0.4904935228574272 -1466.5113626723119 -0.7501351841105838
450 1.7568729576025992 8.67 1.439147485295469 0.4906837257894813 -1490.734176562244 -0.7519900148280462
455 1.7727044450805471 8.66 1.438432017146741 0.49100611144192285 -1521.2634348936865 -0.7541115823309743
460 1.7885318945428812 8.65 1.4380854856754182 0.4914553239384926 -1546.1413186747498 -0.756725839084986
465 1.8043553642443197 8.64 1.4373021368589798 0.491756124330487 -1577.1712366256402 -0.7587869104044379
470 1.8201749110523548 8.63 1.436298664479739 0.4919822218542229 -1611.4641690239473 -0.7605681009047531
475 1.8359905904930611 8.62 1.4358380411850014 0.49239500436147937 -1637.0200709946812 -0.7630808216093576
480 1.8518024567949778 8.61 1.435334294109897 0.49279394000707466 -1662.7694849709635 -0.7655551393417357
485 1.8676105629311623 8.6 1.434430490462308 0.4930562921038798 -1694.8161516382006 -0.7675046066766429
490 1.8834149606595088 8.59 1.4335013217052472 0.4933105261420067 -1727.1297836973704 -0.7694295145858844
495 1.8992157005614143 8.57 1.430624811364983 0.49346957284197684 -1750.2098549603936 -0.7712139430136782
500 1.9150128320788804 8.56 1.4296429041568817 0.49370696821326554 -1783.0032030177808 -0.77308327808417
